{
    "3": [
        {
            "cam_R_m2c": [
                0.375846822979332,
                -0.926581921645738,
                0.013607753054759374,
                -0.8831303494819267,
                -0.3625930518915275,
                -0.29767033790933345,
                0.2807498068016011,
                0.09986090380134081,
                -0.954571605902409
            ],
            "cam_t_m2c": [
                43.20297195319931,
                96.5218130735611,
                734.7112993778011
            ],
            "obj_id": 1
        },
        {
            "cam_R_m2c": [
                0.9996765402986851,
                -0.024414532153508257,
                0.007127529521392337,
                -0.02118022465010207,
                -0.9542811500601235,
                -0.2981601127420529,
                0.014081138979709083,
                0.2979124596330723,
                -0.954489128959533
            ],
            "cam_t_m2c": [
                77.0075913633439,
                33.91101100338218,
                753.6245336721395
            ],
            "obj_id": 3
        },
        {
            "cam_R_m2c": [
                0.1325505319368261,
                0.9910750235673806,
                0.01416783302205495,
                0.9551892446386703,
                -0.12390840589780026,
                -0.26881360811541183,
                -0.26465867213625155,
                0.049164335346242226,
                -0.9630878819758834
            ],
            "cam_t_m2c": [
                -116.59937008121278,
                76.44145851351185,
                747.2848662904588
            ],
            "obj_id": 13
        },
        {
            "cam_R_m2c": [
                0.27272608685694627,
                -0.9619572532180048,
                0.016086739332527064,
                -0.9202439621665509,
                -0.2657045177512561,
                -0.2873198923866514,
                0.2806635388391323,
                0.06355580334166096,
                -0.957699456022572
            ],
            "cam_t_m2c": [
                -82.54541271780508,
                -56.15940048757388,
                777.0553876323262
            ],
            "obj_id": 14
        },
        {
            "cam_R_m2c": [
                0.2816880834052501,
                -0.9592420745330686,
                0.022506189932244642,
                -0.9200412197095217,
                -0.27668557424166096,
                -0.2774343197447824,
                0.2723535718379559,
                0.0574432185955592,
                -0.9604808282583488
            ],
            "cam_t_m2c": [
                -118.42616549744348,
                6.988083810478734,
                763.141569302002
            ],
            "obj_id": 15
        },
        {
            "cam_R_m2c": [
                -0.8827864306480875,
                -0.4697394087808435,
                0.0057497708091217145,
                -0.4511267759784428,
                0.8442666662178102,
                -0.2893077850429356,
                0.13104477522203317,
                -0.257990656488876,
                -0.9572187302067137
            ],
            "cam_t_m2c": [
                -31.221952857031113,
                130.34405208429268,
                731.990218405602
            ],
            "obj_id": 16
        },
        {
            "cam_R_m2c": [
                0.692199566847943,
                -0.7216333133096448,
                -0.010255980750449433,
                -0.6938747097792508,
                -0.6615301522149393,
                -0.28445791377575946,
                0.1984894943267174,
                0.20401780712717119,
                -0.9586335389284839
            ],
            "cam_t_m2c": [
                -22.744604703741246,
                29.495789828399218,
                755.5364550937721
            ],
            "obj_id": 17
        },
        {
            "cam_R_m2c": [
                -0.5422149221590148,
                -0.8052160635448711,
                0.24006275650510453,
                -0.8313409698079797,
                0.4726389451636592,
                -0.2923785048898011,
                0.12196468766206413,
                -0.3581057788485201,
                -0.9256805487447615
            ],
            "cam_t_m2c": [
                44.73657113549975,
                -63.05137036361518,
                792.9012891924696
            ],
            "obj_id": 18
        }
    ],
    "13": [
        {
            "cam_R_m2c": [
                0.9565298853932473,
                -0.29163269063767905,
                -0.0006138094992724632,
                -0.27847293554885055,
                -0.9127391264127662,
                -0.2989326196548706,
                0.08661857545290107,
                0.28610860862500864,
                -0.954273623205986
            ],
            "cam_t_m2c": [
                -40.19828918707367,
                105.59108505731159,
                730.5211815116629
            ],
            "obj_id": 1
        },
        {
            "cam_R_m2c": [
                0.6612636377404161,
                0.7501473234192713,
                0.0029728724099528222,
                0.7223064779683731,
                -0.6356413263744481,
                -0.2724592211776615,
                -0.20249444163813538,
                0.18231483964640272,
                -0.9621623410981128
            ],
            "cam_t_m2c": [
                30.75053162408948,
                89.1970831363007,
                736.7241032802035
            ],
            "obj_id": 3
        },
        {
            "cam_R_m2c": [
                -0.661125851257428,
                0.7502480437647195,
                -0.006318921562417858,
                0.7191107742661629,
                0.6312408282876427,
                -0.29054308858418704,
                -0.2139907114979281,
                -0.19662912694189186,
                -0.9568406454100674
            ],
            "cam_t_m2c": [
                -124.306126366089,
                -24.908079769314952,
                776.9960700025
            ],
            "obj_id": 13
        },
        {
            "cam_R_m2c": [
                0.9158384381813419,
                -0.4009753312990016,
                0.021404569382375307,
                -0.37925842792282755,
                -0.8812881343542629,
                -0.2819483244675016,
                0.13191817177351262,
                0.2501008890308839,
                -0.9591903995255731
            ],
            "cam_t_m2c": [
                -0.39733626774438463,
                -85.51686237544486,
                787.4114469943067
            ],
            "obj_id": 14
        },
        {
            "cam_R_m2c": [
                0.9204881437272247,
                -0.3904743570993914,
                0.015191140258211855,
                -0.3716735391181512,
                -0.8868486397632721,
                -0.2745156903244188,
                0.120663837258709,
                0.2470419263118125,
                -0.9614622201760546
            ],
            "cam_t_m2c": [
                -71.2054909307125,
                -70.55586489325619,
                786.5946593062348
            ],
            "obj_id": 15
        },
        {
            "cam_R_m2c": [
                -0.20185773286367661,
                -0.9793638012417144,
                0.009971094915239079,
                -0.9349010625045607,
                0.1896387528045481,
                -0.29999622219771505,
                0.29191425913606195,
                -0.06987887399098111,
                -0.9538878758721046
            ],
            "cam_t_m2c": [
                -112.585302184636,
                71.55155266183634,
                747.6036019650414
            ],
            "obj_id": 16
        },
        {
            "cam_R_m2c": [
                0.9976188810264598,
                0.06867272694252571,
                -0.006329691520936843,
                0.06365984746229754,
                -0.9522993517797098,
                -0.29845262704815995,
                -0.02652293408061084,
                0.2973388440855812,
                -0.9544030596219852
            ],
            "cam_t_m2c": [
                -28.345687438419525,
                13.565244171071326,
                759.1981039044309
            ],
            "obj_id": 17
        },
        {
            "cam_R_m2c": [
                0.31802836837552917,
                -0.9316120219780698,
                0.17594436585427528,
                -0.935577769775826,
                -0.3384232882940755,
                -0.10081921949309464,
                0.15346801839391383,
                -0.1325465834105615,
                -0.9792231789651942
            ],
            "cam_t_m2c": [
                91.082810467687,
                4.519099244439715,
                773.0339079409357
            ],
            "obj_id": 18
        }
    ],
    "21": [
        {
            "cam_R_m2c": [
                0.9258399604008878,
                0.37787166179114895,
                -0.005728430117562424,
                0.3590669582096011,
                -0.8842903598311008,
                -0.298500004131081,
                -0.11786042957131712,
                0.2743066727694217,
                -0.9543921198038015
            ],
            "cam_t_m2c": [
                -92.01765699581414,
                63.66975479228632,
                742.533717630154
            ],
            "obj_id": 1
        },
        {
            "cam_R_m2c": [
                0.03151818157754262,
                0.9994091994567466,
                0.013685687601642283,
                0.9559893935616398,
                -0.026146834754809632,
                -0.2922351674836426,
                -0.29170502494745904,
                0.022294084126283167,
                -0.9562482389851176
            ],
            "cam_t_m2c": [
                -27.520043719927827,
                97.26746011695793,
                733.2703799128426
            ],
            "obj_id": 3
        },
        {
            "cam_R_m2c": [
                -0.9897460288796605,
                0.1426675041389659,
                -0.006943482441631866,
                0.13830612923038377,
                0.9450777917794624,
                -0.296142116084983,
                -0.03568777485547854,
                -0.2940661641584781,
                -0.9551183281948642
            ],
            "cam_t_m2c": [
                -69.4541754888857,
                -86.95416667128077,
                795.0647003553156
            ],
            "obj_id": 13
        },
        {
            "cam_R_m2c": [
                0.9622831322008963,
                0.27198738755910534,
                0.005785845296901324,
                0.26255752251180886,
                -0.9229307603289679,
                -0.28153710394433157,
                -0.07123470828173227,
                0.2724378463381443,
                -0.9595325782996115
            ],
            "cam_t_m2c": [
                65.62605977256615,
                -57.53088000456317,
                777.9908349406961
            ],
            "obj_id": 14
        },
        {
            "cam_R_m2c": [
                0.9552668604538698,
                0.29566977070879585,
                -0.006636666987420001,
                0.2816710823842208,
                -0.9164203110039467,
                -0.2843167287895424,
                -0.09014593433426925,
                0.26972932309713343,
                -0.9587071179996385
            ],
            "cam_t_m2c": [
                0.9588036470354122,
                -89.01655854808467,
                791.7673700842677
            ],
            "obj_id": 15
        },
        {
            "cam_R_m2c": [
                0.4715895632461272,
                -0.8818164296610608,
                -0.001585463201363503,
                -0.8438533413967708,
                -0.4507640769054765,
                -0.29107397167356325,
                0.2559594488161295,
                0.13860551953288294,
                -0.9566989155643878
            ],
            "cam_t_m2c": [
                -124.609171775404,
                -5.9128094785503365,
                771.045474853217
            ],
            "obj_id": 16
        },
        {
            "cam_R_m2c": [
                0.7170373987520673,
                0.6967010135772679,
                0.021552248322070616,
                0.6728754999853577,
                -0.6837840898561857,
                -0.28227411374994676,
                -0.18192381380474537,
                0.21690331258955795,
                -0.9590913465465147
            ],
            "cam_t_m2c": [
                -20.634315031613557,
                0.18581170520508972,
                762.6005186583363
            ],
            "obj_id": 17
        },
        {
            "cam_R_m2c": [
                0.8324533582429577,
                -0.5534029020338365,
                0.02767806695242467,
                -0.5514826733785059,
                -0.8323399693813008,
                -0.05547799193273188,
                0.05373947512001826,
                0.030919260463850476,
                -0.9980759574692112
            ],
            "cam_t_m2c": [
                78.95686733036678,
                69.5383878654879,
                754.0061948405063
            ],
            "obj_id": 18
        }
    ],
    "30": [
        {
            "cam_R_m2c": [
                0.3812873226174314,
                0.9243763841280291,
                0.012209478403719455,
                0.8822632458745976,
                -0.3599084922383284,
                -0.3034424040684106,
                -0.2761009673797889,
                0.12647037832067465,
                -0.9527715808688056
            ],
            "cam_t_m2c": [
                -103.469205013585,
                -6.45745953908851,
                764.2567941273649
            ],
            "obj_id": 1
        },
        {
            "cam_R_m2c": [
                -0.7083757186878651,
                0.7058360728154862,
                0.00022458653024399927,
                0.676683866481687,
                0.6792090792498716,
                -0.2842073519438394,
                -0.20075614115070214,
                -0.20117400835902732,
                -0.9587628382050024
            ],
            "cam_t_m2c": [
                -82.26704190103446,
                59.47206809986129,
                745.0137712200518
            ],
            "obj_id": 3
        },
        {
            "cam_R_m2c": [
                -0.7855758384650703,
                -0.618577428560764,
                0.015276024974825126,
                -0.5956750007724095,
                0.7493479263432382,
                -0.28922107447283885,
                0.1674589810635168,
                -0.23630448521415576,
                -0.9571404611668528
            ],
            "cam_t_m2c": [
                26.258122144178696,
                -97.32636910434776,
                799.1852873733226
            ],
            "obj_id": 13
        },
        {
            "cam_R_m2c": [
                0.48580743876068616,
                0.8740612828950249,
                0.0029655516916992164,
                0.8386896880074918,
                -0.46518689197095936,
                -0.2831971233200237,
                -0.24615242169777293,
                0.1400661397601229,
                -0.9590571641499674
            ],
            "cam_t_m2c": [
                97.98350986921514,
                13.898231955808942,
                757.4170375218572
            ],
            "obj_id": 14
        },
        {
            "cam_R_m2c": [
                0.459068814219343,
                0.8883675382481762,
                0.007728180354287392,
                0.8543959668477848,
                -0.43909666610415293,
                -0.2778515805439002,
                -0.24344122633293908,
                0.134155614970427,
                -0.9605929542103766
            ],
            "cam_t_m2c": [
                77.90515151936921,
                -52.85358481019566,
                781.8924821509285
            ],
            "obj_id": 15
        },
        {
            "cam_R_m2c": [
                0.9644668310760202,
                -0.2642003302101925,
                -0.0016434093512944412,
                -0.25280806461903516,
                -0.9210363263389627,
                -0.2962769057352765,
                0.07676244858996378,
                0.28616495144136245,
                -0.9551006981437008
            ],
            "cam_t_m2c": [
                -73.97860514270693,
                -77.63324119691904,
                792.5870076555995
            ],
            "obj_id": 16
        },
        {
            "cam_R_m2c": [
                0.0038164739758438167,
                0.9999055070562465,
                0.013236505063641548,
                0.9596626962914009,
                5.900579560403495e-05,
                -0.28115363110668723,
                -0.281127983146243,
                0.013775175396329522,
                -0.9595715084922934
            ],
            "cam_t_m2c": [
                -6.119928040976942,
                -3.446382446512402,
                765.0467267812313
            ],
            "obj_id": 17
        },
        {
            "cam_R_m2c": [
                0.9700686382705914,
                0.19054453763542326,
                -0.15053373408632317,
                0.17907795306874533,
                -0.9800251959119772,
                -0.08649599498833668,
                -0.16400859408743698,
                0.056949896589748236,
                -0.9848137216393227
            ],
            "cam_t_m2c": [
                15.004284474180267,
                112.28495902810121,
                742.0278483744485
            ],
            "obj_id": 18
        }
    ],
    "39": [
        {
            "cam_R_m2c": [
                -0.38357771958909637,
                0.9234765885250174,
                -0.007727854735276447,
                0.8872895789522534,
                0.36620067516146637,
                -0.2803815144724926,
                -0.25609553146100283,
                -0.11440489457693673,
                -0.9598577409949322
            ],
            "cam_t_m2c": [
                -58.96743538953654,
                -64.6799038741844,
                782.3134487665403
            ],
            "obj_id": 1
        },
        {
            "cam_R_m2c": [
                -0.9999177909096896,
                0.012448247844209049,
                -0.0031700133308734837,
                0.012828542459148726,
                0.9550118084262612,
                -0.2962894045703084,
                -0.0006608210868380906,
                -0.2963054111946984,
                -0.9550931557180412
            ],
            "cam_t_m2c": [
                -91.57749891748671,
                -4.44163908131172,
                763.3718894855821
            ],
            "obj_id": 3
        },
        {
            "cam_R_m2c": [
                -0.1250201693270211,
                -0.9921541580719352,
                -0.0008260786883179088,
                -0.9542656343040642,
                0.12047369338358482,
                -0.2736104918617132,
                0.2715630373608341,
                -0.033418441753446715,
                -0.9618404299476002
            ],
            "cam_t_m2c": [
                101.46603805471285,
                -40.34035545776366,
                783.874678086781
            ],
            "obj_id": 13
        },
        {
            "cam_R_m2c": [
                -0.3022005613680392,
                0.9532247011542102,
                0.006170922322427544,
                0.9164288135405032,
                0.2923047118626647,
                -0.2733417219884003,
                -0.2623595855073483,
                -0.07694878102602391,
                -0.9618974056949623
            ],
            "cam_t_m2c": [
                67.51704174483423,
                85.18746558056276,
                737.0058813810174
            ],
            "obj_id": 14
        },
        {
            "cam_R_m2c": [
                -0.2908088466810423,
                0.956653841480261,
                0.015627986996876123,
                0.9113722766856824,
                0.2819422346257476,
                -0.2998477609622055,
                -0.2912563984993254,
                -0.07295542669561694,
                -0.9538592572350335
            ],
            "cam_t_m2c": [
                103.24943182197808,
                24.81743043168678,
                758.6985684765724
            ],
            "obj_id": 15
        },
        {
            "cam_R_m2c": [
                0.8738214633865831,
                0.4859633194494859,
                0.016621972130039773,
                0.4680743504033396,
                -0.8314132219855536,
                -0.29942942629789143,
                -0.13169189000168727,
                0.26942789376929716,
                -0.9539738597330726
            ],
            "cam_t_m2c": [
                15.15408956164209,
                -93.55371143755073,
                798.1852254834866
            ],
            "obj_id": 16
        },
        {
            "cam_R_m2c": [
                -0.6817568365223358,
                0.7314782836048627,
                0.012154764586946944,
                0.7004024222294792,
                0.6574115881484309,
                -0.27793160011913776,
                -0.21129137269029533,
                -0.18096837967063997,
                -0.9605241713239933
            ],
            "cam_t_m2c": [
                7.6212178275791835,
                3.5014481046412422,
                763.1099961517876
            ],
            "obj_id": 17
        },
        {
            "cam_R_m2c": [
                0.5153568382460019,
                0.8248411153791707,
                -0.23247590973463927,
                0.7797009898840933,
                -0.5638785132046551,
                -0.272225849772136,
                -0.3556310480091884,
                -0.040968480925662576,
                -0.933728228458142
            ],
            "cam_t_m2c": [
                -61.2469153756076,
                101.10530563276299,
                743.6442541755503
            ],
            "obj_id": 18
        }
    ],
    "54": [
        {
            "cam_R_m2c": [
                -0.9907986199765687,
                -0.1352738380204127,
                -0.004393012868373548,
                -0.1280365151672849,
                0.9473235314744879,
                -0.29357299390529384,
                0.04387434380174823,
                -0.2903092362591856,
                -0.9559265612942185
            ],
            "cam_t_m2c": [
                59.98990454814127,
                -53.580364544103176,
                778.4736928371843
            ],
            "obj_id": 1
        },
        {
            "cam_R_m2c": [
                -0.2764806633747288,
                -0.9609788900667514,
                0.008845337797572272,
                -0.9163858216884874,
                0.2608561626920752,
                -0.3036303833316358,
                0.2894750159068725,
                -0.0920536647430241,
                -0.9527488348024885
            ],
            "cam_t_m2c": [
                -11.060832918659848,
                -68.45761281185277,
                782.3895398901243
            ],
            "obj_id": 3
        },
        {
            "cam_R_m2c": [
                0.924694891688333,
                -0.38039757405999275,
                0.01540338959236563,
                -0.35929538473679923,
                -0.8853466431161289,
                -0.2950736809488587,
                0.12588264655136355,
                0.2673187498056979,
                -0.9553503285710042
            ],
            "cam_t_m2c": [
                79.20783287375943,
                102.06301893337624,
                740.5661423529632
            ],
            "obj_id": 13
        },
        {
            "cam_R_m2c": [
                -0.9996378369698935,
                -0.02572295837141891,
                0.007921081333032655,
                -0.026913586532181785,
                0.9523861927993231,
                -0.30370465901456395,
                0.0002682578197746913,
                -0.3038078390427623,
                -0.9527332934582121
            ],
            "cam_t_m2c": [
                -59.207164848999895,
                101.73976307794217,
                729.6755457818172
            ],
            "obj_id": 14
        },
        {
            "cam_R_m2c": [
                -0.9994665622330182,
                -0.03211545948125475,
                -0.005950413783957334,
                -0.028956656659234706,
                0.9555340895452575,
                -0.293456024704022,
                0.015110301696591505,
                -0.2931271650073115,
                -0.9559540501724343
            ],
            "cam_t_m2c": [
                12.784698454885472,
                120.46691460370981,
                729.9953156079206
            ],
            "obj_id": 15
        },
        {
            "cam_R_m2c": [
                -0.23214126440503324,
                0.9723850582881608,
                0.024040539362300987,
                0.9284350936587409,
                0.22888318937100932,
                -0.2926108059695461,
                -0.29003283701347293,
                -0.045606963284131524,
                -0.955929370088288
            ],
            "cam_t_m2c": [
                110.0216756353191,
                10.663812524808352,
                767.9629860333586
            ],
            "obj_id": 16
        },
        {
            "cam_R_m2c": [
                -0.8783044313447237,
                -0.47804618265590104,
                0.0073066403759176465,
                -0.45744185591160563,
                0.8358082488325803,
                -0.3035981684511361,
                0.13902699354329778,
                -0.26999396522416175,
                -0.9527721432850047
            ],
            "cam_t_m2c": [
                9.355369552586192,
                26.965212441965495,
                756.0304346398543
            ],
            "obj_id": 17
        },
        {
            "cam_R_m2c": [
                -0.6737461385939794,
                0.7361476910226233,
                -0.0644433028524525,
                0.6548018928313103,
                0.554319273274179,
                -0.513775192025936,
                -0.3424922119614981,
                -0.3883515780496112,
                -0.8555011044721575
            ],
            "cam_t_m2c": [
                -104.71681716819137,
                -7.925894487937035,
                776.4122201326755
            ],
            "obj_id": 18
        }
    ],
    "62": [
        {
            "cam_R_m2c": [
                -0.6825148993653651,
                -0.7308613303932304,
                -0.003799784554424136,
                -0.6972071279673447,
                0.6526292922715469,
                -0.2966097424974053,
                0.21926056670705893,
                -0.19979127004439926,
                -0.9549918371713928
            ],
            "cam_t_m2c": [
                91.39521244144733,
                4.617573986808741,
                761.4911831437105
            ],
            "obj_id": 1
        },
        {
            "cam_R_m2c": [
                0.3972641763235732,
                -0.9173734785588196,
                0.024624869715486802,
                -0.8770219724123555,
                -0.3874172547509709,
                -0.2841486322755244,
                0.27021050967398796,
                0.09128569100673081,
                -0.9584645832468058
            ],
            "cam_t_m2c": [
                45.32490756970716,
                -50.63368214517716,
                778.9626177959987
            ],
            "obj_id": 3
        },
        {
            "cam_R_m2c": [
                0.9572227085297587,
                0.2893467737552188,
                -0.0015621428816699168,
                0.2756363673758081,
                -0.9134822536774598,
                -0.2992906253271814,
                -0.0880259112956339,
                0.2860572129563397,
                -0.9541613427884778
            ],
            "cam_t_m2c": [
                3.5459165876434167,
                135.8729199538988,
                728.8285815275573
            ],
            "obj_id": 13
        },
        {
            "cam_R_m2c": [
                -0.7453287748738165,
                -0.6664010611813759,
                0.01984844852112739,
                -0.6449791718047222,
                0.7131938413312945,
                -0.274511409336863,
                0.16877906102710197,
                -0.21740302893347285,
                -0.9613795878872311
            ],
            "cam_t_m2c": [
                -105.27748807607529,
                50.88113184137649,
                745.8872229929684
            ],
            "obj_id": 14
        },
        {
            "cam_R_m2c": [
                -0.749598535939632,
                -0.6616925644331733,
                0.01625728434497149,
                -0.6347364552548375,
                0.7116645697129751,
                -0.3010702377297409,
                0.1876463520713472,
                -0.2360008411745539,
                -0.9534640000703294
            ],
            "cam_t_m2c": [
                -62.56069477272691,
                109.08255368020757,
                732.9116831327398
            ],
            "obj_id": 15
        },
        {
            "cam_R_m2c": [
                -0.8148812373110119,
                0.5795248635719539,
                0.010900453497169707,
                0.5542736984565184,
                0.7846002595668379,
                -0.2778186337688758,
                -0.1695552255250304,
                -0.22034749315772642,
                -0.9605723156615438
            ],
            "cam_t_m2c": [
                88.78136234257374,
                83.90391693359871,
                746.2043650384919
            ],
            "obj_id": 16
        },
        {
            "cam_R_m2c": [
                -0.36402443476920043,
                -0.9313725560731517,
                0.005539906814703306,
                -0.8973683695805263,
                0.34912890829565,
                -0.2698872252685579,
                0.24943151635283564,
                -0.10321676389273177,
                -0.9628766181813493
            ],
            "cam_t_m2c": [
                -2.1909228900364255,
                35.220523466368974,
                753.5288399466294
            ],
            "obj_id": 17
        },
        {
            "cam_R_m2c": [
                -0.9829863304633554,
                0.16425615318891734,
                0.08220157028255168,
                0.10302620364999752,
                0.863571511011321,
                -0.49358884992513324,
                -0.15206191677532205,
                -0.4767224448038589,
                -0.8658025453087959
            ],
            "cam_t_m2c": [
                -64.36741029287974,
                -61.846793803049906,
                792.2049075590832
            ],
            "obj_id": 18
        }
    ],
    "67": [
        {
            "cam_R_m2c": [
                -0.3156599668394134,
                -0.94872307237373,
                0.016808322842401906,
                -0.9139200458531279,
                0.29922113271866535,
                -0.2742564399873105,
                0.2551639319246997,
                -0.10193258199321101,
                -0.9615102884224958
            ],
            "cam_t_m2c": [
                86.98890113291301,
                45.76980683757455,
                749.408415424671
            ],
            "obj_id": 1
        },
        {
            "cam_R_m2c": [
                0.7616457062873544,
                -0.6479284468727403,
                0.009149506271980913,
                -0.6213633675256914,
                -0.734279088029609,
                -0.27338899125182337,
                0.18385417786630925,
                0.2025405749641686,
                -0.9618606423650403
            ],
            "cam_t_m2c": [
                69.75086033419845,
                -21.477066022559594,
                771.110914968994
            ],
            "obj_id": 3
        },
        {
            "cam_R_m2c": [
                0.7529253124814056,
                0.6580689046463806,
                0.00692675670473745,
                0.630150224187715,
                -0.7178670614330953,
                -0.2959346816074038,
                -0.18977318218313657,
                0.2271809985201687,
                -0.9551836648504184
            ],
            "cam_t_m2c": [
                -50.84104278403519,
                130.23317205140515,
                731.9768274872938
            ],
            "obj_id": 13
        },
        {
            "cam_R_m2c": [
                -0.4052911391870917,
                -0.9141847328293539,
                -0.0021311064709180552,
                -0.8728611900986613,
                0.3876615800555205,
                -0.29636397092278244,
                0.27175755370178406,
                -0.11825287934160482,
                -0.9550732979503135
            ],
            "cam_t_m2c": [
                -112.58080646070891,
                6.771666621192269,
                757.7702048912
            ],
            "obj_id": 14
        },
        {
            "cam_R_m2c": [
                -0.3991837906161959,
                -0.9168408370778326,
                -0.007371949156546956,
                -0.8763229562632807,
                0.38388244421040685,
                -0.2910190744408583,
                0.269648123140639,
                -0.10970924462169594,
                -0.9566894490955871
            ],
            "cam_t_m2c": [
                -98.31414183753846,
                78.17711141864984,
                740.5597955826181
            ],
            "obj_id": 15
        },
        {
            "cam_R_m2c": [
                -0.9825228229636357,
                0.18605128365180731,
                -0.005743550951687235,
                0.18007449041165868,
                0.9422428997383038,
                -0.2824026345876914,
                -0.04712892747796159,
                -0.27850115530963193,
                -0.9592793716816779
            ],
            "cam_t_m2c": [
                50.10869678225506,
                118.36899564502141,
                736.2002295723233
            ],
            "obj_id": 16
        },
        {
            "cam_R_m2c": [
                0.04393824564705585,
                -0.9989856454835649,
                0.009813596891362771,
                -0.9591783645645423,
                -0.044930436366880974,
                -0.27920933258997455,
                0.2793667357254553,
                0.0028555630339389846,
                -0.9601807075984776
            ],
            "cam_t_m2c": [
                -10.831462539861334,
                35.35328554107299,
                751.925829942371
            ],
            "obj_id": 17
        },
        {
            "cam_R_m2c": [
                -0.9415568469767632,
                -0.26999519900896,
                0.20142613362080974,
                -0.33300614305046794,
                0.8361738880549925,
                -0.4357979987651204,
                -0.050763547246972775,
                -0.477404546304886,
                -0.8772165398394278
            ],
            "cam_t_m2c": [
                -23.381212524786843,
                -76.47172950241495,
                796.6527939450882
            ],
            "obj_id": 18
        }
    ],
    "71": [
        {
            "cam_R_m2c": [
                0.04504447335727324,
                -0.998917194358464,
                0.011677557470869689,
                -0.9532495872515506,
                -0.04647573145064298,
                -0.29858792465096096,
                0.2988073467434257,
                0.002318081205407228,
                -0.9543103975769328
            ],
            "cam_t_m2c": [
                69.65488675281395,
                75.79038495460532,
                741.6487124810424
            ],
            "obj_id": 1
        },
        {
            "cam_R_m2c": [
                0.9270195278605348,
                -0.37501332830684053,
                0.0008502969893723724,
                -0.3600286801330058,
                -0.8906079178769124,
                -0.27784241527589637,
                0.10495192584316965,
                0.2572592212932972,
                -0.9606260033373982
            ],
            "cam_t_m2c": [
                78.02243824182683,
                6.386882616300209,
                761.872167215842
            ],
            "obj_id": 3
        },
        {
            "cam_R_m2c": [
                0.4869793542815035,
                0.8733486009529792,
                0.010689657178515135,
                0.8386619715403291,
                -0.4641500755928215,
                -0.28497425405141386,
                -0.24392025946340318,
                0.14774162941245172,
                -0.9584752760382205
            ],
            "cam_t_m2c": [
                -88.01048147429096,
                108.50044722745308,
                738.3222612921404
            ],
            "obj_id": 13
        },
        {
            "cam_R_m2c": [
                -0.07939747647161627,
                -0.9968216672169209,
                0.006597944959189499,
                -0.9575810646421649,
                0.07442934020518543,
                -0.2783851719237374,
                0.2770093102703897,
                -0.028421180575745327,
                -0.9604465691513524
            ],
            "cam_t_m2c": [
                -103.1927917308097,
                -26.934814411100277,
                767.7951561792975
            ],
            "obj_id": 14
        },
        {
            "cam_R_m2c": [
                -0.05239680807093071,
                -0.9983902411539619,
                0.02173543423656712,
                -0.9580752945093676,
                0.04411781853824152,
                -0.2830986966163952,
                0.28168407332067347,
                -0.035657690303502944,
                -0.958844172893564
            ],
            "cam_t_m2c": [
                -114.52197324633269,
                44.80801520105185,
                750.2147378071917
            ],
            "obj_id": 15
        },
        {
            "cam_R_m2c": [
                -0.9861670324612545,
                -0.16575293692217274,
                -0.0012173085856561593,
                -0.1586201754180182,
                0.9458106167573804,
                -0.2833398013904676,
                0.04811573558468231,
                -0.2792273053069032,
                -0.9590185212638568
            ],
            "cam_t_m2c": [
                11.303388342237726,
                130.5797859566673,
                733.0015724224829
            ],
            "obj_id": 16
        },
        {
            "cam_R_m2c": [
                0.40399373983913317,
