{
  "102": [
    {
      "cam_R_m2c": [
        0.2751969031238243,
        0.9613239676732994,
        0.011069466327576017,
        0.8205162593266541,
        -0.22885687122928636,
        -0.5238107990109769,
        -0.5010190570430337,
        0.15323340781570685,
        -0.8517631257017828
      ],
      "cam_t_m2c": [
        -104.92435029114515,
        -16.921668894568253,
        766.5904872080259
      ],
      "obj_id": 1
    },
    {
      "cam_R_m2c": [
        -0.564232017585776,
        0.8254683147830634,
        -0.015618275713176352,
        0.6940871323827431,
        0.4640150844254608,
        -0.5503938171398709,
        -0.447085320728056,
        -0.3213909292776028,
        -0.8347595007357004
      ],
      "cam_t_m2c": [
        -83.70787113459178,
        49.6930269533049,
        736.4543984796366
      ],
      "obj_id": 3
    },
    {
      "cam_R_m2c": [
        -0.830070405473009,
        -0.555587714143723,
        0.04801157678706862,
        -0.4701012733528065,
        0.6508320383289211,
        -0.5961733708554203,
        0.2999797932707441,
        -0.5174360474926651,
        -0.8014193090560466
      ],
      "cam_t_m2c": [
        23.48374171997108,
        -99.01651927419721,
        821.1170217184919
      ],
      "obj_id": 13
    },
    {
      "cam_R_m2c": [
        0.36496772858070303,
        0.929846150288825,
        0.04673734064499569,
        0.8141793445945827,
        -0.29441505321566336,
        -0.5004317204415604,
        -0.45156488614171264,
        0.22069365347030206,
        -0.8645139806364613
      ],
      "cam_t_m2c": [
        94.29755203616926,
        2.7458581619779885,
        762.2665574372028
      ],
      "obj_id": 14
    },
    {
      "cam_R_m2c": [
        0.5252754797327611,
        0.8373737155714714,
        0.15129702671434483,
        0.7574647384723906,
        -0.3791134007044056,
        -0.5315264814253868,
        -0.38772817131138493,
        0.39379952428281234,
        -0.833420372802053
      ],
      "cam_t_m2c": [
        70.636636112681,
        -60.87700434542079,
        793.2314705273338
      ],
      "obj_id": 15
    },
    {
      "cam_R_m2c": [
        0.9065103303128617,
        -0.4157991940916358,
        -0.0731410072018947,
        -0.3861658709399985,
        -0.7466166272162695,
        -0.5417008745707109,
        0.1706300135093631,
        0.5193024658750935,
        -0.837383582419303
      ],
      "cam_t_m2c": [
        -77.31441898950072,
        -74.35129849850131,
        810.325248070848
      ],
      "obj_id": 16
    },
    {
      "cam_R_m2c": [
        0.1140928197730101,
        0.9934698230289609,
        0.00042654026472292267,
        0.9479119838792993,
        -0.1087323796573033,
        -0.2994001235758831,
        -0.2973989618109585,
        0.03456307040408889,
        -0.9541279225642203
      ],
      "cam_t_m2c": [
        -6.161010490449456,
        -14.12360821033625,
        773.1139986900297
      ],
      "obj_id": 17
    },
    {
      "cam_R_m2c": [
        0.9843673237314927,
        -0.014840575769060439,
        -0.17550018595939165,
        -0.0632871022466196,
        -0.9596971640858416,
        -0.27381818876447817,
        -0.16436415020682707,
        0.28064468193325165,
        -0.9456341061599355
      ],
      "cam_t_m2c": [
        22.407416551069865,
        97.30645881716724,
        725.3986995215699
      ],
      "obj_id": 18
    }
  ],
  "112": [
    {
      "cam_R_m2c": [
        -0.4944913047816236,
        0.8610147993264949,
        -0.11888034348795423,
        0.8251715929762228,
        0.4220713709384344,
        -0.37542980756375954,
        -0.27307537396740456,
        -0.28374344435773147,
        -0.9191953522535435
      ],
      "cam_t_m2c": [
        -59.22833030466366,
        -70.97878217887039,
        801.3780105316539
      ],
      "obj_id": 1
    },
    {
      "cam_R_m2c": [
        -0.996497613392339,
        -0.07647874092916127,
        0.03382357269749563,
        -0.08167207556493421,
        0.8031549203429923,
        -0.5901454109176657,
        0.01796790077949008,
        -0.5908413965971886,
        -0.8065882047132157
      ],
      "cam_t_m2c": [
        -92.65125184942598,
        -14.874357453511834,
        773.905005396317
      ],
      "obj_id": 3
    },
    {
      "cam_R_m2c": [
        -0.04012241435113092,
        -0.9898651424398774,
        -0.1362274564866469,
        -0.8463798449109291,
        0.10613045534063321,
        -0.5218976426091546,
        0.531066734218938,
        0.0943601392808951,
        -0.8420600351625039
      ],
      "cam_t_m2c": [
        100.02782639848137,
        -39.24858613697979,
        793.9633525684883
      ],
      "obj_id": 13
    },
    {
      "cam_R_m2c": [
        -0.33634808314993053,
        0.9268945936516587,
        -0.1665448547347842,
        0.864199994553323,
        0.23351921570990047,
        -0.4456757083954362,
        -0.37420365938670863,
        -0.2938302014132639,
        -0.8795658851884192
      ],
      "cam_t_m2c": [
        65.71058320097904,
        73.92217149694328,
        721.86468295046
      ],
      "obj_id": 14
    },
    {
      "cam_R_m2c": [
        -0.2843078657077863,
        0.9524996115521179,
        -0.10915281505933218,
        0.8143503259860677,
        0.17983797428670295,
        -0.5518073685234468,
        -0.5059670210459063,
        -0.24577182935910186,
        -0.8267977159423844
      ],
      "cam_t_m2c": [
        101.15272170033407,
        17.314069050699594,
        752.6838255055592
      ],
      "obj_id": 15
    },
    {
      "cam_R_m2c": [
        0.756909700610413,
        0.6495527876263983,
        0.07189717618514209,
        0.6033723278052132,
        -0.6523213990808364,
        -0.45871418651772716,
        -0.2510590775718992,
        0.39058657958794823,
        -0.8856705161761196
      ],
      "cam_t_m2c": [
        22.880297822950805,
        -92.70983007969114,
        818.9818355985161
      ],
      "obj_id": 16
    },
    {
      "cam_R_m2c": [
        -0.7616338690519828,
        0.6349429129115078,
        -0.12946838751449927,
        0.6302183766893193,
        0.6792988155226577,
        -0.376002419363335,
        -0.15079304163314544,
        -0.36796978715617434,
        -0.9175294487628208
      ],
      "cam_t_m2c": [
        6.167426394820844,
        -8.619544111082838,
        769.8500654000184
      ],
      "obj_id": 17
    },
    {
      "cam_R_m2c": [
        0.5877425690486332,
        0.7863936209260985,
        -0.19011692679842648,
        0.7285430524400316,
        -0.6166265730238765,
        -0.2983228021474573,
        -0.3518305663255144,
        0.036829262689492895,
        -0.9353392682823229
      ],
      "cam_t_m2c": [
        -64.99104125449773,
        80.11380595769765,
        731.4379705250178
      ],
      "obj_id": 18
    }
  ],
  "13": [
    {
      "cam_R_m2c": [
        0.9240866325562649,
        -0.3430051812071241,
        0.1685545194518224,
        -0.2956713343608377,
        -0.9210756296658605,
        -0.25337467653867457,
        0.24216055142241313,
        0.1843030253776546,
        -0.9525701460069973
      ],
      "cam_t_m2c": [
        -43.1134259377303,
        106.98634911045073,
        730.7091193948557
      ],
      "obj_id": 1
    },
    {
      "cam_R_m2c": [
        0.7678320855109936,
        0.6387741511920134,
        -0.049000756698040805,
        0.6094902681721378,
        -0.7519087660689266,
        -0.251307058574723,
        -0.1973721030703126,
        0.16309627420969866,
        -0.9666658802068299
      ],
      "cam_t_m2c": [
        28.719431731483763,
        91.13806974942193,
        738.8174497936316
      ],
      "obj_id": 3
    },
    {
      "cam_R_m2c": [
        -0.5463911053681062,
        0.8329301825294809,
        0.08765562739089817,
        0.7868003956911694,
        0.5463489461151968,
        -0.287138370228691,
        -0.28705682153324064,
        -0.08792192071495912,
        -0.9538696363401156
      ],
      "cam_t_m2c": [
        -125.28602440332365,
        -20.095650314935334,
        777.5340697434581
      ],
      "obj_id": 13
    },
    {
      "cam_R_m2c": [
        0.8660684082540088,
        -0.47694537832445044,
        0.14982640470191924,
        -0.4277293678351581,
        -0.862078483100589,
        -0.2717881925617702,
        0.25879046381330134,
        0.17130161069859828,
        -0.9506221450400826
      ],
      "cam_t_m2c": [
        -1.406362560347406,
        -82.08991157576625,
        788.6310593971975
      ],
      "obj_id": 14
    },
    {
      "cam_R_m2c": [
        0.8728577966507332,
        -0.4794537942657079,
        0.09078943638884411,
        -0.46003327165744395,
        -0.8705655338526148,
        -0.17460106397200084,
        0.16275152791656317,
        0.11063524388786768,
        -0.980444278122192
      ],
      "cam_t_m2c": [
        -71.82322948460067,
        -73.90262555832696,
        788.3591154269351
      ],
      "obj_id": 15
    },
    {
      "cam_R_m2c": [
        -0.32748544493444787,
        -0.9393617966445651,
        0.10174528588355565,
        -0.9195220196087172,
        0.29208217798091024,
        -0.26299761835815727,
        0.2173315772886418,
        -0.17968523892839597,
        -0.9594161690011876
      ],
      "cam_t_m2c": [
        -108.5864190484748,
        70.50159337396367,
        749.8270562255693
      ],
      "obj_id": 16
    },
    {
      "cam_R_m2c": [
        0.9901001129349253,
        0.07144794009879296,
        -0.12081597314840839,
        0.01776348644830706,
        -0.9176102942659725,
        -0.3970848359514392,
        -0.1392325353755434,
        0.3910075788788272,
        -0.9097946853505612
      ],
      "cam_t_m2c": [
        -26.99480247771988,
        15.363945994172933,
        761.8684291945842
      ],
      "obj_id": 17
    },
    {
      "cam_R_m2c": [
        0.24932741202830894,
        -0.9579547683004633,
        0.14197889732941293,
        -0.9684054809196373,
        -0.24584502399123448,
        0.04185130548890523,
        -0.0051870218946959415,
        -0.14792824070072028,
        -0.9889840393351952
      ],
      "cam_t_m2c": [
        87.92729423902439,
        4.101896792698339,
        774.688440038496
      ],
      "obj_id": 18
    }
  ],
  "130": [
    {
      "cam_R_m2c": [
        -0.893001729698056,
        -0.41822323884147644,
        -0.16624498873992527,
        -0.3131204165503216,
        0.8426855208282209,
        -0.43799238143088604,
        0.32327047945763565,
        -0.33907250806087047,
        -0.8834736394248033
      ],
      "cam_t_m2c": [
        79.73672659914666,
        -36.294698156014654,
        778.5654838221883
      ],
      "obj_id": 1
    },
    {
      "cam_R_m2c": [
        -0.005412973438095972,
        -0.99965908241957,
        -0.02554515158763595,
        -0.8027711298511008,
        0.019575775387432517,
        -0.5959665747851416,
        0.5962626174732498,
        0.017280998413425272,
        -0.8026030656559785
      ],
      "cam_t_m2c": [
        16.480924294722136,
        -68.89603548208939,
        794.1506900138708
      ],
      "obj_id": 3
    },
    {
      "cam_R_m2c": [
        0.9660631085625517,
        -0.25205285100854574,
        -0.05649475406018329,
        -0.2518405198192077,
        -0.87044906482261,
        -0.42296015556490224,
        0.057432428873663996,
        0.4228329924083152,
        -0.904385671933903
      ],
      "cam_t_m2c": [
        50.96279440839637,
        106.53302849281398,
        712.9206947684432
      ],
      "obj_id": 13
    },
    {
      "cam_R_m2c": [
        -0.9528036571377335,
        -0.254556808086595,
        0.1654270550003277,
        -0.3027812260752531,
        0.8364898779712092,
        -0.456737235602448,
        -0.022112757659929375,
        -0.48526824779030825,
        -0.8740854541286547
      ],
      "cam_t_m2c": [
        -86.00259749749442,
        63.938646266759854,
        726.7375073372191
      ],
      "obj_id": 14
    },
    {
      "cam_R_m2c": [
        -0.9417979852712794,
        -0.32531428807270707,
        -0.08477794200614445,
        -0.2843193907867356,
        0.905333068894301,
        -0.31549160449358166,
        0.1793858771799452,
        -0.27302455044771057,
        -0.9451339281151704
      ],
      "cam_t_m2c": [
        -23.658417006120196,
        100.3823517990266,
        713.5919277156869
      ],
      "obj_id": 15
    },
    {
      "cam_R_m2c": [
        -0.43767079713621604,
        0.8927292330168431,
        0.10713966399956418,
        0.8214654785628439,
        0.4454618376796238,
        -0.3560318925458152,
        -0.36556594082274724,
        -0.06781273538341766,
        -0.9283117891740089
      ],
      "cam_t_m2c": [
        109.08391195942866,
        30.444283856484507,
        751.9402278815625
      ],
      "obj_id": 16
    },
    {
      "cam_R_m2c": [
        -0.6169572405583861,
        -0.7787689762504565,
        -0.11350206836183824,
        -0.627830844715604,
        0.5739980885729048,
        -0.5256951754263914,
        0.47454448223526574,
        -0.253070770595051,
        -0.8430671723191125
      ],
      "cam_t_m2c": [
        4.5969067067893485,
        15.08122369451899,
        752.5741231297308
      ],
      "obj_id": 17
    },
    {
      "cam_R_m2c": [
        -0.8401005830926096,
        0.5422094907482514,
        -0.015492370467593499,
        0.3527805978023178,
        0.5244582776804658,
        -0.7749130485518858,
        -0.41203958909538085,
        -0.656469554716485,
        -0.6318785654652961
      ],
      "cam_t_m2c": [
        -94.34801520043212,
        -43.027755113641675,
        791.9040451368047
      ],
      "obj_id": 18
    }
  ],
  "155": [
    {
      "cam_R_m2c": [
        0.849220244611335,
        -0.5053772035054697,
        0.15303173124355499,
        -0.3592262426050247,
        -0.76534432346817,
        -0.5340462853854595,
        0.3870165840359439,
        0.39854945070355197,
        -0.8314908642211005
      ],
      "cam_t_m2c": [
        -22.23789245751367,
        70.2975208825702,
        706.9893557087318
      ],
      "obj_id": 1
    },
    {
      "cam_R_m2c": [
        0.8372160479596102,
        0.546865767718732,
        -0.002618691797933404,
        0.4763445449321195,
        -0.7315889628401886,
        -0.4877236838111272,
        -0.2686347798755286,
        0.4070823241730492,
        -0.8729948188205535
      ],
      "cam_t_m2c": [
        46.71408523930122,
        46.63525596578738,
        721.9063260851101
      ],
      "obj_id": 3
    },
    {
      "cam_R_m2c": [
        -0.6447932945680485,
        0.7641334959467606,
        0.018482642329298322,
        0.5504412576782015,
        0.48097991809533613,
        -0.6824029080018096,
        -0.530336332470904,
        -0.42983460693211945,
        -0.730743365394282
      ],
      "cam_t_m2c": [
        -127.11990593650437,
        -20.015045929449478,
        778.0776926926472
      ],
      "obj_id": 13
    },
    {
      "cam_R_m2c": [
        0.772693128780673,
        -0.6278200231889719,
        0.09373964799745539,
        -0.40298871816014964,
        -0.599261490864605,
        -0.6917274685505301,
        0.4904547516048487,
        0.4967165316996502,
        -0.7160497124016938
      ],
      "cam_t_m2c": [
        -21.37483021178595,
        -91.03460841681989,
        822.6409546856313
      ],
      "obj_id": 14
    },
    {
      "cam_R_m2c": [
        0.7521664582811665,
        -0.6561983264926574,
        0.06040778643036836,
        -0.45038633334608547,
        -0.5788329864942079,
        -0.6797835588057501,
        0.4810386797055255,
        0.48410304571282325,
        -0.7309216206273641
      ],
      "cam_t_m2c": [
        -84.79959945936686,
        -66.82208294448998,
        807.3105978053771
      ],
      "obj_id": 15
    },
    {
      "cam_R_m2c": [
        -0.5014891975863002,
        -0.8646192299368725,
        -0.03068962640385012,
        -0.6496698418787014,
        0.39976816401784476,
        -0.6466186654175434,
        0.5713470951837989,
        -0.30433410739384414,
        -0.7621965962593819
      ],
      "cam_t_m2c": [
        -99.1485311787437,
        58.678291560460494,
        719.6302931445186
      ],
      "obj_id": 16
    },
    {
      "cam_R_m2c": [
        0.9828503316932236,
        -0.09586356616714786,
        -0.1575285422726008,
        -0.1748153795727318,
        -0.756261542672234,
        -0.6304832913397422,
        -0.05869215790722749,
        0.6472084331364701,
        -0.7600505119368285
      ],
      "cam_t_m2c": [
        -32.540757566473204,
        -6.048666359477933,
        762.7609813242904
      ],
      "obj_id": 17
    },
    {
      "cam_R_m2c": [
        0.2933573644798464,
        -0.9366052656966141,
        0.19160392617617464,
        -0.8565167382099953,
        -0.3465202671436198,
        -0.3824964512030325,
        0.4246422229357695,
        -0.05190414591668384,
        -0.9038724614972949
      ],
      "cam_t_m2c": [
        89.26084682009599,
        -25.451465013338304,
        788.090751320321
      ],
      "obj_id": 18
    }
  ],
  "166": [
    {
      "cam_R_m2c": [
        0.9026193357590409,
        0.43029451892864046,
        0.01117516592890635,
        0.3003963420598523,
        -0.611116367067917,
        -0.7323243608083214,
        -0.3082852606800858,
        0.6643664282740983,
        -0.6808649020265584
      ],
      "cam_t_m2c": [
        -95.84886974212313,
        25.133871084324085,
        732.3375594398873
      ],
      "obj_id": 1
    },
    {
      "cam_R_m2c": [
        -0.17501548303306302,
        0.9778147412709838,
        -0.11509954732949075,
        0.8249485317314921,
        0.08182407353998593,
        -0.5592534307639143,
        -0.5374275665319397,
        -0.19282905934763855,
        -0.8209680645200689
      ],
      "cam_t_m2c": [
        -38.48068690938327,
        59.66831923127613,
        711.8203004562893
      ],
      "obj_id": 3
    },
    {
      "cam_R_m2c": [
        -0.9993942908002016,
        -0.0049224196156528585,
        -0.034449754944063056,
        0.011927289360643191,
        0.881536073699168,
        -0.47196539371679685,
        0.03269187223636945,
        -0.4720897321376788,
        -0.8809442377906407
      ],
      "cam_t_m2c": [
        -62.91232601426985,
        -91.09844214202745,
        835.1008471007128
      ],
      "obj_id": 13
    },
    {
      "cam_R_m2c": [
        0.9643083799145031,
        0.26259344191141126,
        0.03396894588954387,
        0.20923275146436507,
        -0.6770892312419078,
        -0.7055295382750525,
        -0.16226695331865254,
        0.6874547777209499,
        -0.7078665480971922
      ],
      "cam_t_m2c": [
        71.25531062899752,
        -59.66026368387805,
        799.4405372597288
      ],
      "obj_id": 14
    },
    {
      "cam_R_m2c": [
        0.880613240134854,
        0.4668317253214757,
        0.08116947444278894,
        0.4410260588749886,
        -0.744887656505183,
        -0.5006374507434117,
        -0.17325096447174346,
        0.4766652217537911,
        -0.8618436795094047
      ],
      "cam_t_m2c": [
        14.936595336177296,
        -89.81999413072846,
        831.3641090851632
      ],
      "obj_id": 15
    },
    {
      "cam_R_m2c": [
        0.593601657719681,
        -0.8000041433737517,
        -0.0873521997072981,
        -0.6030010970142359,
        -0.37027167835057495,
        -0.7066035988104554,
        0.5329411246486147,
        0.4721139157249696,
        -0.7021978467162222
      ],
      "cam_t_m2c": [
        -124.36988725371745,
        -30.126723500345705,
        789.7208161017193
      ],
      "obj_id": 16
    },
    {
      "cam_R_m2c": [
        0.6758945078282659,
        0.7266680932762961,
        0.12296357938062784,
        0.5774635826512707,
        -0.4184961072202534,
        -0.7009970272036141,
        -0.45793166642219857,
        0.544806638116817,
        -0.7024841596620449
      ],
      "cam_t_m2c": [
        -18.03690037704191,
        -16.04539872114216,
        771.6826189351666
      ],
      "obj_id": 17
    },
    {
      "cam_R_m2c": [
        0.916221986426826,
        -0.39573842718656427,
        0.06267662803460065,
        -0.3691369489201704,
        -0.8945491166889328,
        -0.2520301745295773,
        0.15580503745941665,
        0.20777855854003946,
        -0.9656878725775011
      ],
      "cam_t_m2c": [
        75.71836442894615,
        48.42807228181638,
        738.6323777313011
      ],
      "obj_id": 18
    }
  ],
  "185": [
    {
      "cam_R_m2c": [
        -0.4042068957119616,
        0.91466714370775,
        0.0006150490806915965,
        0.6840143388887268,
        0.30272414057609714,
        -0.6636880090820697,
        -0.6072402221609258,
        -0.2678473988862715,
        -0.7480093827961763
      ],
      "cam_t_m2c": [
        -44.943779420652774,
        -81.38946217284604,
        815.4763025906044
      ],
      "obj_id": 1
    },
    {
      "cam_R_m2c": [
        -0.9866686268981566,
        -0.14291102447155715,
        0.07785187793666454,
        -0.1627379469151,
        0.8693401716287905,
        -0.4666514291282101,
        -0.0009896153509547855,
        -0.4731005765648726,
        -0.8810083525314295
      ],
      "cam_t_m2c": [
        -86.45891651202984,
        -35.505341871997885,
        786.988393944539
      ],
      "obj_id": 3
    },
    {
      "cam_R_m2c": [
        -0.08859194623102991,
        -0.9930365836851959,
        0.07764919265201535,
        -0.8488565903523839,
        0.03448183431623499,
        -0.5274968149848034,
        0.5211469568226748,
        -0.11264453257345064,
        -0.8460011238155586
      ],
      "cam_t_m2c": [
        110.52493060456794,
        -31.69022876238716,
        798.4482049108174
      ],
      "obj_id": 13
    },
    {
      "cam_R_m2c": [
        -0.36988027031805265,
        0.9265010418695271,
        0.06916598818856567,
        0.7967894420239776,
        0.354621194205693,
        -0.4892543862612025,
        -0.47782300194377686,
        -0.12585555600293863,
        -0.8693942719145803
      ],
      "cam_t_m2c": [
        51.27885751023642,
        59.45479960806539,
        713.5996530544362
      ],
      "obj_id": 14
    },
    {
      "cam_R_m2c": [
        -0.443349763622883,
        0.8819025320037396,
        -0.1602757015371503,
        0.7628137504103859,
        0.2773231251978766,
        -0.5841287568137251,
        -0.4706971635333861,
        -0.38123457505566793,
        -0.7956792591213097
      ],
      "cam_t_m2c": [
        97.5580024283991,
        19.062619259327732,
        752.2971965596939
      ],
      "obj_id": 15
    },
    {
      "cam_R_m2c": [
        0.8650412767135818,
        0.5016892388206741,
        0.0033284271363150713,
        0.4215693401532625,
        -0.7232643994416729,
        -0.5469618262737177,
        -0.27199839130630243,
        0.4745481157147292,
        -0.8371510440822059
      ],
      "cam_t_m2c": [
        38.55183594470003,
        -88.0681234522997,
        833.0500339395472
      ],
      "obj_id": 16
    },
    {
      "cam_R_m2c": [
        -0.8343995272856385,
        0.542748569799446,
        0.09592074593107684,
        0.4401323306307072,
        0.7609026416624184,
        -0.4767706751558079,
        -0.33175316183348375,
        -0.3556003308435076,
        -0.8737786460238719
      ],
      "cam_t_m2c": [
        13.47870456983889,
        -16.690206302946223,
        771.0173797657118
      ],
      "obj_id": 17
    },
    {
      "cam_R_m2c": [
        0.37173907995552974,
        0.8894326531932604,
        -0.26593045478174054,
        0.5347392259883627,
        -0.4393167225026669,
        -0.7218407878215722,
        -0.7588574981853117,
        0.12613274169174368,
        -0.6389263834507973
      ],
      "cam_t_m2c": [
        -73.94654000148377,
        56.63437843820074,
        728.1712454748688
      ],
      "obj_id": 18
    }
  ],
  "198": [
    {
      "cam_R_m2c": [
        -0.9802488738138534,
        -0.1176501704234134,
        -0.15896489667329336,
        0.004761725045368689,
        0.7895286618684704,
        -0.6136953006286983,
        0.19770858831622984,
        -0.6023309312841574,
        -0.7733751065952801
      ],
      "cam_t_m2c": [
        58.29494714013308,
        -64.97515654824163,
        809.269497857582
      ],
      "obj_id": 1
    },
    {
      "cam_R_m2c": [
        -0.17346862214923925,
        -0.9799223463245038,
        0.09828571632924163,
        -0.8565440382988969,
        0.10086428780727859,
        -0.5061211932937222,
        0.4860458189669064,
        -0.17198214906554293,
        -0.8568442516315008
      ],
      "cam_t_m2c": [
        -10.182042103127309,
        -75.59539758849006,
        819.0922790231702
      ],
      "obj_id": 3
    },
    {
      "cam_R_m2c": [
        0.8952490964713047,
        -0.445372218640516,
        -0.013109761379506764,
        -0.39897368558604895,
        -0.7881895527349542,
        -0.4685905889731256,
        0.1983642090576667,
        0.4247356269662945,
        -0.8833186344529089
      ],
      "cam_t_m2c": [
        83.63675405005564,
        69.4787961713574,
        713.8129323930922
      ],
      "obj_id": 13
    },
    {
      "cam_R_m2c": [
        -0.9873529715326106,
        -0.053891778452984936,
        -0.14909406512023607,
        0.055300975458253916,
        0.7642980845094812,
        -0.6424876602480721,
        0.14857700767528423,
        -0.6426069859848416,
        -0.7516524343499732
      ],
      "cam_t_m2c": [
        -54.59786069903261,
        65.04921154526726,
        704.530914862831
      ],
      "obj_id": 14
    },
    {
      "cam_R_m2c": [
        -0.9909977350153434,
        0.13352747897003114,
        0.009649899527346828,
        0.09395190897952142,
        0.7450077801602504,
        -0.6604064095913124,
        -0.0953716073274163,
        -0.653554469089466,
        -0.7508469015046835
      ],
      "cam_t_m2c": [
        15.769624322526457,
        83.47738220706789,
        700.8700108679521
      ],
      "obj_id": 15
    },
    {
      "cam_R_m2c": [
        -0.31558147166456785,
        0.9488226980352262,
        0.011960589475663565,
        0.6558419247656766,
        0.22720984823359108,
        -0.719893971089325,
        -0.6857691382757961,
        -0.2193408486875132,
        -0.6939815779817192
      ],
      "cam_t_m2c": [
        112.80908013663036,
        -10.17770046780231,
        772.4488255226312
      ],
      "obj_id": 16
    },
    {
      "cam_R_m2c": [
        -0.8715845878290106,
        -0.46801942942943736,
        -0.1459361983838365,
        -0.325457272105634,
        0.775005699847788,
        -0.5417044786573767,
        0.3666294528818074,
        -0.4246451910024094,
        -0.8278041433172302
      ],
      "cam_t_m2c": [
        7.650691741939757,
        5.539744715083744,
        758.3925080939828
      ],
      "obj_id": 17
    },
    {
      "cam_R_m2c": [
        -0.7097642704465065,
        0.673048701218507,
        -0.2079408096092584,
        0.5189389714549154,
        0.2999427587505542,
        -0.8004603933954505,
        -0.47637851691346117,
        -0.6760467508041501,
        -0.5621605881520829
      ],
      "cam_t_m2c": [
        -100.1142168608578,
        -22.605776339379318,
        787.4602005355774
      ],
      "obj_id": 18
    }
  ],
  "207": [
    {
      "cam_R_m2c": [
        -0.506380044768931,
        -0.8608745089606623,
        0.049739153592972235,
        -0.6430923708368731,
        0.3385910646972774,
        -0.6868688287614921,
        0.5744663609281024,
        -0.3798025434552006,
        -0.7250782738384599
      ],
      "cam_t_m2c": [
        95.67968804856497,
        -6.546980700919881,
        764.1324176332953
      ],
      "obj_id": 1
    },
    {
      "cam_R_m2c": [
        0.48646540494169277,
        -0.8697194084652085,
        -0.08330303003238089,
        -0.7838547004183736,
        -0.3923402465624682,
        -0.48129067468910675,
        0.38590392073409513,
        0.29942883803138387,
        -0.8725945027110923
      ],
      "cam_t_m2c": [
        55.9680653905228,
        -55.873063578687734,
        801.0906195193405
      ],
      "obj_id": 3
    },
    {
      "cam_R_m2c": [
        0.9315523518099266,
        0.31623351308896486,
        0.17946197968725294,
        0.35954204614269386,
        -0.7275224593112032,
        -0.5843293050481952,
        -0.054222114071660873,
        0.6088563794031765,
        -0.7914252558678647
      ],
      "cam_t_m2c": [
        -8.95600870912325,
        93.74140535123111,
        693.0508545454004
      ],
      "obj_id": 13
    },
    {
      "cam_R_m2c": [
        -0.5653697623762792,
        -0.8243757306472297,
        -0.02759094910935418,
        -0.6765571449209203,
        0.48260811001715226,
        -0.5562013879956574,
        0.4718344106114373,
        -0.2957917664971736,
        -0.830590169720205
      ],
      "cam_t_m2c": [
        -111.17812515127466,
        12.862352914641434,
        744.13466882976
      ],
      "obj_id": 14
    },
    {
      "cam_R_m2c": [
        -0.7123439799760983,
        -0.6870006725626625,
        -0.1435132083053699,
        -0.5197766420110996,
        0.6538167021931672,
        -0.5498689083999312,
        0.47159150352977874,
        -0.3171001389052056,
        -0.8228301265351539
      ],
      "cam_t_m2c": [
        -73.81973335618731,
        66.73225239220557,
        708.2591162867654
      ],
      "obj_id": 15
    },
    {
      "cam_R_m2c": [
        -0.7616283039974925,
        0.6476332783680363,
        -0.022215857251344943,
        0.5487481095548724,
        0.6263452131996547,
        -0.5536849519783011,
        -0.3446691062271003,
        -0.43389263310032133,
        -0.8324306002041637
      ],
      "cam_t_m2c": [
        79.40934490460626,
        58.74178884082971,
        721.3217432745467
      ],
      "obj_id": 16
    },
    {
      "cam_R_m2c": [
        -0.25777122155793636,
        -0.9507934959657216,
        0.17188842760747283,
        -0.7566127017748359,
        0.08799328015961343,
        -0.64791573636742,
        0.6009083222283542,
        -0.297066107172417,
        -0.7420652542323919
      ],
      "cam_t_m2c": [
        -6.393173267917339,
        12.457694975999553,
        750.6339590181146
      ],
      "obj_id": 17
    },
    {
      "cam_R_m2c": [
        -0.9781121392455195,
        -0.003920970230150238,
        0.20804088132786017,
        -0.1410718536731859,
        0.7474517209313737,
        -0.6491645702382488,
        -0.1529547285805337,
        -0.6643039758004675,
        -0.7316458117302175
      ],
      "cam_t_m2c": [
        -59.05476440772749,
        -69.77928409799128,
        825.8625925979591
      ],
      "obj_id": 18
    }
  ],
  "21": [
    {
      "cam_R_m2c": [
        0.9292944096895854,
        0.3668219002170612,
        -0.04304697789638354,
        0.3114533712184258,
        -0.8409517636003442,
        -0.4424901286806669,
        -0.1985157205062373,
        0.3977969442057945,
        -0.8957392642033819
      ],
      "cam_t_m2c": [
        -95.8116493203509,
        64.31362717588823,
        744.5338706837667
      ],
      "obj_id": 1
    },
    {
      "cam_R_m2c": [
        0.0005834680158743716,
        0.9919867277809095,
        -0.12633857317903535,
        0.9193111062601752,
        -0.0502502224070679,
        -0.3903109705600838,
        -0.39353232068493615,
        -0.11591668632282354,
        -0.9119732983530777
      ],
      "cam_t_m2c": [
        -26.061508278008553,
        92.81514490216422,
        732.1529862014164
      ],
      "obj_id": 3
    },
    {
      "cam_R_m2c": [
        -0.9831279224167594,
        0.07223740641706768,
        0.1680494995896437,
        0.019205982424291987,
        0.9544047723753595,
        -0.29789840217101976,
        -0.18190663193932424,
        -0.2896450340263775,
        -0.9396889343783317
      ],
      "cam_t_m2c": [
        -67.13002757691235,
        -86.39652213041329,
        792.2386232306928
      ],
      "obj_id": 13
    },
    {
      "cam_R_m2c": [
        0.9931955538679091,
        0.1162881914789832,
        0.006260444777292647,
        0.1130964066252194,
        -0.9503187195395909,
        -0.2900072578588174,
        -0.027775121878579813,
        0.2887422644594651,
        -0.9570036483430252
      ],
      "cam_t_m2c": [
        64.52692396321453,
        -56.29672084551535,
        774.7647847643424
      ],
      "obj_id": 14
    },
    {
      "cam_R_m2c": [
        0.9322325185868289,
        0.3431775708488976,
        0.11476537372185658,
        0.35850797722339606,
        -0.9189819540197124,
        -0.16414962090234947,
        0.049134757212552976,
        0.19417010718017613,
        -0.9797362893521697
      ],
      "cam_t_m2c": [
        0.3072188302700365,
        -93.64502311948226,
        792.3892993204208
      ],
      "obj_id": 15
    },
    {
      "cam_R_m2c": [
        0.43413171287820596,
        -0.8854434591961042,
        0.16588845232036564,
        -0.8187581759093275,
        -0.46462612535209413,
        -0.337280811998843,
        0.3757194733341492,
        0.010602023426865052,
        -0.9266725748427088
      ],
      "cam_t_m2c": [
        -126.72395999425291,
        -7.9651809738420605,
        769.9929576951879
      ],
      "obj_id": 16
    },
    {
      "cam_R_m2c": [
        0.771403297486357,
        0.6323548801067647,
        0.07115986404707011,
        0.6349753805562062,
        -0.7575753729680726,
        -0.1512834329726743,
        -0.04175598679969222,
        0.16188542476026968,
        -0.9859254446347684
      ],
      "cam_t_m2c": [
        -25.45318698655369,
        -0.42249635842490096,
        763.0989323667186
      ],
      "obj_id": 17
    },
    {
      "cam_R_m2c": [
        0.8009390985132216,
        -0.5710913202567016,
        0.17986307966758003,
        -0.5814335741090696,
        -0.8135726695633209,
        0.005942986223512438,
        0.14293782999765253,
        -0.10933806539278604,
        -0.9836734485307788
      ],
      "cam_t_m2c": [
        81.415295248961,
        70.6324285305365,
        755.7962618742243
      ],
      "obj_id": 18
    }
  ],
  "219": [
    {
      "cam_R_m2c": [
        0.3697380559932201,
        -0.9182181901825625,
        -0.1420193406089112,
        -0.6216254753177559,
        -0.1308578105667166,
        -0.7723066328801963,
        0.6905615245323392,
        0.3738340427650399,
        -0.6191710121873873
      ],
      "cam_t_m2c": [
        48.78059180845075,
        42.124345545316956,
        711.6466303510886
      ],
      "obj_id": 1
    },
    {
      "cam_R_m2c": [
        0.990348893962523,
        0.023260269887142998,
        -0.1366323382761797,
        -0.08708762350877419,
        -0.6624653823415362,
        -0.7440126906468275,
        -0.10782023341190035,
        0.7487310488031602,
        -0.6540462452491732
      ],
      "cam_t_m2c": [
        76.04933179567593,
        -1.244540394788078,
        759.598621208767
      ],
      "obj_id": 3
    },
    {
      "cam_R_m2c": [
        0.14504500590142216,
        0.9734929167003327,
        0.17684418396889978,
        0.7275050765873158,
        0.016208017957863828,
        -0.685910467950298,
        -0.6705952065938985,
        0.22814293511749556,
        -0.705870197120878
      ],
      "cam_t_m2c": [
        -116.20011833729903,
        33.148550641059906,
        720.6277937420002
      ],
      "obj_id": 13
    },
    {
      "cam_R_m2c": [
        0.40449690293129337,
        -0.9136941325887422,
        0.039314779208575464,
        -0.6272303078004229,
        -0.30844984174987244,
        -0.715150582062415,
        0.6655554394117583,
        0.2646168315723408,
        -0.6978637143042042
      ],
      "cam_t_m2c": [
        -85.80493746393972,
        -66.1700827193849,
        813.3922005895477
      ],
      "obj_id": 14
    },
    {
      "cam_R_m2c": [
        0.280403625680503,
        -0.9533309692813935,
        0.11195648912982326,
        -0.7236265845303929,
        -0.28657748055318116,
        -0.6278832764901567,
        0.6306647439813857,
        0.09504604674992985,
        -0.7702130265560296
      ],
      "cam_t_m2c": [
        -120.86454888135151,
        -19.79035710685478,
        773.8730903247742
      ],
      "obj_id": 15
    },
    {
      "cam_R_m2c": [
        -0.8823179667222432,
        -0.44619271232821406,
        -0.14975791976966119,
        -0.18330269571787539,
        0.6188384309459303,
        -0.7638315646647978,
        0.43349205832036786,
        -0.6464911548981902,
        -0.6278006665486111
      ],
      "cam_t_m2c": [
        -28.46688221747216,
        72.00967394459259,
        686.3977824105081
      ],
      "obj_id": 16
    },
    {
      "cam_R_m2c": [
        0.6689742237371424,
        -0.7426111156340044,
        -0.03166384572310636,
        -0.6008102541925742,
        -0.5151714802382961,
        -0.6112486183608246,
        0.4376076535156787,
        0.4279335548448352,
        -0.7908048419533712
      ],
      "cam_t_m2c": [
        -21.649406747568833,
        -1.9196396909804037,
        758.6046861110289
      ],
      "obj_id": 17
    },
    {
      "cam_R_m2c": [
        -0.6389393207076975,
        -0.7623295459439718,
        0.10300756067968019,
        -0.5308536448191657,
        0.3400415165071435,
        -0.7762510708306775,
        0.5567322215316852,
        -0.5506591932481598,
        -0.6219513911946135
      ],
      "cam_t_m2c": [
        42.978268198436005,
        -65.06565532650112,
        843.82068036461
      ],
      "obj_id": 18
    }
  ],
  "229": [
    {
      "cam_R_m2c": [
        0.9416245550199038,
        -0.30422561331440723,
        -0.1441847291797006,
        -0.31648418847176724,
        -0.6538509514843149,
        -0.6872526942698555,
        0.1148048180065967,
        0.6927667212207387,
        -0.7119645612820984
      ],
      "cam_t_m2c": [
        -32.1431127690925,
        46.83175242764926,
        694.7851840517052
      ],
      "obj_id": 1
    },
    {
      "cam_R_m2c": [
        0.6944391024093773,
        0.7160654398516392,
        -0.07073796145949914,
        0.3582104162658376,
        -0.4292947753097287,
        -0.8290902533776744,
        -0.6240508172916467,
        0.5504141030725361,
        -0.5546210697351012
      ],
      "cam_t_m2c": [
        33.59602013067557,
        35.60750461239516,
        715.533309702888
      ],
      "obj_id": 3
    },
    {
      "cam_R_m2c": [
        -0.7413278094112297,
        0.6710212551756373,
        0.012755868954602958,
        0.4941118655903024,
        0.5585479732327763,
        -0.666241199248597,
        -0.45418724534412735,
        -0.4876005824038675,
        -0.7456265758826024
      ],
      "cam_t_m2c": [
        -129.70751848627043,
        -38.57663748188988,
        800.641415450097
      ],
      "obj_id": 13
    },
    {
      "cam_R_m2c": [
        0.8321613292287963,
        -0.549831815107798,
        0.07205352870394108,
        -0.28008502359630527,
        -0.5288913722627442,
        -0.8011402703953129,
        0.47860121171516057,
        0.6464973865641651,
        -0.5941225417232081
      ],
      "cam_t_m2c": [
        -5.034529534388884,
        -90.87836307829578,
        845.7748564524527
      ],
      "obj_id": 14
    },
    {
      "cam_R_m2c": [
        0.9489372132767382,
