{
    "3": [
        {
            "cam_R_m2c": [
                0.28701257526604673,
                -0.8561369864725658,
                0.42971296181050195,
                -0.9532738311999412,
                -0.211106721664612,
                0.21610932502708952,
                -0.09430422539526744,
                -0.4716602499367897,
                -0.8767230360254838
            ],
            "cam_t_m2c": [
                45.40064382941842,
                109.35614622213794,
                745.0213024567166
            ],
            "obj_id": 1
        },
        {
            "cam_R_m2c": [
                0.7996273262059147,
                0.29443942619997676,
                -0.5233560307209073,
                0.26592163876859937,
                -0.9550506456404125,
                -0.13101263875674488,
                -0.5384068042234844,
                -0.034410825416328145,
                -0.8419821289097599
            ],
            "cam_t_m2c": [
                86.26772945663008,
                36.088387164924825,
                740.496757999021
            ],
            "obj_id": 3
        },
        {
            "cam_R_m2c": [
                -0.5108410409993146,
                0.859174325345331,
                -0.02934749624255837,
                0.8556892299150667,
                0.5048920518940982,
                -0.1134905734888074,
                -0.0826905191974841,
                -0.08308803682130406,
                -0.9931054153526878
            ],
            "cam_t_m2c": [
                -103.68468599875058,
                71.77452443010014,
                756.3920197267263
            ],
            "obj_id": 13
        },
        {
            "cam_R_m2c": [
                0.39941089408570474,
                -0.873797493120761,
                0.27739684838277834,
                -0.4770775133832887,
                -0.4564875382366129,
                -0.751010267400953,
                0.7828591663253844,
                0.167621765773752,
                -0.5991947250894409
            ],
            "cam_t_m2c": [
                -76.39677210462135,
                -69.81050470035186,
                778.7728182729502
            ],
            "obj_id": 14
        },
        {
            "cam_R_m2c": [
                0.1764079168467151,
                -0.7596003678376112,
                -0.6260091484591909,
                -0.9842506146809012,
                -0.14353340427372,
                -0.10319601522178955,
                -0.011465808478718812,
                0.6343543417910236,
                -0.7729572305743072
            ],
            "cam_t_m2c": [
                -131.95904096451548,
                14.943429713525084,
                758.8779121545233
            ],
            "obj_id": 15
        },
        {
            "cam_R_m2c": [
                -0.5012386346446902,
                -0.6758691866399991,
                0.540334101710513,
                -0.8576729429562857,
                0.4708235172703404,
                -0.2066944229748146,
                -0.11470369355133496,
                -0.5670331143942517,
                -0.8156691889786947
            ],
            "cam_t_m2c": [
                -18.473793485397728,
                120.99073235811778,
                726.6817969220773
            ],
            "obj_id": 16
        },
        {
            "cam_R_m2c": [
                0.13340870827824242,
                -0.9727021046220403,
                0.1898753814620498,
                -0.7947057511815895,
                -0.21946808363401782,
                -0.5659302902533907,
                0.5921531205425095,
                -0.07539511073419457,
                -0.8022904697786919
            ],
            "cam_t_m2c": [
                -7.344962571848349,
                29.273493198241393,
                753.8729559949614
            ],
            "obj_id": 17
        },
        {
            "cam_R_m2c": [
                -0.5139319683059203,
                -0.7674190882856279,
                0.38333006094533045,
                -0.6937631468454942,
                0.63465866338525,
                0.34044261438076545,
                -0.5045461752524969,
                -0.09097556949930556,
                -0.8585782935737811
            ],
            "cam_t_m2c": [
                57.9002600754541,
                -66.2316843934977,
                784.705668484408
            ],
            "obj_id": 18
        }
    ],
    "13": [
        {
            "cam_R_m2c": [
                0.914773386831273,
                0.12024800836526525,
                -0.3856547859478474,
                0.1332014176587894,
                -0.9910649215627773,
                0.006937512270830639,
                -0.3813743674869008,
                -0.057716659593250355,
                -0.92261665538918
            ],
            "cam_t_m2c": [
                -30.468522560824837,
                93.56109711561274,
                736.9848277360115
            ],
            "obj_id": 1
        },
        {
            "cam_R_m2c": [
                0.7240050909586336,
                0.525334722515088,
                -0.44703472859075116,
                0.20897960047524092,
                -0.7846600689048293,
                -0.5836402005032214,
                -0.6573769089786268,
                0.32913767479539957,
                -0.6778814819663226
            ],
            "cam_t_m2c": [
                41.60288320918791,
                77.45258508264331,
                737.8917716918172
            ],
            "obj_id": 3
        },
        {
            "cam_R_m2c": [
                -0.048141657332861534,
                0.9973838629357862,
                -0.05392545649559112,
                0.9869857868719334,
                0.03920845974649755,
                -0.15595360679152195,
                -0.1534312836939198,
                -0.06073096962492919,
                -0.9862909071227223
            ],
            "cam_t_m2c": [
                -118.4585007777016,
                -9.477242220571895,
                773.6113404368756
            ],
            "obj_id": 13
        },
        {
            "cam_R_m2c": [
                0.5064994514071329,
                -0.834127511357018,
                -0.21838006297230336,
                -0.811944632817896,
                -0.3761688444723743,
                -0.4463659764325379,
                0.2901786053579506,
                0.40339650717831743,
                -0.86779421465123
            ],
            "cam_t_m2c": [
                7.455384026539692,
                -71.1607435124388,
                789.0289055954541
            ],
            "obj_id": 14
        },
        {
            "cam_R_m2c": [
                0.6019967416932818,
                -0.5472169563490223,
                -0.5815097904834868,
                -0.7486636041782986,
                -0.6400513811794735,
                -0.17273424171699167,
                -0.2776727116848756,
                0.5393405963696416,
                -0.7949896106948895
            ],
            "cam_t_m2c": [
                -70.49483789269956,
                -73.96703965769358,
                770.4089983784506
            ],
            "obj_id": 15
        },
        {
            "cam_R_m2c": [
                0.36251972721802944,
                -0.9184138104143951,
                0.15841388321663136,
                -0.9291247828316492,
                -0.3428646509505796,
                0.13845987627339745,
                -0.07284957777353378,
                -0.19738103441511548,
                -0.9776160494125943
            ],
            "cam_t_m2c": [
                -114.46935563221241,
                61.43303473161298,
                759.973005918108
            ],
            "obj_id": 16
        },
        {
            "cam_R_m2c": [
                0.9206064037784729,
                0.3841350208767165,
                -0.07016804854467538,
                0.38642823483695965,
                -0.870346078689004,
                0.30523911604795423,
                0.05618311698822063,
                -0.30812071672421865,
                -0.9496866655903939
            ],
            "cam_t_m2c": [
                -30.464908132076875,
                28.0804696299116,
                763.0555069088933
            ],
            "obj_id": 17
        },
        {
            "cam_R_m2c": [
                0.06681947519257302,
                -0.7403162909263459,
                0.6689289948302808,
                -0.7944601827320933,
                -0.44507312309489494,
                -0.4132111952112788,
                0.6036293687755279,
                -0.5038269373656691,
                -0.6178911531533503
            ],
            "cam_t_m2c": [
                83.72720543338586,
                -6.604944563519021,
                765.8775175731884
            ],
            "obj_id": 18
        }
    ],
    "21": [
        {
            "cam_R_m2c": [
                0.8373949199632942,
                0.5448109981853454,
                0.04416035719407434,
                0.34248106809105006,
                -0.46000422830817406,
                -0.819208579605099,
                -0.4260003047306771,
                0.7011260016542973,
                -0.5717924026037324
            ],
            "cam_t_m2c": [
                -89.21917912504794,
                78.38557852032355,
                750.160365772853
            ],
            "obj_id": 1
        },
        {
            "cam_R_m2c": [
                -0.5914281378235982,
                0.7889654593148386,
                0.1665714263069665,
                0.6915831324732955,
                0.6025271328084697,
                -0.3983391898069063,
                -0.4146401652286465,
                -0.12039098534039111,
                -0.9019862723586768
            ],
            "cam_t_m2c": [
                -33.81194737386974,
                88.33589955114395,
                745.846153338058
            ],
            "obj_id": 3
        },
        {
            "cam_R_m2c": [
                -0.8225093681689953,
                -0.3777538999318777,
                0.42518221009541696,
                -0.4802614202466446,
                0.8617672482531372,
                -0.1634218974921342,
                -0.3046747640301054,
                -0.33861506032564503,
                -0.890231855956586
            ],
            "cam_t_m2c": [
                -75.4938187498899,
                -71.50299021920338,
                797.4962714792593
            ],
            "obj_id": 13
        },
        {
            "cam_R_m2c": [
                0.8498832081920862,
                -0.15136609702047463,
                -0.5047639298911988,
                -0.2744516863650441,
                -0.9448376980304595,
                -0.17876874396929238,
                -0.449860497370463,
                0.29046641203982687,
                -0.8445439579926526
            ],
            "cam_t_m2c": [
                69.77522247560364,
                -41.89652405909566,
                774.0725405422188
            ],
            "obj_id": 14
        },
        {
            "cam_R_m2c": [
                0.9489103669038246,
                0.3090214147730148,
                -0.06383036567358266,
                0.1198141718020162,
                -0.5399939105243027,
                -0.8330972000155671,
                -0.2919132450364936,
                0.7828876351548514,
                -0.549430728541515
            ],
            "cam_t_m2c": [
                10.952446992742132,
                -92.0283882252544,
                779.4938847845847
            ],
            "obj_id": 15
        },
        {
            "cam_R_m2c": [
                0.6041882866897046,
                -0.7845746882498711,
                0.13927838414523933,
                -0.7654945506980434,
                -0.5229422915229526,
                0.3749002829823706,
                -0.22130301504043007,
                -0.33312741854723954,
                -0.9165427951007472
            ],
            "cam_t_m2c": [
                -120.96488646902264,
                -19.185296479043856,
                777.7725872137037
            ],
            "obj_id": 16
        },
        {
            "cam_R_m2c": [
                0.94998427389929,
                0.12246177780182305,
                0.28728568520711506,
                0.1973294557714772,
                -0.9483850162238667,
                -0.24824826708272998,
                0.24205641686993387,
                0.2925218023533304,
                -0.9251157325907721
            ],
            "cam_t_m2c": [
                -9.189448780280287,
                -7.773363652922676,
                756.9307123479375
            ],
            "obj_id": 17
        },
        {
            "cam_R_m2c": [
                0.9671446555909203,
                0.06259297885737072,
                0.2463999590136191,
                0.10284299717234135,
                -0.9826986122404952,
                -0.15403606259354863,
                0.23249558483417843,
                0.17431624644631846,
                -0.9568487087705961
            ],
            "cam_t_m2c": [
                80.68460759443312,
                84.51306136036607,
                749.5748155051168
            ],
            "obj_id": 18
        }
    ],
    "30": [
        {
            "cam_R_m2c": [
                0.4801230265462989,
                0.7793654161910709,
                0.40258220337064043,
                0.7068535417973122,
                -0.07196059299217666,
                -0.7036898957174061,
                -0.5194614051367268,
                0.6224241319333502,
                -0.5854469655360909
            ],
            "cam_t_m2c": [
                -96.32331088601413,
                -20.760570649716264,
                768.8759650711876
            ],
            "obj_id": 1
        },
        {
            "cam_R_m2c": [
                -0.8372079943076882,
                0.3787917528954751,
                -0.3944615059837184,
                0.387237914794807,
                0.9199261455146942,
                0.06150550791097485,
                0.38617329504452164,
                -0.10125814238438047,
                -0.9168518103023086
            ],
            "cam_t_m2c": [
                -69.41547199955941,
                48.7585267332002,
                742.2559861182079
            ],
            "obj_id": 3
        },
        {
            "cam_R_m2c": [
                -0.5386754473312858,
                -0.6650486331426918,
                -0.5172420126469731,
                -0.36703360634384763,
                0.737847672997932,
                -0.5664512062041724,
                0.7583638369020559,
                -0.11528784228469016,
                -0.6415557501914365
            ],
            "cam_t_m2c": [
                22.069017519563367,
                -105.1230792224429,
                786.433654530729
            ],
            "obj_id": 13
        },
        {
            "cam_R_m2c": [
                0.07643536167338132,
                0.9265505560218906,
                -0.3683232445902051,
                0.6752403482495075,
                -0.3199020785495744,
                -0.6646148300811369,
                -0.7336268687928101,
                -0.19790710320801297,
                -0.6500962731716864
            ],
            "cam_t_m2c": [
                106.92736636334688,
                27.09035680874671,
                760.2095738440213
            ],
            "obj_id": 14
        },
        {
            "cam_R_m2c": [
                0.8930777881788804,
                0.4200028732445105,
                0.1612774470096317,
                0.4342382532410123,
                -0.7109291375116743,
                -0.5531879828177072,
                -0.11768380821809382,
                0.5640725504119681,
                -0.8172959623129689
            ],
            "cam_t_m2c": [
                70.89917472293358,
                -56.34424705201375,
                795.8510644744466
            ],
            "obj_id": 15
        },
        {
            "cam_R_m2c": [
                0.8984788888490987,
                0.15803119549031672,
                0.40958815887455247,
                0.10246570899311082,
                -0.9826841132952661,
                0.15437943300055101,
                0.42689240338614315,
                -0.09673770248244518,
                -0.8991132186978086
            ],
            "cam_t_m2c": [
                -58.0098520333472,
                -75.5283445010574,
                788.2465596521159
            ],
            "obj_id": 16
        },
        {
            "cam_R_m2c": [
                0.3825858271178728,
                0.9173549007485438,
                0.10994971110927373,
                0.6082499752056394,
                -0.16050385569827944,
                -0.7773482784611548,
                -0.6954567215762865,
                0.3642791242425352,
                -0.6193874104802393
            ],
            "cam_t_m2c": [
                6.330235370418797,
                -12.509778880804872,
                770.4978724858494
            ],
            "obj_id": 17
        },
        {
            "cam_R_m2c": [
                0.8806993737086388,
                0.4311521025207195,
                -0.1961559168072494,
                0.4702778429199681,
                -0.7463630219702366,
                0.47093665125581813,
                0.056641493392581926,
                -0.5070009862850449,
                -0.8600822957028883
            ],
            "cam_t_m2c": [
                18.917847635097395,
                121.33343691057281,
                728.1873868947416
            ],
            "obj_id": 18
        }
    ],
    "39": [
        {
            "cam_R_m2c": [
                -0.5058293465004439,
                0.732998950651563,
                0.45480741445962614,
                0.4448266077571329,
                0.6733662972678368,
                -0.5905142980424957,
                -0.7390977921540206,
                -0.09638875449547679,
                -0.6666659402613283
            ],
            "cam_t_m2c": [
                -65.97472458067976,
                -79.22555548405379,
                787.122677759385
            ],
            "obj_id": 1
        },
        {
            "cam_R_m2c": [
                -0.9788983079872493,
                -0.010702292704073892,
                -0.20406892518868677,
                -0.0848181343054204,
                0.92982255210155,
                0.3580997189462576,
                0.18591552779823664,
                0.3678517260330369,
                -0.9111096868146764
            ],
            "cam_t_m2c": [
                -101.69488313016737,
                2.375376497837715,
                774.8900391085022
            ],
            "obj_id": 3
        },
        {
            "cam_R_m2c": [
                -0.4498621224699726,
                -0.879893453503063,
                -0.15300993596968146,
                -0.865099797446975,
                0.3867548977691363,
                0.31940966192605913,
                -0.22186896591671088,
                0.2760592979056836,
                -0.93518224090678
            ],
            "cam_t_m2c": [
                93.90178945743553,
                -53.25701583548393,
                776.4257371516488
            ],
            "obj_id": 13
        },
        {
            "cam_R_m2c": [
                -0.735844860452233,
                0.6501812987220559,
                0.1892007350922383,
                0.6764274935778216,
                0.7186865050346506,
                0.16104427730240403,
                -0.03126801823045119,
                0.24648423203568212,
                -0.9686424618677912
            ],
            "cam_t_m2c": [
                67.99421358698554,
                87.55590617239743,
                720.7075262599604
            ],
            "obj_id": 14
        },
        {
            "cam_R_m2c": [
                0.32853536420748486,
                0.943141582513723,
                -0.050484141574765495,
                0.7825343953741988,
                -0.3017410185584458,
                -0.5446029483195374,
                -0.5288704342345038,
                0.1394159367571075,
                -0.8371734446790096
            ],
            "cam_t_m2c": [
                88.80061317562495,
                18.49823553118165,
                761.2871010237366
            ],
            "obj_id": 15
        },
        {
            "cam_R_m2c": [
                0.8459404648608417,
                0.5098596629363795,
                -0.1562959197854037,
                0.18189468831645939,
                -0.5513787701532832,
                -0.8141842044679111,
                -0.5012976695996854,
                0.6603213304281305,
                -0.5591744477334257
            ],
            "cam_t_m2c": [
                20.50740196528465,
                -80.89434987000556,
                790.1688162541398
            ],
            "obj_id": 16
        },
        {
            "cam_R_m2c": [
                -0.890819525784253,
                0.2946669598255791,
                -0.3458500380295826,
                0.4533507962075391,
                0.6270848263891331,
                -0.6334331539637392,
                0.03022597298223297,
                -0.7210659008423822,
                -0.6922070405587323
            ],
            "cam_t_m2c": [
                9.618060525608094,
                16.764001404166542,
                770.4053144707898
            ],
            "obj_id": 17
        },
        {
            "cam_R_m2c": [
                0.9487106949748797,
                0.3101756703968345,
                -0.06114893054659523,
                0.28715181067881906,
                -0.9263482322919592,
                -0.24376783530891066,
                -0.13225581849363255,
                0.2137060264162885,
                -0.9679041364063412
            ],
            "cam_t_m2c": [
                -65.09479980418759,
                111.61617105854572,
                733.49397233287
            ],
            "obj_id": 18
        }
    ],
    "54": [
        {
            "cam_R_m2c": [
                -0.9529441871067492,
                -0.1822689237855869,
                -0.2422305066525437,
                0.08372446667184041,
                0.6097313204536939,
                -0.7881738934400919,
                0.29135511416081605,
                -0.7713663808303407,
                -0.5657793626907112
            ],
            "cam_t_m2c": [
                47.484178100427584,
                -58.890255971487946,
                786.9192039187332
            ],
            "obj_id": 1
        },
        {
            "cam_R_m2c": [
                -0.11795619058637204,
                -0.9122383679251009,
                -0.39231069604369584,
                -0.9777404660096128,
                0.03765798216477871,
                0.20641160565755443,
                -0.1735230084909632,
                0.4079255795186253,
                -0.896374117609355
            ],
            "cam_t_m2c": [
                -12.726486440216481,
                -74.76686592905257,
                768.7571259686473
            ],
            "obj_id": 3
        },
        {
            "cam_R_m2c": [
                0.8621270657919293,
                -0.01395785671656049,
                0.5065000542283495,
                0.21417801010968465,
                -0.8958879579025824,
                -0.3892464447579913,
                0.4592003476968324,
                0.4440610903315302,
                -0.7693795501638393
            ],
            "cam_t_m2c": [
                87.06844297859399,
                92.28077102432948,
                750.9623615397345
            ],
            "obj_id": 13
        },
        {
            "cam_R_m2c": [
                -0.874443420185674,
                -0.3599575556526634,
                0.3252375981815731,
                -0.28211562759778125,
                0.9227109532703873,
                0.2627081023688107,
                -0.3946640289704914,
                0.13796879621643682,
                -0.9084079202534667
            ],
            "cam_t_m2c": [
                -48.35001614518097,
                94.78746132619287,
                739.0971188625784
            ],
            "obj_id": 14
        },
        {
            "cam_R_m2c": [
                -0.8487383416724155,
                0.4006474148704764,
                -0.3451450127730611,
                0.5285660512570315,
                0.6626872707256865,
                -0.5305315788798702,
                0.016167097384428182,
                -0.6327144411673763,
                -0.7742164786863454
            ],
            "cam_t_m2c": [
                14.91402995823518,
                132.88932831542934,
                738.9866560035871
            ],
            "obj_id": 15
        },
        {
            "cam_R_m2c": [
                -0.08195013742957272,
                0.7775733464602587,
                -0.6234292148574021,
                0.9926653767863284,
                0.00789641781285696,
                -0.12063762304745491,
                -0.08888172493655372,
                -0.6287428317834205,
                -0.7725170353255079
            ],
            "cam_t_m2c": [
                103.32437499794302,
                17.400246065798694,
                756.1188735582257
            ],
            "obj_id": 16
        },
        {
            "cam_R_m2c": [
                -0.7826654249238848,
                -0.37515324594822674,
                -0.4966840302452987,
                -0.018549401381195034,
                0.8116628664183324,
                -0.5838317880827186,
                0.6221663627442703,
                -0.4477317904259368,
                -0.6422191286654356
            ],
            "cam_t_m2c": [
                15.046371552753866,
                11.500380773776342,
                756.5695591404334
            ],
            "obj_id": 17
        },
        {
            "cam_R_m2c": [
                -0.4882182588605114,
                0.8555917586963342,
                0.1720635698431956,
                0.27145919933304685,
                0.33625635092640455,
                -0.9017991620584151,
                -0.8294293991610834,
                -0.3935665595643885,
                -0.3964245529990007
            ],
            "cam_t_m2c": [
                -98.86499848278285,
                0.29715841469693594,
                764.201393515568
            ],
            "obj_id": 18
        }
    ],
    "62": [
        {
            "cam_R_m2c": [
                -0.8844362038495505,
                -0.23855013200470743,
                -0.4010809708325616,
                -0.1385153195098093,
                0.954932866676219,
                -0.2625200219675106,
                0.44562952195537964,
                -0.17662639565776073,
                -0.8776209202572695
            ],
            "cam_t_m2c": [
                100.51049910095014,
                -6.523306645281236,
                768.3257298613315
            ],
            "obj_id": 1
        },
        {
            "cam_R_m2c": [
                0.7928517909867,
                -0.5847137162175798,
                -0.1717427068439108,
                -0.5758190914889288,
                -0.8110570874364026,
                0.10304642934988846,
                -0.19954572615926489,
                0.017192347445036563,
                -0.9797382624023591
            ],
            "cam_t_m2c": [
                32.08858341135183,
                -41.68531648872368,
                778.2295921204131
            ],
            "obj_id": 3
        },
        {
            "cam_R_m2c": [
                0.6090457827395249,
                0.7681175062568907,
                -0.19763216474662135,
                0.7749641500660532,
                -0.629353800960405,
                -0.057827543216224374,
                -0.1687989408859083,
                -0.11793812847819693,
                -0.9785697162053243
            ],
            "cam_t_m2c": [
                -1.2052954041676425,
                126.82209543826718,
                717.4693338613655
            ],
            "obj_id": 13
        },
        {
            "cam_R_m2c": [
                -0.25290337089898896,
                -0.9567086823068413,
                -0.14404195390947647,
                -0.9673044328416309,
                0.2529627193580722,
                0.01821254772918658,
                0.019013294055980214,
                0.14393841203680416,
                -0.9894045711387134
            ],
            "cam_t_m2c": [
                -109.84978494712968,
                48.33943832649718,
                729.7270577264494
            ],
            "obj_id": 14
        },
        {
            "cam_R_m2c": [
                -0.5152442287128755,
                -0.7231972602616762,
                0.45990111150673746,
                -0.79271492489953,
                0.19817298823457385,
                -0.5764811383967828,
                0.32576973275245624,
                -0.6615988936887551,
                -0.6753974026294783
            ],
            "cam_t_m2c": [
                -64.62574542439471,
                93.32611295028565,
                728.065481022825
            ],
            "obj_id": 15
        },
        {
            "cam_R_m2c": [
                -0.5648943601403089,
                0.8217346027762812,
                -0.07513901175115177,
                0.552586903258692,
                0.30909499032903753,
                -0.7740211298324103,
                -0.6128146656646504,
                -0.4787610908427447,
                -0.6286864132912751
            ],
            "cam_t_m2c": [
                87.9132299103082,
                100.26630289207674,
                749.7510112850324
            ],
            "obj_id": 16
        },
        {
            "cam_R_m2c": [
                -0.8109321012755925,
                -0.5556073512446603,
                -0.18354556569167516,
                -0.39864153683818093,
                0.7542055792854199,
                -0.521784604471719,
                0.42833854999377374,
                -0.34996278170696,
                -0.8330984567398043
            ],
            "cam_t_m2c": [
                -11.059243931516733,
                47.42472427806777,
                750.189458009248
            ],
            "obj_id": 17
        },
        {
            "cam_R_m2c": [
                -0.9036452926378288,
                -0.4204689744343558,
                0.08142916665877038,
                -0.33516497289226,
                0.5759118777695559,
                -0.7456474497493017,
                0.26662516214594606,
                -0.7010930597664127,
                -0.6613473141172821
            ],
            "cam_t_m2c": [
                -54.896996945327345,
                -74.56553434646841,
                797.0042167304263
            ],
            "obj_id": 18
        }
    ],
    "67": [
        {
            "cam_R_m2c": [
                -0.3430890972372208,
                -0.7859057031078551,
                0.5144339491456286,
                -0.8818670692107324,
                0.45808111302365573,
                0.11167601737897478,
                -0.323419295390887,
                -0.4153467530931835,
                -0.8502278097324283
            ],
            "cam_t_m2c": [
                79.31312083403881,
                50.681571144914955,
                763.741315546507
            ],
            "obj_id": 1
        },
        {
            "cam_R_m2c": [
                0.21047587034082996,
                -0.9191241864378314,
                0.3330324950803949,
                -0.8715942896053416,
                -0.33071179319236305,
                -0.3618739892052208,
                0.442744031534426,
                -0.21410318923317737,
                -0.8707110441994088
            ],
            "cam_t_m2c": [
                80.07142461773097,
                -33.51747528202854,
                765.964477905707
            ],
            "obj_id": 3
        },
        {
            "cam_R_m2c": [
                0.36002706886464225,
                0.7532632873929914,
                0.5504316937851634,
                0.9067781230277115,
                -0.4212815236628932,
                -0.01658453911338491,
                0.21939379475736803,
                0.5050894029059314,
                -0.83471615107939
            ],
            "cam_t_m2c": [
                -46.29041740792373,
                114.74666582995648,
                726.9236362779355
            ],
            "obj_id": 13
        },
        {
            "cam_R_m2c": [
                -0.5053256156493998,
                -0.7567769379591719,
                -0.41464919428127045,
                -0.43472011045279196,
                0.6383391003085984,
                -0.6352495193942097,
                0.7454288567089868,
                -0.14075094689681023,
                -0.6515560168741573
            ],
            "cam_t_m2c": [
                -101.62334699115979,
                19.695025276117136,
                757.2506514254981
            ],
            "obj_id": 14
        },
        {
            "cam_R_m2c": [
                -0.053616207787417686,
                -0.9355931227122777,
                -0.3489838242107594,
                -0.9916875979318083,
                0.008952810080084837,
                0.12835623225587084,
                -0.11696470856090119,
                0.3529650489597503,
                -0.9282974293909841
            ],
            "cam_t_m2c": [
                -91.74530298071733,
                71.57821173333647,
                727.9659952667729
            ],
            "obj_id": 15
        },
        {
            "cam_R_m2c": [
                -0.9848364855363677,
                0.04305397332402811,
                -0.16805479657018585,
                -0.01800384871758418,
                0.9381201254186917,
                0.34584144210475254,
                0.17254568593390987,
                0.3436228185524998,
                -0.9231210276048623
            ],
            "cam_t_m2c": [
                41.103456193680714,
                130.8080898474868,
                737.1803365755385
            ],
            "obj_id": 16
        },
        {
            "cam_R_m2c": [
                0.35825716648438816,
                -0.8876408290964645,
                -0.2893863126903763,
                -0.6727211571682828,
                -0.03050049264556096,
                -0.7392675703481248,
                0.6473774207291222,
                0.45952442449111813,
                -0.6080626372279802
            ],
            "cam_t_m2c": [
                -19.47395854227372,
                28.129778899305258,
                741.9046533455546
            ],
            "obj_id": 17
        },
        {
            "cam_R_m2c": [
                -0.6992957833580459,
                -0.04625676582375755,
                0.7133344928133183,
                -0.5833344943838363,
                0.61370552944822,
                -0.5320586327904628,
                -0.4131653424077084,
                -0.788178351723562,
                -0.4561455397533554
            ],
            "cam_t_m2c": [
                -8.006242640046835,
                -82.94535925575028,
                798.7022295725897
            ],
            "obj_id": 18
        }
    ],
    "71": [
        {
            "cam_R_m2c": [
                -0.5673221372473063,
                -0.7865678053511261,
                0.24383820244879822,
                -0.8100756386048377,
                0.4798125936685346,
                -0.3369825026480983,
                0.14806303715392372,
                -0.3887054036690501,
                -0.9093872513703171
            ],
            "cam_t_m2c": [
                55.907361282263565,
                68.1251813328403,
                739.4896631080761
            ],
            "obj_id": 1
        },
        {
            "cam_R_m2c": [
                0.6029560070077709,
                -0.7611891641212656,
                -0.2388212669265494,
                -0.7257755908240229,
                -0.39910163193436243,
                -0.5603280387197537,
                0.33120176277996777,
                0.511183636812598,
                -0.79309289525715
            ],
            "cam_t_m2c": [
                86.8195224548366,
                -7.724653435417931,
                765.3682224553072
            ],
            "obj_id": 3
        },
        {
            "cam_R_m2c": [
                -0.029985343770962708,
                0.8816555589883216,
                0.4709401735001931,
                0.9917659436824,
                0.08492963528865147,
                -0.09585004122482499,
                -0.12450332964114508,
                0.4641886393219043,
                -0.8769421711835417
            ],
            "cam_t_m2c": [
                -88.32802072833084,
                92.99113986071646,
                736.354815471048
            ],
            "obj_id": 13
        },
        {
            "cam_R_m2c": [
                0.31738666298638124,
                -0.8627326204111954,
                -0.3936479538007677,
                -0.9347334833327182,
                -0.3545747604144851,
                0.023449552264317816,
                -0.15980811588530877,
                0.3605136493633255,
                -0.918961835979258
            ],
            "cam_t_m2c": [
                -110.68874074890384,
                -17.745055408303962,
                756.591281434773
            ],
            "obj_id": 14
        },
        {
            "cam_R_m2c": [
                -0.6308874745494834,
                -0.7374472908668088,
                0.24114911990362678,
                -0.7340069428950132,
                0.46656495800095066,
                -0.4935085135344292,
                0.2514247697547949,
                -0.488353928601578,
                -0.8356410102777635
            ],
            "cam_t_m2c": [
                -99.11834451892852,
                40.277385011522234,
                752.7482860326966
            ],
            "obj_id": 15
        },
        {
            "cam_R_m2c": [
                -0.961548282681452,
                0.0642320483029559,
                -0.2670204174684746,
                0.24598566253506343,
                0.633803219044134,
                -0.7333376357006121,
                0.1221345728017712,
                -0.7708225284709556,
                -0.6252323230122501
            ],
            "cam_t_m2c": [
                -3.8478863707001114,
                135.2067633226458,
                728.3796855231082
            ],
            "obj_id": 16
        },
        {
            "cam_R_m2c": [
                0.17487851766764492,
                -0.7747053302814089,
                0.6076590443063086,
                -0.9460326873671104,
                -0.30323240321852096,
                -0.11433218760465945,
