{
  "1": [
    {
      "cam_R_m2c": [
        0.3748587152498704,
        -0.7752452424579213,
        -0.5084060886634117,
        -0.8453295304695649,
        -0.060653816904830626,
        -0.5307900766659762,
        0.3806555589024413,
        0.6287424100387944,
        -0.6780738102005271
      ],
      "cam_t_m2c": [
        -2.3983666838923714,
        -67.89493221259133,
        725.2275497604371
      ],
      "obj_id": 19
    },
    {
      "cam_R_m2c": [
        -0.3372841110388211,
        -0.8033767402694788,
        0.4907402064426656,
        -0.8444131920500457,
        0.02772505950787625,
        -0.5349734782399143,
        0.41617937368358787,
        -0.5948264331844612,
        -0.6877327561529031
      ],
      "cam_t_m2c": [
        12.738611892683494,
        -43.825840716696504,
        785.823348943003
      ],
      "obj_id": 20
    },
    {
      "cam_R_m2c": [
        0.20501867791879486,
        0.8200090316697005,
        -0.5343715309926315,
        0.976983229886534,
        -0.13859253841701077,
        0.16215937650250462,
        0.05891206896100807,
        -0.5553184631927396,
        -0.829548267064357
      ],
      "cam_t_m2c": [
        -104.63314643823774,
        40.48388007968077,
        754.3905571400225
      ],
      "obj_id": 21
    },
    {
      "cam_R_m2c": [
        -0.12330277223559233,
        -0.8078804404686182,
        -0.5763032504032332,
        -0.5191803331972893,
        -0.4424009783418061,
        0.7312546734873082,
        -0.8457228407337567,
        0.3893713116534791,
        -0.36488702912267423
      ],
      "cam_t_m2c": [
        -0.7997020836140956,
        62.339217452661885,
        748.8722956004169
      ],
      "obj_id": 22
    },
    {
      "cam_R_m2c": [
        -0.31655651585021655,
        -0.016100463405297718,
        0.9484368896376597,
        -0.8875169001754663,
        -0.3478961621521834,
        -0.3021301633489108,
        0.3348226087910561,
        -0.9373942283419323,
        0.09583950627631173
      ],
      "cam_t_m2c": [
        88.85169376728945,
        34.56398266720098,
        753.2763454494243
      ],
      "obj_id": 23
    },
    {
      "cam_R_m2c": [
        -0.5353454201109095,
        -0.7710890686947797,
        -0.34471269571073837,
        -0.5462511806242722,
        0.6273605920646386,
        -0.5550031335079554,
        0.6442161945411129,
        -0.10881912311651604,
        -0.7570624767106331
      ],
      "cam_t_m2c": [
        -117.51727231442356,
        -23.024344416084258,
        763.0072740598075
      ],
      "obj_id": 24
    }
  ],
  "100": [
    {
      "cam_R_m2c": [
        0.36335919734369776,
        0.8511602797352661,
        -0.3788091825536597,
        0.8377900457355129,
        -0.4763800319357826,
        -0.2667755023785599,
        -0.40752634912460756,
        -0.22042749488836913,
        -0.8861909216343821
      ],
      "cam_t_m2c": [
        40.2678141138408,
        25.9570659281527,
        719.3881764816933
      ],
      "obj_id": 19
    },
    {
      "cam_R_m2c": [
        0.7643813495774369,
        0.02345194047900164,
        0.644338201808353,
        0.3475319823581312,
        -0.8567299702150672,
        -0.38109645354411387,
        0.5430865357355606,
        0.5152312853103946,
        -0.6630186216345991
      ],
      "cam_t_m2c": [
        23.28192121874327,
        35.69655261814532,
        767.0880659802242
      ],
      "obj_id": 20
    },
    {
      "cam_R_m2c": [
        -0.999346183059218,
        -0.035647604070325425,
        0.0060395237776814485,
        -0.023492176626269255,
        0.5132474778278816,
        -0.8579189832707825,
        0.02748279816915663,
        -0.857499920295183,
        -0.5137494217162984
      ],
      "cam_t_m2c": [
        21.963974087798903,
        -92.3572868195943,
        835.6712346842792
      ],
      "obj_id": 21
    },
    {
      "cam_R_m2c": [
        0.10850590512810497,
        0.45714951156849076,
        0.8827462910965147,
        -0.5104874047958776,
        0.7875873013622962,
        -0.34512055572940825,
        -0.8530117342705977,
        -0.4131835574140938,
        0.3188267638123571
      ],
      "cam_t_m2c": [
        -65.60631817125586,
        -35.09378763747239,
        761.6381909379816
      ],
      "obj_id": 22
    },
    {
      "cam_R_m2c": [
        0.17345421375418804,
        -0.0016734245459100196,
        -0.9848407283349165,
        0.43429803979147896,
        -0.8973841705834459,
        0.07801540027853969,
        -0.8839107951991649,
        -0.441246848242916,
        -0.15492804876975433
      ],
      "cam_t_m2c": [
        -88.59293557577799,
        30.61645842143073,
        748.7005248871689
      ],
      "obj_id": 23
    },
    {
      "cam_R_m2c": [
        0.33368982012256315,
        0.9417166553494147,
        0.042674078823769085,
        0.9207328387182275,
        -0.31587346029360486,
        -0.2290729498643183,
        -0.20224258757194882,
        0.11573065412423603,
        -0.9724733615134281
      ],
      "cam_t_m2c": [
        82.61134840386163,
        -62.87903650576665,
        765.2786666026445
      ],
      "obj_id": 24
    }
  ],
  "115": [
    {
      "cam_R_m2c": [
        -0.6259930272942574,
        0.7526704047623471,
        0.2040107839787614,
        0.7789171065589378,
        0.5908395575928518,
        0.21023024385635133,
        0.03769728761936755,
        0.29051040872137573,
        -0.9561291507544083
      ],
      "cam_t_m2c": [
        -23.40228841010211,
        22.9279574773906,
        696.6531350560435
      ],
      "obj_id": 19
    },
    {
      "cam_R_m2c": [
        -0.23201284439089032,
        0.9365603194852452,
        -0.2627258387421533,
        0.9696401702213581,
        0.2441356651279667,
        0.014001397417830158,
        0.0772547221916225,
        -0.2515012490992348,
        -0.9647689857619037
      ],
      "cam_t_m2c": [
        -23.66782829578543,
        35.90908351702784,
        759.4111882211778
      ],
      "obj_id": 20
    },
    {
      "cam_R_m2c": [
        0.5458111287444186,
        -0.8378485258256259,
        0.01001721412596651,
        -0.39699981579908594,
        -0.2691136499054957,
        -0.8774792368732016,
        0.7378899848968009,
        0.47496111728034585,
        -0.4795101003649214
      ],
      "cam_t_m2c": [
        88.61543523139257,
        -11.367855053126139,
        769.6925815883661
      ],
      "obj_id": 21
    },
    {
      "cam_R_m2c": [
        0.4766732635230997,
        0.0175244887803507,
        0.8789060151391722,
        -0.7353736866793961,
        0.5557685089052647,
        0.3877471413001206,
        -0.4816723353634584,
        -0.8311525348327672,
        0.2778069924579916
      ],
      "cam_t_m2c": [
        3.9501197963360113,
        -59.48029736512393,
        777.556359166404
      ],
      "obj_id": 22
    },
    {
      "cam_R_m2c": [
        -0.7310137489167665,
        0.49509660561372126,
        -0.4695729625232817,
        0.551507977960368,
        0.023451580336687625,
        -0.8338400551081457,
        -0.40181852074662594,
        -0.8685214247347116,
        -0.2901936759241337
      ],
      "cam_t_m2c": [
        -72.45885466518801,
        -67.93833338549642,
        803.5842743884157
      ],
      "obj_id": 23
    },
    {
      "cam_R_m2c": [
        -0.45328363540965966,
        0.749856616219761,
        0.48192278040657976,
        0.3792621057585893,
        0.6515216788091113,
        -0.6570240199316855,
        -0.806656348454049,
        -0.11504313070187286,
        -0.5797154219456467
      ],
      "cam_t_m2c": [
        57.99849528214071,
        64.81966958643645,
        704.3225758009506
      ],
      "obj_id": 24
    }
  ],
  "12": [
    {
      "cam_R_m2c": [
        0.41183519426940346,
        -0.8452280991031815,
        -0.34056014108761606,
        -0.8491916630638141,
        -0.49154243695723165,
        0.19302856006823244,
        -0.33055251710216643,
        0.2097049123432016,
        -0.9201944760231107
      ],
      "cam_t_m2c": [
        54.36796145942911,
        -28.3539914396133,
        730.3403453789912
      ],
      "obj_id": 19
    },
    {
      "cam_R_m2c": [
        0.4704781787934102,
        -0.7085780264109438,
        0.5258959802064387,
        -0.5261003629587716,
        -0.7037123053351809,
        -0.4775014620174747,
        0.7084272445636695,
        -0.05201963378155231,
        -0.7038642449268213
      ],
      "cam_t_m2c": [
        42.075862896834295,
        -10.456284247559331,
        788.1338581660835
      ],
      "obj_id": 20
    },
    {
      "cam_R_m2c": [
        -0.22708164672324155,
        0.9537859496710108,
        -0.19679008527691766,
        0.9434829364023319,
        0.26554530588191483,
        0.1983079773666858,
        0.24139970185803825,
        -0.14063591386136437,
        -0.9601805612363071
      ],
      "cam_t_m2c": [
        -104.75830329585949,
        -40.38007053927552,
        799.3553014502301
      ],
      "obj_id": 21
    },
    {
      "cam_R_m2c": [
        -0.450374324380408,
        0.5276522640975188,
        -0.720239971410904,
        -0.6444616952946737,
        -0.750417740047695,
        -0.14677145009219708,
        -0.6179249122249446,
        0.3980658468603801,
        0.6780212103295168
      ],
      "cam_t_m2c": [
        -50.797066088441326,
        33.070977184582404,
        736.2803023329669
      ],
      "obj_id": 22
    },
    {
      "cam_R_m2c": [
        0.7427964888243684,
        -0.634177797544556,
        0.21464256285232158,
        -0.46992292833382954,
        -0.26548190496906954,
        0.8418385376126493,
        -0.476891251069644,
        -0.7261797182463307,
        -0.4952144534714208
      ],
      "cam_t_m2c": [
        4.78851723671089,
        84.41445481095171,
        716.4240171623895
      ],
      "obj_id": 23
    },
    {
      "cam_R_m2c": [
        0.9082888870806064,
        -0.36143672702299856,
        0.21065171999648713,
        -0.12556055999461208,
        -0.7158527851101785,
        -0.6868690878529601,
        0.39905603371145537,
        0.5974267744129564,
        -0.6955830764955313
      ],
      "cam_t_m2c": [
        -26.698357542801322,
        -85.66180237594,
        788.1287173189155
      ],
      "obj_id": 24
    }
  ],
  "127": [
    {
      "cam_R_m2c": [
        -0.9182226470139048,
        -0.2961800969608721,
        0.2629537424711333,
        -0.24979438642257018,
        0.9482871353556714,
        0.19584174643966645,
        -0.3073603012866258,
        0.11414132531517028,
        -0.9447229275670586
      ],
      "cam_t_m2c": [
        -85.97862130131239,
        -27.99567000293241,
        725.6104593841153
      ],
      "obj_id": 19
    },
    {
      "cam_R_m2c": [
        -0.4429959051174818,
        0.6736677496036699,
        0.5915460911107306,
        0.4888610043510347,
        0.7346086290255502,
        -0.47049347578747014,
        -0.7515115687420139,
        0.0807571225031596,
        -0.654758820333213
      ],
      "cam_t_m2c": [
        -73.24482852053147,
        -12.418384833805902,
        776.7193818917264
      ],
      "obj_id": 20
    },
    {
      "cam_R_m2c": [
        0.9377961899381143,
        0.2776063756852308,
        -0.20850252467621916,
        0.25632316560797214,
        -0.9586666384280649,
        -0.12351617435982132,
        -0.23417320692110014,
        0.062389593319197925,
        -0.9701909558170093
      ],
      "cam_t_m2c": [
        55.499473609521246,
        86.43571778688622,
        741.5688256115304
      ],
      "obj_id": 21
    },
    {
      "cam_R_m2c": [
        0.3516166003124592,
        -0.9299933145651104,
        -0.10713616280791914,
        -0.01729551579238445,
        -0.12087868078257867,
        0.9925164383355661,
        -0.9359843080667674,
        -0.3471326467047134,
        -0.058588104088848174
      ],
      "cam_t_m2c": [
        72.27127980956492,
        -11.601049849326909,
        763.1882305167948
      ],
      "obj_id": 22
    },
    {
      "cam_R_m2c": [
        -0.7447131954257553,
        -0.26237120270592484,
        0.6136481208753035,
        -0.13493286332240945,
        -0.8412992721881845,
        -0.5234576327867936,
        0.6536020895901897,
        -0.47262762642541656,
        0.5911240701119039
      ],
      "cam_t_m2c": [
        38.48945801949993,
        -102.14762683318898,
        804.7061698307456
      ],
      "obj_id": 23
    },
    {
      "cam_R_m2c": [
        -0.6520987476161947,
        0.7502195401502499,
        0.10926124090886073,
        0.47731445502011327,
        0.5182383914684829,
        -0.7096471925976338,
        -0.589014859849286,
        -0.4106082347824959,
        -0.6960336404508579
      ],
      "cam_t_m2c": [
        -31.421917337512305,
        84.89565888161881,
        697.0409621519946
      ],
      "obj_id": 24
    }
  ],
  "136": [
    {
      "cam_R_m2c": [
        -0.6874093942825062,
        -0.6437477061690318,
        0.3362400392909298,
        -0.580876085452636,
        0.20942469314202963,
        -0.7865900739066743,
        0.43594872605796275,
        -0.7360228558598033,
        -0.5178990758457935
      ],
      "cam_t_m2c": [
        -44.11810113150954,
        -51.26037986672258,
        753.4586796995538
      ],
      "obj_id": 19
    },
    {
      "cam_R_m2c": [
        -0.8858888091675224,
        0.07328937380095399,
        -0.458071570355241,
        0.40057989521853204,
        0.6188539875568757,
        -0.6756885579098192,
        0.23395891420956552,
        -0.7820792292390668,
        -0.5775950805214349
      ],
      "cam_t_m2c": [
        -45.44093803726177,
        -42.714968878229215,
        771.5022716795394
      ],
      "obj_id": 20
    },
    {
      "cam_R_m2c": [
        0.9116589498063769,
        0.35678859316218037,
        -0.20391121923185124,
        0.00538017705793957,
        -0.5065179186903038,
        -0.8622125665075604,
        -0.4109124928039977,
        0.7849464512977034,
        -0.46369215180556084
      ],
      "cam_t_m2c": [
        -35.177294397312096,
        105.64882644252756,
        732.3077390270314
      ],
      "obj_id": 21
    },
    {
      "cam_R_m2c": [
        0.0038686159065961997,
        -0.4603979488857235,
        -0.8877039718217313,
        -0.3560787745498127,
        -0.8301599044905267,
        0.4290011644441577,
        -0.9344482786774582,
        0.31443334334957257,
        -0.16715006793381212
      ],
      "cam_t_m2c": [
        55.213193741539456,
        22.40235107643133,
        724.4151445133152
      ],
      "obj_id": 22
    },
    {
      "cam_R_m2c": [
        -0.004609692939143299,
        -0.1430378548582381,
        0.9897063749061772,
        -0.999980245853572,
        0.004871749143137684,
        -0.003953292169551896,
        -0.004255286732332014,
        -0.9897055589796859,
        -0.14305721193389045
      ],
      "cam_t_m2c": [
        72.06989744968199,
        -50.3758850065084,
        782.9217518120164
      ],
      "obj_id": 23
    },
    {
      "cam_R_m2c": [
        -0.7559741375672426,
        -0.2519574780252648,
        -0.6041692296916574,
        -0.02461366484608871,
        0.9332454759018753,
        -0.35839402946763116,
        0.6541386292600452,
        -0.25606604132451033,
        -0.711711961237386
      ],
      "cam_t_m2c": [
        -99.00544909915627,
        39.3977142346306,
        744.8448110657569
      ],
      "obj_id": 24
    }
  ],
  "144": [
    {
      "cam_R_m2c": [
        0.0684772954122184,
        -0.8191800005346338,
        -0.569434304414179,
        -0.5261859090697198,
        0.4552753800776897,
        -0.7182279610383915,
        0.847607707815069,
        0.348811062931138,
        -0.39986527288334894
      ],
      "cam_t_m2c": [
        -8.208287814052797,
        -90.5310197263143,
        758.942614856215
      ],
      "obj_id": 19
    },
    {
      "cam_R_m2c": [
        -0.1214133431217759,
        -0.9925876851971538,
        0.005371964841276943,
        -0.9552108754054356,
        0.11536589040018753,
        -0.2725113725826182,
        0.26987232690394675,
        -0.03821827256928378,
        -0.9621370525226155
      ],
      "cam_t_m2c": [
        5.586555040015375,
        -51.27803429038621,
        801.7745295835826
      ],
      "obj_id": 20
    },
    {
      "cam_R_m2c": [
        0.373343208222496,
        0.8335559982189867,
        -0.4071851362626105,
        0.9059383641443883,
        -0.4220881107578129,
        -0.03341905079929329,
        -0.19972545420238486,
        -0.35640794605797244,
        -0.9127335035215433
      ],
      "cam_t_m2c": [
        -100.74094304127487,
        50.289508220920595,
        747.4707957720321
      ],
      "obj_id": 21
    },
    {
      "cam_R_m2c": [
        0.5221822864110296,
        0.0017337965226444808,
        -0.8528320100606067,
        -0.3813449573318104,
        -0.8939816862956931,
        -0.23531317322785,
        -0.7628241416701396,
        0.4480999383372125,
        -0.46616070840233753
      ],
      "cam_t_m2c": [
        3.2406295159362966,
        29.828399808799343,
        735.3398011079137
      ],
      "obj_id": 22
    },
    {
      "cam_R_m2c": [
        0.780918851465934,
        -0.09819994047529325,
        0.6168654120396527,
        -0.4589468981033407,
        -0.7601094312266025,
        0.4600001378173216,
        0.42371354540543427,
        -0.6423312420538141,
        -0.6386529742028078
      ],
      "cam_t_m2c": [
        91.32684381889266,
        -5.426978651170869,
        734.245079184146
      ],
      "obj_id": 23
    },
    {
      "cam_R_m2c": [
        0.1278250665194997,
        -0.9685630935919384,
        0.2134165552823829,
        -0.9857206304451659,
        -0.14784839702345162,
        -0.08059394308807757,
        0.10961427259850783,
        -0.20006758646551734,
        -0.9736308261866029
      ],
      "cam_t_m2c": [
        -108.46526971958178,
        -28.153536020893373,
        779.6690641521704
      ],
      "obj_id": 24
    }
  ],
  "155": [
    {
      "cam_R_m2c": [
        0.15060238444240087,
        -0.9856926419185851,
        0.07568300122529456,
        -0.6196072066898484,
        -0.15376792674268044,
        -0.7697033086016123,
        0.7703283186354891,
        0.06902568504225835,
        -0.6339004106493841
      ],
      "cam_t_m2c": [
        35.64946434644385,
        -60.30710248518258,
        770.6075575032608
      ],
      "obj_id": 19
    },
    {
      "cam_R_m2c": [
        0.8072951745535069,
        -0.5900200528899444,
        -0.01227328612555105,
        -0.473696266073439,
        -0.6354500646531143,
        -0.6097664229392964,
        0.351975100468498,
        0.4980747127465446,
        -0.792486653129102
      ],
      "cam_t_m2c": [
        39.63828541797089,
        -38.13529626264445,
        777.0919776583722
      ],
      "obj_id": 20
    },
    {
      "cam_R_m2c": [
        -0.6435127414620433,
        0.7135725374628423,
        0.27695652330217096,
        0.03868257073944177,
        0.3916833975707619,
        -0.9192869061953874,
        -0.7644573667549306,
        -0.5808591011206551,
        -0.2796560392360644
      ],
      "cam_t_m2c": [
        -104.80342149961854,
        -55.1274174198525,
        798.5037521437885
      ],
      "obj_id": 21
    },
    {
      "cam_R_m2c": [
        0.0302648950238231,
        -0.19638574572914008,
        -0.9800590210046136,
        -0.5921033968679468,
        -0.793481981171689,
        0.1407141575193683,
        -0.8052939957365594,
        0.5760374058004896,
        -0.1402951755838842
      ],
      "cam_t_m2c": [
        -58.097707062096404,
        7.4530180470322875,
        735.7110208657791
      ],
      "obj_id": 22
    },
    {
      "cam_R_m2c": [
        0.7875487039473974,
        0.011602524973747138,
        0.6161422561562017,
        -0.16429127166089266,
        -0.9596845467844268,
        0.2280677675616361,
        0.5939484956960875,
        -0.2808411906477637,
        -0.7538921750081736
      ],
      "cam_t_m2c": [
        32.43151593310321,
        61.81284831847131,
        712.2641426554952
      ],
      "obj_id": 23
    },
    {
      "cam_R_m2c": [
        0.11895799814110407,
        -0.8853983875045164,
        -0.449352993307066,
        -0.9178642084005282,
        0.07452642303261617,
        -0.3898350711672962,
        0.37864799216999767,
        0.4588185918655019,
        -0.8038105070172608
      ],
      "cam_t_m2c": [
        -62.0856653262922,
        -102.09684969971478,
        814.0208980581019
      ],
      "obj_id": 24
    }
  ],
  "165": [
    {
      "cam_R_m2c": [
        0.7030756165641727,
        0.7070843042543528,
        -0.0756074099066329,
        0.4024309633064928,
        -0.48328546038779446,
        -0.7774861203282162,
        -0.5862880455890593,
        0.5162047404336091,
        -0.6243384623583855
      ],
      "cam_t_m2c": [
        70.06230458078932,
        -36.04820862133259,
        729.214212391721
      ],
      "obj_id": 19
    },
    {
      "cam_R_m2c": [
        0.9043882123661441,
        -0.32129871143205213,
        -0.2808002706628481,
        -0.34872167644761914,
        -0.9357590715797144,
        -0.05242700134141983,
        -0.24591681405145616,
        0.14533511476865385,
        -0.9583330504183079
      ],
      "cam_t_m2c": [
        41.39617624330495,
        9.702614565126794,
        775.8305456460402
      ],
      "obj_id": 20
    },
    {
      "cam_R_m2c": [
        -0.8329944639234939,
        -0.1676694374185406,
        -0.5272635290089711,
        0.05504540508722994,
        0.9231337600752006,
        -0.3805189291834766,
        0.5505360542979664,
        -0.34599334986783786,
        -0.7597355825694816
      ],
      "cam_t_m2c": [
        -46.81514407878905,
        -77.20316105062464,
        834.5762262015027
      ],
      "obj_id": 21
    },
    {
      "cam_R_m2c": [
        -0.41435973585930097,
        0.8883331705445,
        0.19791389373707197,
        -0.33648428299762684,
        0.05252254576278722,
        -0.9402234842279871,
        -0.8456263524379456,
        -0.45618562523993744,
        0.2771466255558326
      ],
      "cam_t_m2c": [
        -68.57386313269654,
        -30.14123457206108,
        749.0148722590596
      ],
      "obj_id": 22
    },
    {
      "cam_R_m2c": [
        0.9280863936447288,
        -0.08097687509302783,
        -0.3634529812500195,
        0.01464148842934393,
        -0.9673769192148207,
        0.2529176605860632,
        -0.37207667009176487,
        -0.24005048441572874,
        -0.8966241917327264
      ],
      "cam_t_m2c": [
        -48.214147292818765,
        38.117662493368776,
        706.3415888767843
      ],
      "obj_id": 23
    },
    {
      "cam_R_m2c": [
        0.7437699442128292,
        -0.6638744481941818,
        0.07795412539497239,
        -0.4213800101287789,
        -0.5562020662953371,
        -0.7162949148100719,
        0.5188881034940226,
        0.49991039163950074,
        -0.6934294106326516
      ],
      "cam_t_m2c": [
        27.509359624127327,
        -100.42317008821492,
        816.4020017518618
      ],
      "obj_id": 24
    }
  ],
  "172": [
    {
      "cam_R_m2c": [
        0.7770658421231572,
        0.3579249886832551,
        0.5177431390146795,
        0.5695397123081811,
        -0.7500160851628107,
        -0.3363043952778143,
        0.26794386956603483,
        0.5562058967130188,
        -0.7866640845554159
      ],
      "cam_t_m2c": [
        45.79303234972595,
        6.065428339429619,
        701.8997638493396
      ],
      "obj_id": 19
    },
    {
      "cam_R_m2c": [
        0.8917741603472983,
        -0.2544245818595181,
        -0.3741752034397289,
        -0.33618214719962136,
        -0.9260398365710749,
        -0.17155579418023295,
        -0.30285329568191177,
        0.2787808296876739,
        -0.9113509506517523
      ],
      "cam_t_m2c": [
        23.664740356274983,
        34.196437199617165,
        752.5821769937656
      ],
      "obj_id": 20
    },
    {
      "cam_R_m2c": [
        -0.7265452415661757,
        -0.6834921978004641,
        -0.07049567117802326,
        -0.6823448839008891,
        0.7297634134946235,
        -0.04303169833902746,
        0.08085700590697263,
        0.016837497015753475,
        -0.9965829845387498
      ],
      "cam_t_m2c": [
        34.808077780164666,
        -90.3448520374048,
        842.886623471966
      ],
      "obj_id": 21
    },
    {
      "cam_R_m2c": [
        0.6495659651448296,
        0.6743407079969567,
        0.3511804223763889,
        -0.42282582729255636,
        0.7042774203811256,
        -0.570273744700534,
        -0.6318871740185722,
        0.22194171296898593,
        0.7426035658067128
      ],
      "cam_t_m2c": [
        -48.767377255214654,
        -57.43545857099679,
        785.2960106809642
      ],
      "obj_id": 22
    },
    {
      "cam_R_m2c": [
        0.5832514072109045,
        0.560075886518938,
        -0.5883302267767425,
        0.7167082058727351,
        -0.6957034952299918,
        0.0482269505053878,
        -0.38229328877868723,
        -0.44978960236222887,
        -0.807180771008057
      ],
      "cam_t_m2c": [
        -108.27886840597019,
        19.2799163563919,
        745.7300892073345
      ],
      "obj_id": 23
    },
    {
      "cam_R_m2c": [
        0.31129329254098675,
        0.9501602662296335,
        -0.01706320750366285,
        0.669531001291037,
        -0.23202469753562704,
        -0.7056150714065055,
        -0.6744073075063498,
        0.20822973070597078,
        -0.7083891963493226
      ],
      "cam_t_m2c": [
        101.92816767529501,
        -53.928007489437725,
        783.2563071424928
      ],
      "obj_id": 24
    }
  ],
  "178": [
    {
      "cam_R_m2c": [
        -0.24331109437942622,
        0.9467826415661573,
        0.2107177340213307,
        0.48914592658890016,
        0.3073700546308836,
        -0.816247388520032,
        -0.8375783492656382,
        -0.09553061090616624,
        -0.5379011748287672
      ],
      "cam_t_m2c": [
        13.485892607363814,
        -1.716951525735153,
        712.1990630613418
      ],
      "obj_id": 19
    },
    {
      "cam_R_m2c": [
        0.377651959997649,
        0.7429490369099891,
        0.552634832638421,
        0.866810837442765,
        -0.07378916446896948,
        -0.4931479848822761,
        -0.3256062512317658,
        0.6652681817799115,
        -0.6718625310942506
      ],
      "cam_t_m2c": [
        12.907066329999385,
        39.92808685366362,
        736.6180465007342
      ],
      "obj_id": 20
    },
    {
      "cam_R_m2c": [
        -0.26982750649024734,
        -0.7811584823148993,
        -0.563013657459682,
        -0.7129036494150435,
        0.5551029787388666,
        -0.4285199342259915,
        0.6472736068817116,
        0.28574779426041313,
        -0.7066723088832795
      ],
      "cam_t_m2c": [
        66.35197901523264,
        -62.801377873093465,
        835.4727202008511
      ],
      "obj_id": 21
    },
    {
      "cam_R_m2c": [
        -0.04029837541261051,
        0.9400324013321031,
        0.33869818090803916,
        -0.8521556511697428,
        0.14466405588308287,
        -0.5028940066294424,
        -0.5217338841910896,
        -0.30889000761744245,
        0.7952237621643532
      ],
      "cam_t_m2c": [
        -51.6657143674593,
        -76.20411694372923,
        796.2580463157335
      ],
      "obj_id": 22
    },
    {
      "cam_R_m2c": [
        -0.15029023685277557,
        -0.6245104792146036,
        -0.7664198310600546,
        0.8442393065835703,
        -0.48447655365366926,
        0.2292211651749187,
        -0.5144645186821245,
        -0.6125917046034342,
        0.6000489238602216
      ],
      "cam_t_m2c": [
        -115.67736038695779,
        -20.498976502900494,
        766.6845166785974
      ],
      "obj_id": 23
    },
    {
      "cam_R_m2c": [
        0.0505962437203422,
        0.9271615436094974,
        0.37122916912361,
        0.9926315150775816,
        -0.005703374722728885,
        -0.12104389486965364,
        -0.11011035284758731,
        0.37461799641684096,
        -0.9206175898850882
      ],
      "cam_t_m2c": [
        96.5944230323228,
        -0.24944585440660916,
        754.7308999950801
      ],
      "obj_id": 24
    }
  ],
  "18": [
    {
      "cam_R_m2c": [
        0.9793291726917821,
        0.10482415868964698,
        0.1729932986433832,
        0.202126484225026,
        -0.5398187898100955,
        -0.8171537974429884,
        0.0077275760021274075,
        0.8352289058076394,
        -0.549848120648065
      ],
      "cam_t_m2c": [
        45.3120047042929,
        -14.439007996941205,
        712.5730845520836
      ],
      "obj_id": 19
    },
    {
      "cam_R_m2c": [
        0.35649591253925283,
        -0.9342910683604252,
        0.003328507207998414,
        -0.6742215195893468,
        -0.25972428159256156,
        -0.6913526373729967,
        0.6467891863800025,
        0.2442200888517389,
        -0.7225098221251779
      ],
      "cam_t_m2c": [
        43.515694311832505,
        9.147200782171412,
        783.2943215721334
      ],
      "obj_id": 20
    },
    {
      "cam_R_m2c": [
        -0.80012950632591,
        0.033752772002962714,
        0.5988770805623672,
        -0.14841285380219757,
        0.9562315328878718,
        -0.2521797962843768,
        -0.5811771025628704,
        -0.2906575059535112,
        -0.7600997173428311
      ],
      "cam_t_m2c": [
        -74.42502596854523,
        -72.55848441144693,
        806.282951179141
      ],
      "obj_id": 21
    },
    {
      "cam_R_m2c": [
        0.6106807219266093,
        0.6455989413486983,
        -0.45855353778135066,
        -0.40810533942219357,
        -0.23966094822857398,
        -0.880915604117436,
        -0.6786155623481709,
        0.7250965578497267,
        0.11711596052445356
      ],
      "cam_t_m2c": [
        -69.8854303188546,
        29.521564174062714,
        740.9967172814149
      ],
      "obj_id": 22
    },
    {
      "cam_R_m2c": [
        0.9570472168066471,
        0.047144883728476965,
        0.28607372818771487,
        -0.289387248500567,
        0.09483132768187784,
        0.952503064040306,
        0.017776821153010162,
        -0.994376371341508,
        0.1044009830060986
      ],
      "cam_t_m2c": [
        -50.635169461789204,
        98.60435532869323,
        716.7932693197617
      ],
      "obj_id": 23
    },
    {
      "cam_R_m2c": [
        0.5948708441271868,
        -0.780907947567084,
        -0.19055586240771719,
        -0.7852663330124334,
        -0.5139309887743524,
        -0.34529950507355794,
        0.1717146201756414,
        0.3550457283576908,
        -0.9189432558867622
      ],
      "cam_t_m2c": [
        14.229210822395487,
        -100.64828868230212,
        793.9261873151811
      ],
      "obj_id": 24
    }
  ],
  "194": [
    {
      "cam_R_m2c": [
        -0.5897142703094206,
        0.4184489151134051,
        0.6907517355561752,
        0.12392242511441144,
        0.8920572430726474,
        -0.4346007321202338,
        -0.7980482683324401,
        -0.17069030101939608,
        -0.5779138937511946
      ],
      "cam_t_m2c": [
        -66.17758944694812,
        -33.00067658199751,
        712.8235373798634
      ],
      "obj_id": 19
    },
    {
      "cam_R_m2c": [
        -0.2073456018247934,
        0.9149206726606948,
        0.34630722833110267,
        0.2342096162716508,
        0.3901324399618917,
        -0.8904734931438594,
        -0.9498179469661063,
        -0.10352712428094572,
        -0.29517540413656884
      ],
      "cam_t_m2c": [
        -58.586629716206126,
        -12.809460655244566,
        761.6686137249316
      ],
      "obj_id": 20
    },
    {
      "cam_R_m2c": [
        0.2514927248106744,
        -0.9400195882431974,
        -0.23046836737610688,
        -0.7391175220711724,
        -0.032795689283411825,
        -0.6727777687265469,
        0.6248658290797726,
        0.33954163517304353,
        -0.7030324590306507
      ],
      "cam_t_m2c": [
        79.06788986118914,
        52.93207248151289,
        727.2271008676128
      ],
      "obj_id": 21
    },
    {
      "cam_R_m2c": [
        -0.41670402976790416,
        -0.5873568398529192,
        0.6938089111339584,
        -0.8402620639533238,
        0.5401019344968282,
        -0.047430945710334564,
        -0.34686839290444915,
        -0.6027457151827658,
        -0.7185961564520496
      ],
      "cam_t_m2c": [
        63.718685909040005,
        -48.280554099153136,
        780.5805482788835
      ],
      "obj_id": 22
    },
    {
      "cam_R_m2c": [
        -0.8328902300516451,
        -0.23905526302002397,
        0.4991464573381102,
        -0.1724139886345077,
        -0.7449402827213876,
        -0.6444671998939127,
        0.5258975202078536,
        -0.6228296760713541,
        0.5792369269583914
      ],
      "cam_t_m2c": [
        5.0431021092122155,
        -96.97569453289483,
        826.1933223597823
      ],
      "obj_id": 23
    },
    {
      "cam_R_m2c": [
        -0.5523288263578732,
        0.7265806190491559,
        -0.4086742049968053,
        0.81815133023409,
        0.566489384612295,
        -0.09858307152273965,
        0.15988086444433217,
        -0.38880745898338764,
        -0.9073406375851195
      ],
      "cam_t_m2c": [
        16.184193939727464,
        71.42040755503413,
        697.4285367900701
      ],
      "obj_id": 24
    }
  ],
  "207": [
    {
      "cam_R_m2c": [
        -0.7411288089805931,
        -0.6553789257656166,
        -0.14562474295493544,
        -0.6700380104670502,
        0.7356771687764391,
        0.0991377717128024,
        0.042160016348956005,
        0.1710484492353436,
        -0.9843605047363415
      ],
      "cam_t_m2c": [
        -44.28857597378024,
        -60.79495938998872,
        759.450609176145
      ],
      "obj_id": 19
    },
    {
      "cam_R_m2c": [
        -0.8768344697249961,
        0.46361691182495596,
        0.12736166743074112,
        0.42519519092626923,
        0.8713930763302018,
        -0.24471082506469582,
        -0.22443374879506856,
        -0.16041682070838617,
        -0.9611951705712394
      ],
      "cam_t_m2c": [
        -41.102538764937634,
        -38.423589022049285,
        808.4390570927553
      ],
      "obj_id": 20
    },
    {
      "cam_R_m2c": [
        0.7238417084400222,
        0.3478934867033641,
        0.5958388297346774,
        0.6899261776773107,
        -0.37426197572707043,
        -0.6196211126957951,
        0.007437494053270764,
        0.859591813712412,
        -0.510926871167456
      ],
      "cam_t_m2c": [
        -28.443257634229298,
        62.15401281506179,
        716.476486965366
      ],
      "obj_id": 21
    },
    {
      "cam_R_m2c": [
        0.28498024715414355,
        -0.9116514069683979,
        0.2961052490570737,
        -0.5398495315121946,
        0.10261049572905433,
        0.835484373715574,
        -0.7920538393995652,
        -0.397948538225107,
        -0.4629120007709865
      ],
      "cam_t_m2c": [
        43.157259373629344,
        0.16103085793785166,
        751.8977705370805
      ],
      "obj_id": 22
    },
    {
      "cam_R_m2c": [
        -0.2513522643833919,
        0.3461418971478484,
        0.9038850606105142,
        -0.9666537137999381,
        -0.04247802476149324,
        -0.2525399939601587,
        -0.04901959470013589,
        -0.9372203354465152,
        0.34527568099157957
      ],
      "cam_t_m2c": [
        88.61636473066037,
        -58.82995219176845,
        802.4843062453295
      ],
      "obj_id": 23
    },
    {
      "cam_R_m2c": [
        -0.6248943074370216,
        -0.7784244594049379,
        0.059686655824270525,
        -0.31875953907246823,
        0.1846057980065443,
        -0.9296847104251675,
        0.7126708604084022,
        -0.5999799932598137,
        -0.36348918232964983
      ],
      "cam_t_m2c": [
        -87.71336939178643,
        9.85996354442776,
        724.4674832080444
      ],
      "obj_id": 24
    }
  ],
  "216": [
    {
      "cam_R_m2c": [
        0.427057425720923,
        -0.8555401239307691,
        -0.2926990538226247,
        -0.670296634783754,
        -0.0822682561654382,
        -0.7375186470280946,
        0.6068976554036786,
        0.5111577812140806,
        -0.6085988782312637
      ],
      "cam_t_m2c": [
        -14.942995444013889,
        -82.3974289524773,
        782.2866842070042
      ],
      "obj_id": 19
    },
    {
      "cam_R_m2c": [
        -0.6581696863279161,
        -0.4308296766513096,
        0.6174120933535685,
        -0.7524941374754287,
        0.3505554793484613,
        -0.55755104805509,
        0.023772936290997713,
        -0.831562623103659,
        -0.5549218037352569
      ],
      "cam_t_m2c": [
        -0.671231669023161,
        -66.28851563818968,
        818.5935156980457
      ],
      "obj_id": 20
    },
    {
      "cam_R_m2c": [
        0.6197913189351996,
        0.6327367089414784,
        -0.4642222318581312,
        0.5765904875537795,
        -0.7684389376594748,
        -0.2775695679891114,
        -0.5323555356308777,
        -0.09563060055374971,
        -0.841101611410407
      ],
      "cam_t_m2c": [
        -84.24743623143236,
        35.30782972947435,
        738.216098833576
      ],
      "obj_id": 21
    },
    {
      "cam_R_m2c": [
        -0.31351946187161045,
        -0.015691866694881745,
        -0.9494518404985673,
        -0.4722565897878543,
        -0.8648655277130965,
        0.1702386796440181,
        -0.8238193425310661,
        0.5017584810622145,
        0.26374125779267166
      ],
      "cam_t_m2c": [
        5.2270745213296586,
        12.991315118655693,
        732.5819935891909
      ],
      "obj_id": 22
    },
    {
      "cam_R_m2c": [
        0.6726261000770426,
        0.3292242963632025,
        0.6627102567816868,
        -0.5018522825572441,
        -0.4551881834995759,
        0.735491402700458,
        0.5438003086496443,
        -0.827293259729742,
        -0.14094963829454818
      ],
      "cam_t_m2c": [
        76.50197194438195,
        -1.6000992686154554,
        742.5849780115177
      ],
      "obj_id": 23
    },
    {
      "cam_R_m2c": [
        0.3021210407560127,
        -0.9327849624538955,
        -0.19655728669693875,
        -0.7096039635005672,
        -0.08237845488319459,
        -0.6997681591658756,
        0.6365417692861651,
        0.3508922082929677,
        -0.6867960494070924
      ],
      "cam_t_m2c": [
        -106.61274354238914,
        -34.80288815480341,
        788.5101885208115
      ],
      "obj_id": 24
    }
  ],
  "228": [
    {
      "cam_R_m2c": [
        0.7070050186446812,
        -0.703655676927189,
        0.07080365079349496,
        0.03258958755154962,
        -0.06759473686290456,
        -0.9971803382102716,
        0.7064573978800417,
        0.7073184326072953,
        -0.024858137463444185
      ],
      "cam_t_m2c": [
        52.36156912585589,
        -75.82036585477066,
        763.8493635078707
      ],
      "obj_id": 19
    },
    {
      "cam_R_m2c": [
        0.8061501121145818,
        -0.5863432887541331,
        0.07952245325106493,
        -0.4523246094357478,
        -0.6973034213288829,
        -0.556030765284835,
        0.38147601513110435,
        0.4122741513289189,
        -0.8273485659483765
      ],
      "cam_t_m2c": [
        31.333172340777864,
        -26.731948914376535,
        790.157499740857
      ],
      "obj_id": 20
    },
