{
    "1": [
        {
            "cam_R_m2c": [
                -0.02701249045823266,
                -0.9963536182043607,
                -0.08093727377131685,
                -0.9652023533279245,
                0.04706462840553601,
                -0.25723302819361077,
                0.26010472601528967,
                0.07117217071500113,
                -0.9629534129322012
            ],
            "cam_t_m2c": [
                -6.95266235359967,
                -66.23165371217324,
                741.4428138912915
            ],
            "obj_id": 19
        },
        {
            "cam_R_m2c": [
                -0.5656481857998347,
                -0.8246211417832804,
                0.00656861947486674,
                -0.7964654175410086,
                0.5442365015553768,
                -0.2635317342722843,
                0.21373921051047523,
                -0.1542982639062435,
                -0.964627801172456
            ],
            "cam_t_m2c": [
                -2.395494903367937,
                -42.8622928890871,
                782.9122423291778
            ],
            "obj_id": 20
        },
        {
            "cam_R_m2c": [
                0.20439325308743828,
                0.978416067959266,
                -0.030437932785879217,
                0.9403183588266473,
                -0.20488775828064681,
                -0.2717017707109385,
                -0.2720740777623914,
                0.02691289195453588,
                -0.9618994770519581
            ],
            "cam_t_m2c": [
                -104.76613826859726,
                55.5754924181567,
                754.3533893035958
            ],
            "obj_id": 21
        },
        {
            "cam_R_m2c": [
                0.006781554293266715,
                -0.3154422738667339,
                -0.9489210977665455,
                -0.29203182049913945,
                -0.9081989813894193,
                0.2998190786972251,
                -0.9563839928062012,
                0.2750822279415959,
                -0.09827842187893722
            ],
            "cam_t_m2c": [
                0.6609820974626743,
                68.71100324372479,
                734.3878070398457
            ],
            "obj_id": 22
        },
        {
            "cam_R_m2c": [
                0.3647213481214584,
                -0.004393136491773307,
                0.9311069191690798,
                -0.8911959274519343,
                -0.2913163512155656,
                0.34771263285647497,
                0.2697195067092818,
                -0.9566161130553176,
                -0.1101644689614944
            ],
            "cam_t_m2c": [
                80.07424976922995,
                44.634439919542686,
                743.4145645466334
            ],
            "obj_id": 23
        },
        {
            "cam_R_m2c": [
                -0.15414302414152084,
                -0.988024901874552,
                0.006913377313268544,
                -0.949028796813502,
                0.14610576372328635,
                -0.2792792952460867,
                0.2749251669152786,
                -0.04961012975936428,
                -0.9601844587848863
            ],
            "cam_t_m2c": [
                -107.61639117274257,
                -34.35660354174174,
                761.6942900739676
            ],
            "obj_id": 24
        }
    ],
    "12": [
        {
            "cam_R_m2c": [
                0.7993531044697709,
                -0.5986178056360365,
                -0.05187325933523173,
                -0.5789092900237868,
                -0.7441525047069343,
                -0.3333190744205886,
                0.16092955824607463,
                0.2964699472428772,
                -0.9413855044541644
            ],
            "cam_t_m2c": [
                43.57011721915418,
                -39.75241060716189,
                733.582147651476
            ],
            "obj_id": 19
        },
        {
            "cam_R_m2c": [
                0.3592161075432197,
                -0.9330745224118062,
                -0.018309190706618076,
                -0.8991801078726014,
                -0.34078163566048203,
                -0.27448783460308485,
                0.24987875290609138,
                0.11506382104682605,
                -0.9614157819086909
            ],
            "cam_t_m2c": [
                38.21785220767293,
                -18.11525828812071,
                774.5919724769567
            ],
            "obj_id": 20
        },
        {
            "cam_R_m2c": [
                -0.6839734237932361,
                0.728816455350896,
                -0.03172412836603256,
                0.6996439049872218,
                0.6430395069361212,
                -0.3114468767049725,
                -0.20658824597940012,
                -0.23521729201416788,
                -0.9497333964838581
            ],
            "cam_t_m2c": [
                -105.85125121046694,
                -42.37749909015682,
                783.4664832688435
            ],
            "obj_id": 21
        },
        {
            "cam_R_m2c": [
                0.0023011014192799253,
                0.5986039093796792,
                -0.8010415415793514,
                -0.29094435607800273,
                -0.7659897853984929,
                -0.5732465278465985,
                -0.9567367414863996,
                0.23437816272582843,
                0.17239809631444564
            ],
            "cam_t_m2c": [
                -59.21608977129805,
                46.03972705080824,
                740.0288626795855
            ],
            "obj_id": 22
        },
        {
            "cam_R_m2c": [
                0.9741914395412791,
                0.006823908045587446,
                0.22561908506196773,
                -0.21540093250690134,
                -0.2706886882363976,
                0.9382593701783651,
                0.0674753668390853,
                -0.9626422867797955,
                -0.2622332756400546
            ],
            "cam_t_m2c": [
                8.037141045239913,
                95.36993347312004,
                728.127763813531
            ],
            "obj_id": 23
        },
        {
            "cam_R_m2c": [
                0.7042203681140059,
                -0.7099779232288862,
                0.0021264414873793758,
                -0.6836773401802081,
                -0.6789351647937881,
                -0.2676432401486467,
                0.19146498980047363,
                0.1870263588657921,
                -0.9635152731232436
            ],
            "cam_t_m2c": [
                -33.80369251403264,
                -97.03976833770705,
                780.7759137345447
            ],
            "obj_id": 24
        }
    ],
    "18": [
        {
            "cam_R_m2c": [
                0.9924913056147769,
                -0.12052298417025538,
                -0.02087279291265178,
                -0.12036271026990401,
                -0.9319256708062212,
                -0.3420921237373878,
                0.021778103608146086,
                0.34203583080245564,
                -0.9394345486642983
            ],
            "cam_t_m2c": [
                56.11368283845474,
                -11.024238360809855,
                724.2084368836913
            ],
            "obj_id": 19
        },
        {
            "cam_R_m2c": [
                0.7832840560106366,
                -0.6215182179210752,
                0.01347778785992315,
                -0.5898581717267053,
                -0.7498800177960415,
                -0.29957796190332037,
                0.1962999480372403,
                0.2267046941904991,
                -0.9539766166979377
            ],
            "cam_t_m2c": [
                44.4965094965561,
                6.469278756876163,
                766.5472883167851
            ],
            "obj_id": 20
        },
        {
            "cam_R_m2c": [
                -0.952325184296424,
                0.3042526563470132,
                -0.022528183794868546,
                0.2944447767441058,
                0.8972686308045555,
                -0.32895431493175314,
                -0.07987141799996986,
                -0.31990483765331384,
                -0.944077076940369
            ],
            "cam_t_m2c": [
                -66.82800933170041,
                -81.1143793416072,
                795.2025399088134
            ],
            "obj_id": 21
        },
        {
            "cam_R_m2c": [
                0.01771192241621059,
                0.9145131916183729,
                -0.4041687342902939,
                -0.27185618767296565,
                -0.3845980784681155,
                -0.8821440831986797,
                -0.9621748773934375,
                0.12550028596187282,
                0.2418041511196361
            ],
            "cam_t_m2c": [
                -74.34899146618348,
                15.544747346768464,
                747.4323282666008
            ],
            "obj_id": 22
        },
        {
            "cam_R_m2c": [
                0.9645272010325828,
                0.009901407136720301,
                -0.26379860594650295,
                0.25561739907104103,
                -0.2846224142500031,
                0.9239315369623627,
                -0.065934770211112,
                -0.9585885624694239,
                -0.2770571073354326
            ],
            "cam_t_m2c": [
                -42.1286141770872,
                89.568927028892,
                727.957613020624
            ],
            "obj_id": 23
        },
        {
            "cam_R_m2c": [
                0.9690166724549679,
                -0.24696613831488515,
                0.0038572210841804648,
                -0.23462118891052425,
                -0.925235393114174,
                -0.29814765023233986,
                0.0772012432280996,
                0.28800511605830054,
                -0.9545119658486206
            ],
            "cam_t_m2c": [
                22.884037035817773,
                -97.02105250013018,
                781.0295348982553
            ],
            "obj_id": 24
        }
    ],
    "25": [
        {
            "cam_R_m2c": [
                0.871920971929507,
                0.48960089010163144,
                0.0066786555015355045,
                0.45871425358277296,
                -0.8119910991674979,
                -0.3609036840754584,
                -0.17127605516376188,
                0.3177434170275376,
                -0.9325794619873794
            ],
            "cam_t_m2c": [
                46.97815118471546,
                24.361771292987186,
                715.2769047857777
            ],
            "obj_id": 19
        },
        {
            "cam_R_m2c": [
                0.9976633431724213,
                -0.06822637807221403,
                -0.0035838776758750214,
                -0.06638871379300279,
                -0.955746113677146,
                -0.28660369199902747,
                0.016128576196818435,
                0.2861723407903765,
                -0.9580428413202815
            ],
            "cam_t_m2c": [
                35.259380621198936,
                34.435338896038694,
                759.2295335701918
            ],
            "obj_id": 20
        },
        {
            "cam_R_m2c": [
                -0.9592138568997965,
                -0.282047145827673,
                0.018922046072495452,
                -0.2732915498258569,
                0.9081605747480069,
                -0.3171054372370192,
                0.07225465755050328,
                -0.30934351538156485,
                -0.9482018060103358
            ],
            "cam_t_m2c": [
                -4.132203322486884,
                -98.2348124874159,
                800.8046751696409
            ],
            "obj_id": 21
        },
        {
            "cam_R_m2c": [
                0.024056513675350284,
                0.9804234235033731,
                0.1954252076533157,
                -0.2913960425030138,
                0.19387071012765794,
                -0.9367509116164843,
                -0.9563002893078492,
                -0.034411375506585906,
                0.29035570130857613
            ],
            "cam_t_m2c": [
                -71.04344128084014,
                -23.320631273092154,
                759.0360694291787
            ],
            "obj_id": 22
        },
        {
            "cam_R_m2c": [
                0.6229680561699211,
                -0.007643449955923343,
                -0.7822098228348021,
                0.7497275876689734,
                -0.2794884493637772,
                0.5998287485037738,
                -0.223203741664087,
                -0.9601189544531199,
                -0.16838203222454018
            ],
            "cam_t_m2c": [
                -89.11025963005164,
                54.29586691775827,
                738.5546947662331
            ],
            "obj_id": 23
        },
        {
            "cam_R_m2c": [
                0.9386084665848589,
                0.34400691325304417,
                0.02594639772789031,
                0.3365581770377295,
                -0.8965671990594425,
                -0.2879159966467236,
                -0.07578264882188743,
                0.27897317137483607,
                -0.957304433602272
            ],
            "cam_t_m2c": [
                75.50929660553817,
                -63.45322407185687,
                771.2223868632124
            ],
            "obj_id": 24
        }
    ],
    "34": [
        {
            "cam_R_m2c": [
                0.29266394442366844,
                0.9540862775878157,
                0.06378149735256416,
                0.9065448051065732,
                -0.25562475156168896,
                -0.3359049929325514,
                -0.30417787866465257,
                0.15612802053246225,
                -0.9397342505024527
            ],
            "cam_t_m2c": [
                8.08167200012376,
                52.55056220952923,
                705.434894883713
            ],
            "obj_id": 19
        },
        {
            "cam_R_m2c": [
                0.7429306954438658,
                0.6687845763534319,
                0.027964642318895935,
                0.6439087099712597,
                -0.7026351513090362,
                -0.30279550544165845,
                -0.18285574948184666,
                0.24296252223127102,
                -0.9526455747400768
            ],
            "cam_t_m2c": [
                0.18958564747406048,
                56.139468877975766,
                752.9857794244008
            ],
            "obj_id": 20
        },
        {
            "cam_R_m2c": [
                -0.45265842876434204,
                -0.8904477072346111,
                0.046947798848536906,
                -0.8531982964438863,
                0.41721868626801983,
                -0.3130190678166563,
                0.2591392716261787,
                -0.1817463758744945,
                -0.94858614993845
            ],
            "cam_t_m2c": [
                72.73758691547917,
                -63.57691577705753,
                791.8889168323053
            ],
            "obj_id": 21
        },
        {
            "cam_R_m2c": [
                0.024136711948705373,
                0.5594095625827896,
                0.828540417666727,
                -0.2726402523506852,
                0.8010488241531132,
                -0.5329050021514936,
                -0.9618136175699434,
                -0.21303057523831337,
                0.17185210713755095
            ],
            "cam_t_m2c": [
                -34.27272416545803,
                -58.971299523957285,
                771.3829090738507
            ],
            "obj_id": 22
        },
        {
            "cam_R_m2c": [
                -0.12544054013105116,
                0.015380756061934417,
                -0.9919823438254438,
                0.9543039820559928,
                -0.2714905333651655,
                -0.12488584795816582,
                -0.2712343316274507,
                -0.9623185810404884,
                0.019377905129660422
            ],
            "cam_t_m2c": [
                -103.27136517186833,
                -16.305113416768176,
                759.1338812437908
            ],
            "obj_id": 23
        },
        {
            "cam_R_m2c": [
                0.4158522889121246,
                0.9090194955749865,
                0.02740977974324013,
                0.8755289761413059,
                -0.39201429850700337,
                -0.2824420133262708,
                -0.2459999290240204,
                0.14145212286264172,
                -0.9588930790353375
            ],
            "cam_t_m2c": [
                99.16095132809725,
                14.260898153872821,
                749.2844738461084
            ],
            "obj_id": 24
        }
    ],
    "46": [
        {
            "cam_R_m2c": [
                -0.6963482955496241,
                0.7128147449422717,
                0.083635716750177,
                0.673955256251833,
                0.6895100434438969,
                -0.265255533565134,
                -0.2467457158121493,
                -0.12834395603060156,
                -0.9605434432881697
            ],
            "cam_t_m2c": [
                -53.00217892297518,
                35.84552108772418,
                711.4171584196471
            ],
            "obj_id": 19
        },
        {
            "cam_R_m2c": [
                -0.18486409211476038,
                0.9821244405551031,
                0.03546286908303284,
                0.9415278416260852,
                0.18733548000135766,
                -0.2800553865093347,
                -0.2816928977838657,
                -0.018383204145349025,
                -0.9593281380839638
            ],
            "cam_t_m2c": [
                -47.22098093891831,
                38.737890163858104,
                758.7165705034278
            ],
            "obj_id": 20
        },
        {
            "cam_R_m2c": [
                0.5340341607019818,
                -0.8450113371132426,
                0.02764245922398358,
                -0.8124608795612496,
                -0.5219601189857745,
                -0.25974070673662353,
                0.23391219227762844,
                0.11625239419770823,
                -0.9652822277073917
            ],
            "cam_t_m2c": [
                97.78503243251288,
                38.27076378878292,
                761.2464286959546
            ],
            "obj_id": 21
        },
        {
            "cam_R_m2c": [
                -0.003951182951142982,
                -0.44909676738729337,
                0.8934748002590762,
                -0.28938136282279114,
                0.8557656603028164,
                0.42886344425217693,
                -0.95720526162649,
                -0.25686056465902685,
                -0.13334187017764912
            ],
            "cam_t_m2c": [
                33.62947083254074,
                -49.3640333636164,
                769.1852154265481
            ],
            "obj_id": 22
        },
        {
            "cam_R_m2c": [
                -0.917676931098487,
                -0.004693869125168587,
                -0.39730060349097557,
                0.3837091861200217,
                -0.2700204412713306,
                -0.8830948593600018,
                -0.10313403821343435,
                -0.9628426839598223,
                0.24959295692936276
            ],
            "cam_t_m2c": [
                -38.67386593056712,
                -86.91576718182377,
                780.9756227312375
            ],
            "obj_id": 23
        },
        {
            "cam_R_m2c": [
                -0.5909833796200143,
                0.8066819156203746,
                0.0019102531750692015,
                0.7727447383658672,
                0.5667977485118778,
                -0.2856679722633134,
                -0.2315259869273829,
                -0.16734925170578946,
                -0.958326281971633
            ],
            "cam_t_m2c": [
                36.021155276070765,
                96.38501824156005,
                723.8225400999927
            ],
            "obj_id": 24
        }
    ],
    "52": [
        {
            "cam_R_m2c": [
                -0.9560446472741382,
                0.2888927957585794,
                0.05020062672979186,
                0.2725315328691462,
                0.9386338572696556,
                -0.2114088087714106,
                -0.10819464690541147,
                -0.18843545524026398,
                -0.9761072708284119
            ],
            "cam_t_m2c": [
                -67.10377429832597,
                7.799406257283282,
                718.2101000803793
            ],
            "obj_id": 19
        },
        {
            "cam_R_m2c": [
                -0.6687085352117219,
                0.7434006746015513,
                0.013596733044360347,
                0.714984868093239,
                0.6479498534708176,
                -0.2625990203028928,
                -0.20402663637923235,
                -0.16588098036244192,
                -0.9648088103644987
            ],
            "cam_t_m2c": [
                -58.538210640278585,
                13.69215746884702,
                765.0899962715
            ],
            "obj_id": 20
        },
        {
            "cam_R_m2c": [
                0.8870484168915453,
                -0.46151755706925324,
                0.012131947191613205,
                -0.4453745056090894,
                -0.8623501615200131,
                -0.24082017758646018,
                0.12160497930607607,
                0.20821627298730377,
                -0.9704934972194883
            ],
            "cam_t_m2c": [
                67.69796854818834,
                85.5896457983307,
                747.5518910309634
            ],
            "obj_id": 21
        },
        {
            "cam_R_m2c": [
                0.015258103257879302,
                -0.8221377867383705,
                0.5690844904023472,
                -0.27464615387360203,
                0.5438135824519398,
                0.7929923798163282,
                -0.9614238512677529,
                -0.16839672609989925,
                -0.21749972634929704
            ],
            "cam_t_m2c": [
                56.871312676734746,
                -23.047407976249634,
                760.4582649769217
            ],
            "obj_id": 22
        },
        {
            "cam_R_m2c": [
                -0.9950210840950535,
                0.0078603880788429,
                0.09935673269650556,
                -0.09724983581265294,
                -0.2947683082859053,
                -0.9506075509508128,
                0.021815031831476872,
                -0.9555359807770489,
                0.2940655382399622
            ],
            "cam_t_m2c": [
                10.89106966009727,
                -89.19253453758532,
                781.584576380394
            ],
            "obj_id": 23
        },
        {
            "cam_R_m2c": [
                -0.9133496525865329,
                0.406693282194321,
                0.019837568922858262,
                0.3854511515068524,
                0.8792897700534567,
                -0.27978117174006617,
                -0.1312283490777188,
                -0.24789196991442375,
                -0.9598583827760786
            ],
            "cam_t_m2c": [
                -18.548992086309955,
                104.31179724117916,
                721.153303918634
            ],
            "obj_id": 24
        }
    ],
    "58": [
        {
            "cam_R_m2c": [
                -0.9677892041226888,
                -0.251247117699824,
                0.01609572816947256,
                -0.2487789564766228,
                0.9445488986183417,
                -0.2143295754675079,
                0.03864669467815469,
                -0.21142983872754736,
                -0.9766284448661018
            ],
            "cam_t_m2c": [
                -67.2353230290632,
                -22.872844511827672,
                728.1829831981523
            ],
            "obj_id": 19
        },
        {
            "cam_R_m2c": [
                -0.9426896438843579,
                0.3335581245929193,
                0.00868199201980957,
                0.3200549132500251,
                0.9112738791583631,
                -0.25912447784128634,
                -0.09434441834852568,
                -0.24149503339538972,
                -0.9658046091917856
            ],
            "cam_t_m2c": [
                -55.762585750087894,
                -11.928666305099853,
                771.8634029080862
            ],
            "obj_id": 20
        },
        {
            "cam_R_m2c": [
                0.9988208728941488,
                0.047797643148476184,
                -0.008507876733806582,
                0.0443242670948155,
                -0.9692852540660983,
                -0.24191361204770973,
                -0.019809697634562626,
                0.24125098534614678,
                -0.9702601744209478
            ],
            "cam_t_m2c": [
                16.114820548599187,
                109.69345865146734,
                740.0705330451285
            ],
            "obj_id": 21
        },
        {
            "cam_R_m2c": [
                0.008536966661270693,
                -0.9981218345403571,
                0.060663430167955744,
                -0.268639747932634,
                0.05614562416672112,
                0.961603404434869,
                -0.9632025850510341,
                -0.024505522313090552,
                -0.2676555900926417
            ],
            "cam_t_m2c": [
                59.852522595815,
                11.473139684008332,
                750.7014775811949
            ],
            "obj_id": 22
        },
        {
            "cam_R_m2c": [
                -0.8105561309868415,
                0.019091815181483434,
                0.5853498216964014,
                -0.5641828257991055,
                -0.29364773375154724,
                -0.7716666933839282,
                0.15715416219606396,
                -0.9557227248037424,
                0.24878884581721553
            ],
            "cam_t_m2c": [
                56.60951234663714,
                -67.54167767935577,
                776.0893809014932
            ],
            "obj_id": 23
        },
        {
            "cam_R_m2c": [
                -0.9949829506046762,
                -0.09672615313389607,
                0.025556111572144075,
                -0.10000041797611764,
                0.953829121681848,
                -0.28321487994638056,
                0.003018346305042234,
                -0.28434925677663475,
                -0.9587156169734868
            ],
            "cam_t_m2c": [
                -69.81777335705092,
                84.88580460842432,
                725.693528581174
            ],
            "obj_id": 24
        }
    ],
    "68": [
        {
            "cam_R_m2c": [
                -0.44924940662720136,
                -0.8928549263592104,
                -0.03137615728818107,
                -0.8658944383666994,
                0.44379500378594744,
                -0.23080759177341884,
                0.22000304860122266,
                -0.07652199618754149,
                -0.9724936765584158
            ],
            "cam_t_m2c": [
                -33.215622939339006,
                -62.22979361437626,
                739.0600764592194
            ],
            "obj_id": 19
        },
        {
            "cam_R_m2c": [
                -0.857880176848667,
                -0.513552729450759,
                0.017453226313957553,
                -0.4989841133943215,
                0.8244715435214214,
                -0.2669472986051812,
                0.12270233017490027,
                -0.23771837260157716,
                -0.9635533237333993
            ],
            "cam_t_m2c": [
                -25.136609392843088,
                -39.47123410302782,
                781.5418951869303
            ],
            "obj_id": 20
        },
        {
            "cam_R_m2c": [
                0.6085650803246802,
                0.7933298182208011,
                -0.016606271431281874,
                0.7676696867153983,
                -0.5939199572260412,
                -0.24071078582845937,
                -0.2008265602595551,
                0.13374049479594632,
                -0.9704550727613618
            ],
            "cam_t_m2c": [
                -74.27676972235103,
                92.13112919257331,
                745.1117421609166
            ],
            "obj_id": 21
        },
        {
            "cam_R_m2c": [
                0.017122118940973888,
                -0.683046745641104,
                -0.7301735411725625,
                -0.28271948196090013,
                -0.7037854391127129,
                0.6517323729225755,
                -0.9590500412262819,
                0.19527591242725628,
                -0.2051614780595481
            ],
            "cam_t_m2c": [
                30.327068807443652,
                58.655181138562064,
                737.3936366086181
            ],
            "obj_id": 22
        },
        {
            "cam_R_m2c": [
                -0.07740130018322666,
                0.009046244397712087,
                0.9969586805178566,
                -0.9543771463859858,
                -0.28992477705629804,
                -0.07146478816678223,
                0.28839739794443336,
                -0.9570069191617842,
                0.03107408758156405
            ],
            "cam_t_m2c": [
                91.78730340411268,
                5.035290469955284,
                755.4214796028742
            ],
            "obj_id": 23
        },
        {
            "cam_R_m2c": [
                -0.5719160260539627,
                -0.820256083787569,
                0.009561725621062531,
                -0.7848656296697739,
                0.5437767706612534,
                -0.29713982057039245,
                0.23853203452821398,
                -0.17744413963163158,
                -0.954786339410976
            ],
            "cam_t_m2c": [
                -113.0722866076569,
                8.284514350825617,
                748.5197447832079
            ],
            "obj_id": 24
        }
    ],
    "84": [
        {
            "cam_R_m2c": [
                0.7782266964616468,
                -0.625452851298463,
                -0.05631278829139585,
                -0.5709555200015753,
                -0.6673664200710769,
                -0.4781553976028799,
                0.26148279371063676,
                0.4042655797591275,
                -0.8764677172426236
            ],
            "cam_t_m2c": [
                42.555009563992904,
                -57.44191017982476,
                745.2219279677098
            ],
            "obj_id": 19
        },
        {
            "cam_R_m2c": [
                0.3282117630899719,
                -0.9444756496395527,
                -0.015555735910344495,
                -0.8355315896961616,
                -0.2825918259095404,
                -0.47120009277103686,
                0.440641564196541,
                0.16765068239237085,
                -0.8818888003395422
            ],
            "cam_t_m2c": [
                34.87105806946738,
                -26.826664632332985,
                782.1779233340178
            ],
            "obj_id": 20
        },
        {
            "cam_R_m2c": [
                -0.6417360396052736,
                0.7656994316758208,
                -0.04334077104896581,
                0.6823722677946191,
                0.5442773102554425,
                -0.4879866939313817,
                -0.35006218340117345,
                -0.3427333111140095,
                -0.8717740170575037
            ],
            "cam_t_m2c": [
                -109.23906078973515,
                -43.984802980832306,
                792.270259084312
            ],
            "obj_id": 21
        },
        {
            "cam_R_m2c": [
                0.0034640917026045877,
                0.5475565193850763,
                -0.8367610429118363,
                -0.4404626529195483,
                -0.7503885281998175,
                -0.4928594655501143,
                -0.8977638927577136,
                0.3702697378488107,
                0.23857887303263098
            ],
            "cam_t_m2c": [
                -56.393420447733746,
                33.211063231182095,
                733.264789752308
            ],
            "obj_id": 22
        },
        {
            "cam_R_m2c": [
                0.9595630324249517,
                0.021200354527099542,
                0.2806929374162237,
                -0.24108963501091313,
                -0.4528390737522701,
                0.8583782860509281,
                0.145306938119027,
                -0.8913398234190356,
                -0.42941681860511743
            ],
            "cam_t_m2c": [
                12.151432702382687,
                75.78817187816064,
                713.5156012563169
            ],
            "obj_id": 23
        },
        {
            "cam_R_m2c": [
                0.688085035398484,
                -0.7256165262866546,
                0.004341280347911671,
                -0.645566763943083,
                -0.6148851803202451,
                -0.4529464412511044,
                0.3313352433362271,
                0.30886323207506705,
                -0.8915268016161604
            ],
            "cam_t_m2c": [
                -38.49765125414051,
                -102.5304560034262,
                800.254965266011
            ],
            "obj_id": 24
        }
    ],
    "92": [
        {
            "cam_R_m2c": [
                0.9996801473245212,
                0.00821336811795144,
                -0.023903364470413475,
                -0.005175499216263313,
                -0.8591767695371976,
                -0.5116531787962739,
                -0.024739506508434574,
                0.5116134402019534,
                -0.8588592706716273
            ],
            "cam_t_m2c": [
                53.39651038313601,
                -21.38740715481284,
                726.3383449683618
            ],
            "obj_id": 19
        },
        {
            "cam_R_m2c": [
                0.8538679664998818,
                -0.520276025712366,
                0.014886133932880078,
                -0.4539530749593445,
                -0.7584013612465964,
                -0.4677119206179249,
                0.25462917367103943,
                0.39260676531344124,
                -0.8837553576029608
            ],
            "cam_t_m2c": [
                42.920921271941694,
                3.563179122334264,
                767.0357656608968
            ],
            "obj_id": 20
        },
        {
            "cam_R_m2c": [
                -0.9806896950690056,
                0.195369222571253,
                -0.008821314286633014,
                0.17419798895059774,
                0.8521335978932465,
                -0.49348138362211863,
                -0.08889427585490754,
                -0.48548895930572467,
                -0.8697113879315163
            ],
            "cam_t_m2c": [
                -55.689196213542694,
                -90.52824381635399,
                817.6231320036784
            ],
            "obj_id": 21
        },
        {
            "cam_R_m2c": [
                0.012041434294138372,
                0.9542308667129163,
                -0.2988271831686138,
                -0.4668064981990058,
                -0.25892044957138083,
                -0.8456076913944047,
                -0.8842772635709613,
                0.1496769696701464,
                0.44232359578854796
            ],
            "cam_t_m2c": [
                -76.85602212442417,
                -5.0253896421117625,
                753.8048004955134
            ],
            "obj_id": 22
        },
        {
            "cam_R_m2c": [
                0.9188949390635224,
                0.011507173550374004,
                -0.3943334984904686,
                0.3529227477041342,
                -0.47064624813369954,
                0.8086644044068015,
                -0.17628614358041206,
                -0.8822467196277126,
                -0.4365358532009588
            ],
            "cam_t_m2c": [
                -55.806476102582366,
                67.01290515466135,
                716.7909798266182
            ],
            "obj_id": 23
        },
        {
            "cam_R_m2c": [
                0.9925205600783861,
                -0.12127220108693912,
                0.013972928797162963,
                -0.10057881589071843,
                -0.8772414806405734,
                -0.4693950742348585,
                0.0691823480480568,
                0.4644790999432014,
                -0.8828774512497016
            ],
            "cam_t_m2c": [
                34.264182840419224,
                -98.32477078294227,
                798.2882826377203
            ],
            "obj_id": 24
        }
    ],
    "100": [
        {
            "cam_R_m2c": [
                0.7433886152570697,
                0.6680645666913886,
                0.03261142170797902,
                0.5817899641647184,
                -0.6217933918656154,
                -0.5243021214636276,
                -0.32999029767857224,
                0.40873310325029455,
                -0.8509075717411523
            ],
            "cam_t_m2c": [
                38.340901467624555,
                13.430804435873533,
                708.492035956933
            ],
            "obj_id": 19
        },
        {
            "cam_R_m2c": [
                0.9894582902864069,
                0.14474082293940105,
                -0.0047721228140490965,
                0.12503419595137205,
                -0.8704428379380319,
                -0.476125029048364,
                -0.07306882554922883,
                0.4705091633504623,
                -0.8793646009507712
            ],
            "cam_t_m2c": [
                27.066645783812447,
                31.285573573594498,
                751.2705911542727
            ],
            "obj_id": 20
        },
        {
            "cam_R_m2c": [
                -0.8756912024295761,
                -0.4824517850725458,
                0.020138961212303116,
                -0.4283191013850453,
                0.7568273905028226,
                -0.4937148827703323,
                0.22295211487901362,
                -0.4409675889947968,
                -0.8693905697613886
            ],
            "cam_t_m2c": [
                19.338549222281994,
                -95.91367874544756,
                820.819472888658
            ],
            "obj_id": 21
        },
        {
            "cam_R_m2c": [
                0.008620650380522623,
                0.9243713651898312,
                0.38139697041142456,
                -0.4602381705865327,
                0.34227892492025497,
                -0.8191613322953883,
                -0.887753598375366,
                -0.16847196230928796,
                0.42838158268968585
            ],
            "cam_t_m2c": [
                -63.98722291834368,
                -45.685120940676356,
                774.5948189529349
            ],
            "obj_id": 22
        },
        {
            "cam_R_m2c": [
