{
    "1": [
        {
            "cam_R_m2c": [
                -0.042924510628548955,
                -0.9924712673375364,
                -0.11471392778880996,
                -0.9951580366824324,
                0.05263549028541583,
                -0.08300422137926823,
                0.0884177268406886,
                0.11059556190008461,
                -0.9899242206156224
            ],
            "cam_t_m2c": [
                -9.73972327273014,
                -64.53771680620237,
                739.5914541049107
            ],
            "obj_id": 19
        },
        {
            "cam_R_m2c": [
                -0.6363478028914273,
                -0.7585333412839126,
                -0.14031913035012278,
                -0.7210323294958056,
                0.649526795211109,
                -0.24130286265250223,
                0.2741775613068361,
                -0.052378085199124465,
                -0.9602512101833892
            ],
            "cam_t_m2c": [
                -5.345478528464263,
                -39.866738287444136,
                782.5104738012983
            ],
            "obj_id": 20
        },
        {
            "cam_R_m2c": [
                0.17328896536371594,
                0.9837702910154913,
                -0.046562455503615666,
                0.8862638918739956,
                -0.1763848567579578,
                -0.4282802030016043,
                -0.4295425125501461,
                0.032949903023632335,
                -0.902444973040986
            ],
            "cam_t_m2c": [
                -103.85074615179558,
                60.27177742577496,
                754.9187223399991
            ],
            "obj_id": 21
        },
        {
            "cam_R_m2c": [
                -0.11469532179199235,
                -0.42387432968497907,
                -0.8984299353817699,
                -0.32966263760253167,
                -0.8369055721695166,
                0.4369339410100756,
                -0.937105353675124,
                0.34629332360591397,
                -0.04374654669394467
            ],
            "cam_t_m2c": [
                3.4779073804057252,
                70.91063252701218,
                732.1146640517087
            ],
            "obj_id": 22
        },
        {
            "cam_R_m2c": [
                0.44772851045222534,
                0.009322649985068945,
                0.8941216091298858,
                -0.8855010198109872,
                -0.1342777317599087,
                0.44481115074676325,
                0.12420780983448197,
                -0.9908993303265071,
                -0.05186490578810783
            ],
            "cam_t_m2c": [
                83.61977210370637,
                45.70035897150932,
                740.5905901820106
            ],
            "obj_id": 23
        },
        {
            "cam_R_m2c": [
                -0.01692021877756481,
                -0.9975441436962906,
                -0.06797514479285306,
                -0.9509709428341232,
                0.03705409189051752,
                -0.30705140087818256,
                0.3088163670498516,
                0.05944696412372167,
                -0.949261676957512
            ],
            "cam_t_m2c": [
                -108.07122319624736,
                -37.40250554843436,
                758.0387378710107
            ],
            "obj_id": 24
        }
    ],
    "12": [
        {
            "cam_R_m2c": [
                0.795397646297955,
                -0.5701501898487105,
                -0.205598841849164,
                -0.599333365285506,
                -0.6893956528992471,
                -0.4068580987427075,
                0.09023179006206997,
                0.44683671725072227,
                -0.8900532074661778
            ],
            "cam_t_m2c": [
                46.29846390591513,
                -41.903167471420076,
                736.5006975412937
            ],
            "obj_id": 19
        },
        {
            "cam_R_m2c": [
                0.3260348252854916,
                -0.9283362841830393,
                -0.17858500150958842,
                -0.918235328396258,
                -0.2660538150943618,
                -0.293359372515135,
                0.2248235838435634,
                0.2596285451068742,
                -0.9391734553882299
            ],
            "cam_t_m2c": [
                39.282262350704805,
                -17.53138409796413,
                778.3723272539929
            ],
            "obj_id": 20
        },
        {
            "cam_R_m2c": [
                -0.7629828119149155,
                0.6431821358846613,
                0.06460162300440336,
                0.5802211282724224,
                0.7254754437424665,
                -0.37017476953442247,
                -0.28495721195776247,
                -0.24495413476585579,
                -0.9267126696187801
            ],
            "cam_t_m2c": [
                -104.06686450492654,
                -44.81391422424587,
                782.3329050349925
            ],
            "obj_id": 21
        },
        {
            "cam_R_m2c": [
                -0.15758601059778637,
                0.5647535973305451,
                -0.8100738081001589,
                -0.3312760545934511,
                -0.8030208942706898,
                -0.4953928182985058,
                -0.9302805656511751,
                0.19029170367913964,
                0.3136345287834551
            ],
            "cam_t_m2c": [
                -55.367824211646564,
                45.20685445828328,
                737.6942823426403
            ],
            "obj_id": 22
        },
        {
            "cam_R_m2c": [
                0.9538865461357638,
                -0.00630470234612227,
                0.300100418902639,
                -0.2730580521907626,
                -0.4334241880386244,
                0.8588265328466784,
                0.12465634747333008,
                -0.9011674804985896,
                -0.4151597682551003
            ],
            "cam_t_m2c": [
                9.70284733928115,
                92.31010832964674,
                728.1459789578938
            ],
            "obj_id": 23
        },
        {
            "cam_R_m2c": [
                0.8050855846098147,
                -0.5880124122375364,
                -0.07796203288478211,
                -0.5842781035364334,
                -0.7634948898406917,
                -0.27512774188661204,
                0.1022554342964087,
                0.2670532243173824,
                -0.9582409688409643
            ],
            "cam_t_m2c": [
                -36.40437301847728,
                -97.0840755242082,
                777.773095093449
            ],
            "obj_id": 24
        }
    ],
    "18": [
        {
            "cam_R_m2c": [
                0.9995982049007104,
                0.024881401214135047,
                0.01359417103125964,
                0.028332452604924264,
                -0.8947917785156132,
                -0.4455834273825154,
                0.0010772325076789464,
                0.44578957384414236,
                -0.8951371814349173
            ],
            "cam_t_m2c": [
                59.03961325041237,
                -9.988476714114933,
                724.2455459611627
            ],
            "obj_id": 19
        },
        {
            "cam_R_m2c": [
                0.7540028847718871,
                -0.636856704249607,
                -0.1609149745473438,
                -0.6465630462569765,
                -0.6763274689211134,
                -0.352898073523772,
                0.11591428610503396,
                0.37012788019909737,
                -0.9217208427174826
            ],
            "cam_t_m2c": [
                47.80717540681552,
                6.984084976075435,
                769.3909208600109
            ],
            "obj_id": 20
        },
        {
            "cam_R_m2c": [
                -0.9834051496815006,
                0.1808744001919008,
                0.014114600893144355,
                0.15714251908643423,
                0.888086203559007,
                -0.43198237621501345,
                -0.09066954772968093,
                -0.422595700732341,
                -0.9017715854155327
            ],
            "cam_t_m2c": [
                -66.21159899095349,
                -78.98099277461093,
                797.9145743288725
            ],
            "obj_id": 21
        },
        {
            "cam_R_m2c": [
                -0.12948026676262525,
                0.8567044025968868,
                -0.49929234676291445,
                -0.26918758494453715,
                -0.514990597569734,
                -0.8138319324479429,
                -0.9543442242134857,
                0.029028130628423902,
                0.2972953665817438
            ],
            "cam_t_m2c": [
                -73.28865238022743,
                19.203495367614916,
                750.2175813987866
            ],
            "obj_id": 22
        },
        {
            "cam_R_m2c": [
                0.9155933723795163,
                -0.08276451780970591,
                -0.3934962314920298,
                0.3708066913671185,
                -0.2047365760435091,
                0.9058614674166816,
                -0.1555363116910621,
                -0.9753117233355146,
                -0.15676590148784522
            ],
            "cam_t_m2c": [
                -41.646639351719,
                93.63888088760655,
                725.6176709272357
            ],
            "obj_id": 23
        },
        {
            "cam_R_m2c": [
                0.9913388266320443,
                -0.12719626709389928,
                -0.032694146819814265,
                -0.13104791064053392,
                -0.974391320387412,
                -0.18272295124476698,
                -0.008615199707659584,
                0.18542496437134748,
                -0.9826206838317028
            ],
            "cam_t_m2c": [
                21.607969834990325,
                -96.82891941043364,
                776.4987440388176
            ],
            "obj_id": 24
        }
    ],
    "25": [
        {
            "cam_R_m2c": [
                0.8043798441800131,
                0.5766837144543581,
                0.14285866759740026,
                0.5860788685637013,
                -0.7308001233245455,
                -0.34991816410733445,
                -0.09739127734549104,
                0.36519382389607885,
                -0.925823528572948
            ],
            "cam_t_m2c": [
                43.96620378308505,
                25.626438214236778,
                716.920541206921
            ],
            "obj_id": 19
        },
        {
            "cam_R_m2c": [
                0.9873599149695707,
                -0.03173795247827003,
                0.1552831903807148,
                0.02883491369533145,
                -0.9274252447380371,
                -0.3728951869338816,
                0.15584827449369884,
                0.3726596287530259,
                -0.9147879079865667
            ],
            "cam_t_m2c": [
                33.79511068850586,
                33.30227732696021,
                762.4850220806409
            ],
            "obj_id": 20
        },
        {
            "cam_R_m2c": [
                -0.9409156837385758,
                -0.33859884364210113,
                -0.0053184602464848366,
                -0.2953455255846305,
                0.8282005612777743,
                -0.4762925741968631,
                0.16567717593093348,
                -0.4465806600024262,
                -0.879271098592263
            ],
            "cam_t_m2c": [
                -3.5507099882873008,
                -99.73869034315948,
                804.7626314016621
            ],
            "obj_id": 21
        },
        {
            "cam_R_m2c": [
                -0.04946998721170464,
                0.9422044833451915,
                0.3313654835441442,
                -0.3585998512275166,
                0.2928949333315547,
                -0.8863512815830635,
                -0.9321799610760699,
                -0.16267560959362318,
                0.32338527708395653
            ],
            "cam_t_m2c": [
                -67.92606197511179,
                -21.47785798462338,
                758.3555773957889
            ],
            "obj_id": 22
        },
        {
            "cam_R_m2c": [
                0.6870122250166693,
                -0.13870805216430473,
                -0.7132841324953616,
                0.6628806285346539,
                -0.28247422629049984,
                0.6933954089468229,
                -0.2976643075749326,
                -0.9491938738221594,
                -0.10211658253550132
            ],
            "cam_t_m2c": [
                -87.57910950591403,
                51.8863443657002,
                739.9724170329102
            ],
            "obj_id": 23
        },
        {
            "cam_R_m2c": [
                0.9286380500981469,
                0.32537336238862363,
                0.17822287800197303,
                0.36237235644455323,
                -0.8984749986280139,
                -0.2478482868361843,
                0.07948532652593619,
                0.2947446030556397,
                -0.9522649041856783
            ],
            "cam_t_m2c": [
                75.57199406394167,
                -59.45863705718473,
                768.3662501357301
            ],
            "obj_id": 24
        }
    ],
    "34": [
        {
            "cam_R_m2c": [
                0.3205810698215186,
                0.9452353942672745,
                -0.06130885380691879,
                0.9166806335238996,
                -0.3258968522673121,
                -0.231273453895197,
                -0.23858802085305092,
                0.01794125398021497,
                -0.9709554671648063
            ],
            "cam_t_m2c": [
                7.889531313649049,
                51.719050904128224,
                710.2235699378081
            ],
            "obj_id": 19
        },
        {
            "cam_R_m2c": [
                0.6249082581029356,
                0.7806079719852658,
                0.011897816268604372,
                0.7504633900981361,
                -0.5964358157990396,
                -0.2847259439799893,
                -0.2151628202206259,
                0.1868562665191536,
                -0.9585355023160524
            ],
            "cam_t_m2c": [
                0.8272186106512642,
                53.105394805426016,
                750.2532763676681
            ],
            "obj_id": 20
        },
        {
            "cam_R_m2c": [
                -0.6002443511195299,
                -0.7936127727697608,
                0.09943052513698517,
                -0.7806214679337782,
                0.5542212313889797,
                -0.2889092093619802,
                0.17417517341776054,
                -0.2510336435788559,
                -0.9521794767297821
            ],
            "cam_t_m2c": [
                71.79804458225179,
                -61.34448738547399,
                794.0755667165021
            ],
            "obj_id": 21
        },
        {
            "cam_R_m2c": [
                0.05843419800056481,
                0.5740341556748899,
                0.8167442058162228,
                -0.12000067595590966,
                0.8162484864112604,
                -0.5650998248963884,
                -0.9910529780403654,
                -0.06498845991760739,
                0.11658131034069107
            ],
            "cam_t_m2c": [
                -31.633403200215266,
                -58.149821864202934,
                774.5553035533542
            ],
            "obj_id": 22
        },
        {
            "cam_R_m2c": [
                0.01404159621945343,
                -0.10454530530240176,
                -0.9944214900580863,
                0.9692850723609137,
                -0.24279300593976422,
                0.03921169738706697,
                -0.24553770383302087,
                -0.9644286205757682,
                0.09792492832545471
            ],
            "cam_t_m2c": [
                -103.55718679556453,
                -11.967400500298842,
                761.0063305564616
            ],
            "obj_id": 23
        },
        {
            "cam_R_m2c": [
                0.5610800319658743,
                0.8275098916786666,
                -0.020434000102171758,
                0.8016992958949886,
                -0.5493937897227603,
                -0.23546603414682782,
                -0.20607648101365844,
                0.11573331248915869,
                -0.9716681132682237
            ],
            "cam_t_m2c": [
                101.89667835152561,
                10.663534420119646,
                748.550461012836
            ],
            "obj_id": 24
        }
    ],
    "46": [
        {
            "cam_R_m2c": [
                -0.7020210296380517,
                0.7121561719177328,
                0.0008775322603939239,
                0.6535207586071274,
                0.6447092855806101,
                -0.3965610246964716,
                -0.2829791095319314,
                -0.27782126547894964,
                -0.9180074734314254
            ],
            "cam_t_m2c": [
                -49.545457202110676,
                34.68664291850757,
                713.5097187395062
            ],
            "obj_id": 19
        },
        {
            "cam_R_m2c": [
                -0.2821825651574062,
                0.9557987526129176,
                0.08259781978118164,
                0.8680504059893582,
                0.2910364548682909,
                -0.40222693032457785,
                -0.4084871972966312,
                -0.041802720473081256,
                -0.9118060143502018
            ],
            "cam_t_m2c": [
                -48.86598000298388,
                41.99589529120691,
                758.1097645710115
            ],
            "obj_id": 20
        },
        {
            "cam_R_m2c": [
                0.6569893486311664,
                -0.7457387036819767,
                0.11063166090958149,
                -0.7198159053838251,
                -0.6641211258684463,
                -0.2020116458415535,
                0.22412080994833014,
                0.053085410653076495,
                -0.9731140991499964
            ],
            "cam_t_m2c": [
                99.76170297484813,
                42.129898779514846,
                762.6075935579009
            ],
            "obj_id": 21
        },
        {
            "cam_R_m2c": [
                -0.01722615665057614,
                -0.5859189259575965,
                0.8101869105921101,
                -0.2529285193371961,
                0.7865053185986086,
                0.5634155082658281,
                -0.9673311333324645,
                -0.19521403005159177,
                -0.16174443362007757
            ],
            "cam_t_m2c": [
                36.6748015666368,
                -52.946999284344,
                767.922422899211
            ],
            "obj_id": 22
        },
        {
            "cam_R_m2c": [
                -0.9578803207216543,
                0.10843771742107772,
                -0.2659081624573243,
                0.2232763066058816,
                -0.30108133499571405,
                -0.9270912363671254,
                -0.1805915316509991,
                -0.9474124742288269,
                0.26418863128632397
            ],
            "cam_t_m2c": [
                -35.68338652249918,
                -85.80995329803072,
                781.2479582155305
            ],
            "obj_id": 23
        },
        {
            "cam_R_m2c": [
                -0.44074546693128547,
                0.8960093028831316,
                0.05395989775538228,
                0.8669420842868798,
                0.4404913392941077,
                -0.23319308407369668,
                -0.23271210573102757,
                -0.05599894559138251,
                -0.9709317263001692
            ],
            "cam_t_m2c": [
                34.43873255839422,
                99.19067075666757,
                722.528078130565
            ],
            "obj_id": 24
        }
    ],
    "52": [
        {
            "cam_R_m2c": [
                -0.9892825017139317,
                0.14593043427646957,
                0.0050138649015638095,
                0.13718589974319165,
                0.9406617323337451,
                -0.31038018656747696,
                -0.050010462133434457,
                -0.3063662839159765,
                -0.9505988599085254
            ],
            "cam_t_m2c": [
                -64.26863509327178,
                8.510807069388484,
                717.4343466499882
            ],
            "obj_id": 19
        },
        {
            "cam_R_m2c": [
                -0.574910905661327,
                0.8020955816158912,
                0.16161851809110728,
                0.7457885854148399,
                0.5949461840590015,
                -0.29973165402361096,
                -0.33656822701517936,
                -0.05178601435521244,
                -0.9402337727165424
            ],
            "cam_t_m2c": [
                -59.10572318157785,
                18.501441238872392,
                764.7781676982737
            ],
            "obj_id": 20
        },
        {
            "cam_R_m2c": [
                0.9483988100844397,
                -0.31246676581027844,
                0.053897659258263605,
                -0.2981512761745095,
                -0.9366528165148215,
                -0.18381454350856113,
                0.10791954732252636,
                0.15826021127372544,
                -0.9814817502847246
            ],
            "cam_t_m2c": [
                64.38754064333665,
                87.06018598136949,
                749.6780580461109
            ],
            "obj_id": 21
        },
        {
            "cam_R_m2c": [
                -0.034397887955219766,
                -0.7868896600848082,
                0.6161346217311342,
                -0.13261829504557276,
                0.6146420514531216,
                0.7775785645734665,
                -0.9905696918756064,
                -0.0549638211968255,
                -0.1254986312490353
            ],
            "cam_t_m2c": [
                55.639805146381896,
                -26.03093483780963,
                758.8527233064195
            ],
            "obj_id": 22
        },
        {
            "cam_R_m2c": [
                -0.983807519438808,
                0.0343421721117737,
                0.17590902194756675,
                -0.17886178273098285,
                -0.12529783611028802,
                -0.9758635253211955,
                -0.011472198875801287,
                -0.9915241899776153,
                0.12941179614828263
            ],
            "cam_t_m2c": [
                11.972760630613282,
                -89.66755164992625,
                778.2475522031909
            ],
            "obj_id": 23
        },
        {
            "cam_R_m2c": [
                -0.9043154405170977,
                0.4023140606450801,
                0.14267977546712576,
                0.37739854192969,
                0.9097186843219954,
                -0.17315587745669758,
                -0.19946173134532336,
                -0.10274077210838993,
                -0.9745043211609552
            ],
            "cam_t_m2c": [
                -18.495081790232803,
                105.9725330714907,
                724.1085906960653
            ],
            "obj_id": 24
        }
    ],
    "58": [
        {
            "cam_R_m2c": [
                -0.9743258016493581,
                -0.21825889155595019,
                0.055249169230141115,
                -0.2204781078324307,
                0.9746592631712473,
                -0.037807067638129584,
                -0.04559732468618771,
                -0.049017238898140435,
                -0.9977562395910903
            ],
            "cam_t_m2c": [
                -70.99908595328037,
                -23.386685061393493,
                725.3859999580928
            ],
            "obj_id": 19
        },
        {
            "cam_R_m2c": [
                -0.9148686157354229,
                0.3907170745367248,
                0.10176361475381868,
                0.3235215114403411,
                0.8602004514780031,
                -0.39419502044636157,
                -0.241555436770793,
                -0.32771375835539773,
                -0.9133749874534435
            ],
            "cam_t_m2c": [
                -52.66105099635269,
                -11.678794392742052,
                770.3740858396392
            ],
            "obj_id": 20
        },
        {
            "cam_R_m2c": [
                0.9925285309498527,
                0.08303041440431198,
                -0.08940430989723819,
                0.0734259518608111,
                -0.9916695364203798,
                -0.1058342456234789,
                -0.0974471433483589,
                0.09847861285910683,
                -0.9903561821652668
            ],
            "cam_t_m2c": [
                13.426337675334896,
                110.51806852664842,
                736.9373944314831
            ],
            "obj_id": 21
        },
        {
            "cam_R_m2c": [
                0.04866076702988565,
                -0.9938067001146692,
                -0.0999015223724266,
                -0.28899175820641426,
                -0.10975112365870071,
                0.9510201855184731,
                -0.9560937753478516,
                -0.017406377738078998,
                -0.29254224763680414
            ],
            "cam_t_m2c": [
                58.41304144892134,
                9.695099038673334,
                753.8828072517231
            ],
            "obj_id": 22
        },
        {
            "cam_R_m2c": [
                -0.813714912333938,
                0.09171123304525691,
                0.573983676963939,
                -0.5812527654946992,
                -0.13478562080290202,
                -0.8024828565263945,
                0.0037679109203821223,
                -0.9866211541461739,
                0.16298402621530486
            ],
            "cam_t_m2c": [
                55.694630596755054,
                -66.52572239514735,
                779.349115261697
            ],
            "obj_id": 23
        },
        {
            "cam_R_m2c": [
                -0.9887358385375303,
                -0.10443082640079872,
                -0.10721819561785396,
                -0.08687214930269815,
                0.9837581185972454,
                -0.15707919685289345,
                0.12188083225355473,
                -0.1459952344740268,
                -0.9817483393085448
            ],
            "cam_t_m2c": [
                -67.41875558723629,
                85.87878378239039,
                728.037514610202
            ],
            "obj_id": 24
        }
    ],
    "68": [
        {
            "cam_R_m2c": [
                -0.3234366885559926,
                -0.9338981655002271,
                -0.15238893876415988,
                -0.8908783052018614,
                0.35481740007522516,
                -0.2836189437018927,
                0.31894216240519085,
                0.04402692232003082,
                -0.9467515327308839
            ],
            "cam_t_m2c": [
                -30.097969171454253,
                -59.06345829093157,
                737.1316400928126
            ],
            "obj_id": 19
        },
        {
            "cam_R_m2c": [
                -0.7914711030693792,
                -0.5937333001928525,
                0.14509902452873616,
                -0.6097873503845769,
                0.7508946286256869,
                -0.25360590584895976,
                0.04162073278145126,
                -0.2892019737457847,
                -0.9563633204062088
            ],
            "cam_t_m2c": [
                -24.268045846099383,
                -44.14334910696927,
                779.9989799105679
            ],
            "obj_id": 20
        },
        {
            "cam_R_m2c": [
                0.6473777446075784,
                0.7621557581388545,
                0.00448078494081246,
                0.7592320052827324,
                -0.6443565319850265,
                -0.09149313853034814,
                -0.06684556933075565,
                0.06263302676634555,
                -0.9957958762123111
            ],
            "cam_t_m2c": [
                -75.88867117485933,
                93.4021658806379,
                741.7337325411008
            ],
            "obj_id": 21
        },
        {
            "cam_R_m2c": [
                0.10982878615820663,
                -0.733040714415659,
                -0.6712588155876343,
                -0.40191116543517935,
                -0.650422987712594,
                0.6445281799563083,
                -0.9090684830324678,
                0.19899932431110778,
                -0.366052927814331
            ],
            "cam_t_m2c": [
                25.969231874307926,
                60.437929934313956,
                737.4380634787694
            ],
            "obj_id": 22
        },
        {
            "cam_R_m2c": [
                0.005281234598540844,
                0.1595744489042142,
                0.9871714969160347,
                -0.9747985072927124,
                -0.21934685996838355,
                0.04067201188901818,
                0.22302407201027852,
                -0.9625089113828005,
                0.15439445797084198
            ],
            "cam_t_m2c": [
                87.39210458112181,
                3.512008256330488,
                756.6952183313397
            ],
            "obj_id": 23
        },
        {
            "cam_R_m2c": [
                -0.6743853415806796,
                -0.737656178578493,
                -0.03266714910958934,
                -0.7223972316028278,
                0.668297684906662,
                -0.17753857086408364,
                0.15279456739078465,
                -0.09613120484151454,
                -0.9835717394861747
            ],
            "cam_t_m2c": [
                -113.10673073338675,
                10.584800799223032,
                745.1339173571488
            ],
            "obj_id": 24
        }
    ],
    "84": [
        {
            "cam_R_m2c": [
                0.7244976396968854,
                -0.6848385980895421,
                0.0780923065518442,
                -0.5460114624821216,
                -0.6393637257175971,
                -0.5413743141784151,
                0.420683849493148,
                0.34958545109473566,
                -0.8371468314194822
            ],
            "cam_t_m2c": [
                38.7465762010343,
                -58.801000202195496,
                743.072668243836
            ],
            "obj_id": 19
        },
        {
            "cam_R_m2c": [
                0.332773431287519,
                -0.928465038186451,
                -0.16496582799463794,
                -0.8285490676630618,
                -0.20433977615098664,
                -0.5212987320141096,
                0.4502990926175611,
                0.31015652965489454,
                -0.8372772970205199
            ],
            "cam_t_m2c": [
                36.19320032816789,
                -28.839714314621208,
                778.4749810033256
            ],
            "obj_id": 20
        },
        {
            "cam_R_m2c": [
                -0.642449624790723,
                0.7426711734532716,
                -0.18893704517065077,
                0.7372058690422679,
                0.5316345256440407,
                -0.41700487214237564,
                -0.20925241907066047,
                -0.4071901176840158,
                -0.8890495499562889
            ],
            "cam_t_m2c": [
                -109.69705211719335,
                -46.925848818521,
                791.3406337330784
            ],
            "obj_id": 21
        },
        {
            "cam_R_m2c": [
                0.0058660221172150894,
                0.63979362513351,
                -0.7685239097132607,
                -0.3332873286965456,
                -0.7233447223916474,
                -0.6047253327118394,
                -0.9428067150813974,
                0.2596869148961627,
                0.2089919772392408
            ],
            "cam_t_m2c": [
                -53.66060249404309,
                31.765779514880386,
                733.0144635881833
            ],
            "obj_id": 22
        },
        {
            "cam_R_m2c": [
                0.919684047773268,
                -0.11910647861177054,
                0.3741577817956007,
                -0.39020240920261173,
                -0.3836400288064562,
                0.8369965782686477,
                0.04385046973118874,
                -0.9157692600276837,
                -0.3993035104633924
            ],
            "cam_t_m2c": [
                11.28830044848268,
                77.65934456167207,
                717.4665242689384
            ],
            "obj_id": 23
        },
        {
            "cam_R_m2c": [
                0.7756354312877174,
                -0.6265211798321794,
                -0.07655212471586947,
                -0.5941278352498296,
                -0.6837681760926273,
                -0.423643562592151,
                0.21307815288391754,
                0.37407474775809735,
                -0.9025880940012204
            ],
            "cam_t_m2c": [
                -37.07335541921162,
                -98.71470518463309,
                800.5529600444435
            ],
            "obj_id": 24
        }
    ],
    "92": [
        {
            "cam_R_m2c": [
                0.9912607656087901,
                0.12188476596983347,
                0.050453348132791766,
                0.12676048034998177,
                -0.7742500994541273,
                -0.620055521467448,
                -0.03651165725233744,
                0.6210325114221046,
                -0.782933715574862
            ],
            "cam_t_m2c": [
                50.84445415461118,
                -20.5857649653154,
                728.7533211068479
            ],
            "obj_id": 19
        },
        {
            "cam_R_m2c": [
                0.8163534188471898,
                -0.565514483397859,
                -0.11730157125674352,
                -0.5660765430834518,
                -0.7431696255593118,
                -0.35673075865020243,
                0.11456158811432898,
                0.35762007291945075,
                -0.9268133992217974
            ],
            "cam_t_m2c": [
                43.0411275889402,
                -0.030903896497527672,
                763.5915088110482
            ],
            "obj_id": 20
        },
        {
            "cam_R_m2c": [
                -0.976019726729847,
                0.1506243699908899,
                0.15715308083819776,
                0.06918146534524366,
                0.8991500216784944,
                -0.4321383899985163,
                -0.20639483408171702,
                -0.4109037223909647,
                -0.8880083957585433
            ],
            "cam_t_m2c": [
                -53.262263740855516,
                -93.98167628892939,
                817.1367523087833
            ],
            "obj_id": 21
        },
        {
            "cam_R_m2c": [
                -0.005233288057219953,
                0.9035668124141394,
                -0.4284142673565229,
                -0.531738229603036,
                -0.36534567963834097,
                -0.7640533207663235,
                -0.8468923483205908,
                0.2238059233284891,
                0.4823732528742666
            ],
            "cam_t_m2c": [
                -76.36976545843115,
                -1.410048824556446,
                751.3604368764803
            ],
            "obj_id": 22
        },
        {
            "cam_R_m2c": [
                0.9240293551891445,
                -0.15062290423397792,
                -0.35139960838631606,
                0.26871925567889093,
                -0.3979239204363849,
                0.8771813323519638,
                -0.27195384107999027,
                -0.9049689908963542,
                -0.3272182811448741
            ],
            "cam_t_m2c": [
                -59.024919791469685,
                66.74783297930568,
                717.6594147156687
            ],
            "obj_id": 23
        },
        {
            "cam_R_m2c": [
                0.9614083877328634,
                -0.25734541130246236,
                -0.09729552861593116,
                -0.27444613818795693,
                -0.8722561303489414,
                -0.4047828218182767,
                0.019302510104838556,
                0.4158641349614557,
                -0.9092216559522038
            ],
            "cam_t_m2c": [
                32.79417460707556,
                -100.87858879096281,
                801.9044161341326
            ],
            "obj_id": 24
        }
    ],
    "100": [
        {
            "cam_R_m2c": [
                0.6971590604280475,
                0.711014990403037,
                -0.09180006959886675,
                0.6095095586450736,
                -0.6552490811088453,
                -0.4462578108071892,
                -0.3774481880231642,
                0.25515948396463506,
                -0.8901834802773632
            ],
            "cam_t_m2c": [
                38.73251444780764,
                10.242159394574326,
                709.9096578840582
            ],
            "obj_id": 19
        },
        {
            "cam_R_m2c": [
                0.9762541299841943,
                0.18867745047804943,
                0.10643858776193647,
                0.21496385438578636,
                -0.7829440780574743,
                -0.5837708443786593,
                -0.02680907751600701,
                0.5927890881716504,
                -0.8049113902389742
            ],
            "cam_t_m2c": [
                23.33131341646466,
                29.712814510825453,
                754.0106513023659
            ],
            "obj_id": 20
        },
        {
            "cam_R_m2c": [
                -0.8310646948529218,
                -0.5470856074986455,
                -0.10014554265104489,
                -0.40216311034860935,
                0.7154882311744585,
                -0.571262445550945,
                0.3841826203729505,
                -0.4344810324945895,
                -0.8146348965075991
            ],
            "cam_t_m2c": [
                19.35512126322901,
                -97.73092012932796,
                816.6014119389142
            ],
            "obj_id": 21
        },
        {
            "cam_R_m2c": [
                0.08293261041673299,
                0.8784084359052526,
                0.47066046141854434,
                -0.3294341941542266,
                0.46990021339917026,
                -0.8189420976463467,
                -0.9405292311021779,
                -0.08713492118388334,
                0.3283478163694304
            ],
            "cam_t_m2c": [
                -63.66359224797863,
                -41.53657200694602,
                773.5381389351139
            ],
            "obj_id": 22
        },
        {
            "cam_R_m2c": [
                0.4047306055520532,
