{
  "106": [
    {
      "cam_R_m2c": [
        0.8769316907159774,
        0.47006894147977424,
        -0.100132259215348,
        0.35575029230509064,
        -0.7749455735471795,
        -0.5223999315344157,
        -0.3231609927995858,
        0.42248721730550165,
        -0.8468007975746058
      ],
      "cam_t_m2c": [
        10.267866948000846,
        58.336225721541894,
        729.7335333768609
      ],
      "obj_id": 5
    },
    {
      "cam_R_m2c": [
        -0.99207943459145,
        0.07114786704598103,
        -0.1035221843025648,
        0.11588623529597292,
        0.8363963745158841,
        -0.5357350659657593,
        0.04846900614519224,
        -0.5434887193934025,
        -0.8380160171665036
      ],
      "cam_t_m2c": [
        70.70273910920268,
        -10.308968162632098,
        767.8910870685617
      ],
      "obj_id": 6
    },
    {
      "cam_R_m2c": [
        0.7443658049289491,
        -0.6491500564253796,
        0.15660200805353383,
        -0.5159784061800046,
        -0.7079881954651851,
        -0.482202856515824,
        0.4238946200040109,
        0.2781320805627698,
        -0.8619489339962669
      ],
      "cam_t_m2c": [
        -60.363467496525764,
        -44.02877714457625,
        785.2849395845665
      ],
      "obj_id": 7
    }
  ],
  "117": [
    {
      "cam_R_m2c": [
        0.14449271530462302,
        0.982010173547656,
        0.12156721769044128,
        0.8877735659305118,
        -0.0743951697232732,
        -0.45422906402398455,
        -0.43701322685885935,
        0.1735567443668683,
        -0.8825514512713768
      ],
      "cam_t_m2c": [
        -61.534232260206444,
        45.183566427827664,
        742.2210613669064
      ],
      "obj_id": 5
    },
    {
      "cam_R_m2c": [
        -0.6309969121837643,
        -0.7655679628830278,
        -0.12549622834611085,
        -0.6255556276776019,
        0.597777709453536,
        -0.5013406422485024,
        0.45882921997218845,
        -0.23783919883920293,
        -0.8561004335141255
      ],
      "cam_t_m2c": [
        40.53576420931213,
        55.707888497470485,
        739.6822860898816
      ],
      "obj_id": 6
    },
    {
      "cam_R_m2c": [
        0.9913694450544208,
        0.09552656569508529,
        -0.08978852029588152,
        0.029143016422067722,
        -0.8283234605163827,
        -0.5594921095602644,
        -0.1278206003950372,
        0.5520464738890012,
        -0.8239577028738762
      ],
      "cam_t_m2c": [
        -3.0195021253110537,
        -67.68319144217357,
        792.8825356867839
      ],
      "obj_id": 7
    }
  ],
  "122": [
    {
      "cam_R_m2c": [
        -0.44510563276354836,
        0.8790860754075142,
        0.1705525963712537,
        0.7786352705507147,
        0.4740107906230591,
        -0.41114547979925364,
        -0.44227617578007455,
        -0.050205016077855186,
        -0.8954724145192826
      ],
      "cam_t_m2c": [
        -78.01510420531196,
        22.593272132415414,
        754.2572980133639
      ],
      "obj_id": 5
    },
    {
      "cam_R_m2c": [
        -0.07023379138233657,
        -0.9971393915665874,
        0.027924029293239453,
        -0.8140556995853196,
        0.04111521609422996,
        -0.5793294188883044,
        0.576524226008754,
        -0.06342030935293823,
        -0.814614824227928
      ],
      "cam_t_m2c": [
        8.691520358521723,
        69.43425325292941,
        725.7532284006609
      ],
      "obj_id": 6
    },
    {
      "cam_R_m2c": [
        0.7848278323576241,
        0.6085815693958005,
        0.1169327743226211,
        0.6077470793793449,
        -0.7189478717220642,
        -0.3372790923405421,
        -0.12119341306033123,
        0.33577161923382254,
        -0.9341141145558626
      ],
      "cam_t_m2c": [
        27.481459604242396,
        -59.220052297244415,
        793.5822333758796
      ],
      "obj_id": 7
    }
  ],
  "13": [
    {
      "cam_R_m2c": [
        0.3198139210589119,
        -0.9399581068611922,
        0.1191547717734788,
        -0.9265499684323322,
        -0.3365537145634554,
        -0.16803822556368153,
        0.19805038514360246,
        -0.056661896277212784,
        -0.9785524460377478
      ],
      "cam_t_m2c": [
        56.14786361070352,
        -24.536578189931532,
        769.1225557696068
      ],
      "obj_id": 5
    },
    {
      "cam_R_m2c": [
        0.1691925393847109,
        0.9694643736145163,
        0.17751822109745208,
        0.9547124590079396,
        -0.11648610449199463,
        -0.27377970795622436,
        -0.24474087821393264,
        0.21580006108538619,
        -0.9452679764084048
      ],
      "cam_t_m2c": [
        -33.10810462505255,
        -67.14448680019032,
        783.2796325132754
      ],
      "obj_id": 6
    },
    {
      "cam_R_m2c": [
        -0.7586416857045282,
        -0.6513568605084494,
        -0.014032469227376575,
        -0.6049776225179904,
        0.7122897109711759,
        -0.35587319447068416,
        0.24179568353914793,
        -0.26149048295205896,
        -0.934428677748095
      ],
      "cam_t_m2c": [
        -47.92349634813737,
        64.17668634460152,
        740.8626285988104
      ],
      "obj_id": 7
    }
  ],
  "130": [
    {
      "cam_R_m2c": [
        -0.8370189950605907,
        0.5306863237307388,
        0.13331067110694234,
        0.4072100796992398,
        0.7668806897943968,
        -0.4960593925838904,
        -0.3654850274540335,
        -0.3609256497570167,
        -0.8579939637513626
      ],
      "cam_t_m2c": [
        -82.36679402067907,
        -21.108443106114485,
        770.3272297349909
      ],
      "obj_id": 5
    },
    {
      "cam_R_m2c": [
        0.397942461321809,
        -0.9104078276230037,
        -0.11313691496275077,
        -0.837991012559256,
        -0.31052739039037186,
        -0.4487144419437702,
        0.37338090559195086,
        0.2733703348528257,
        -0.8864850173010587
      ],
      "cam_t_m2c": [
        -49.58049323679959,
        63.147588618166694,
        731.7518042799168
      ],
      "obj_id": 6
    },
    {
      "cam_R_m2c": [
        0.3247716907531086,
        0.9444593199521721,
        -0.05020387520203922,
        0.8934609943918674,
        -0.32378072395618607,
        -0.31127877306750257,
        -0.3102451085474238,
        0.056239238087572724,
        -0.9489917777239929
      ],
      "cam_t_m2c": [
        54.972318792513725,
        -25.42433190783212,
        771.6943873671647
      ],
      "obj_id": 7
    }
  ],
  "142": [
    {
      "cam_R_m2c": [
        -0.816910324360901,
        -0.5750285878698893,
        0.044718646996284805,
        -0.5610006982538454,
        0.774188132014017,
        -0.29310609400906096,
        0.13392358601996968,
        -0.26452843010271754,
        -0.9550339390450128
      ],
      "cam_t_m2c": [
        -28.639497621523937,
        -67.10922394232247,
        800.1384969440846
      ],
      "obj_id": 5
    },
    {
      "cam_R_m2c": [
        0.9876827037317718,
        -0.1485292437463609,
        0.04921301082442044,
        -0.10432018767010381,
        -0.8594962308997,
        -0.5003838518517794,
        0.11662011745813246,
        0.4890863223104773,
        -0.8644043294858212
      ],
      "cam_t_m2c": [
        -96.5492078448746,
        2.869856493494147,
        762.8725801394946
      ],
      "obj_id": 6
    },
    {
      "cam_R_m2c": [
        -0.566167271626431,
        0.8237143211422994,
        -0.030810862618928524,
        0.737978214472057,
        0.48987716937488507,
        -0.46412172737152435,
        -0.3672100562814274,
        -0.2855080186804581,
        -0.8852358315096661
      ],
      "cam_t_m2c": [
        40.455129403528275,
        38.13372603036518,
        745.0944818674961
      ],
      "obj_id": 7
    }
  ],
  "145": [
    {
      "cam_R_m2c": [
        -0.790981582297777,
        -0.6104763941575829,
        -0.04082070666268261,
        -0.4527628842215285,
        0.6288988298279548,
        -0.6320540007436382,
        0.411526761715427,
        -0.4814613946782466,
        -0.7738486151992328
      ],
      "cam_t_m2c": [
        -9.158858432206685,
        -77.78529043216162,
        813.7604587491049
      ],
      "obj_id": 5
    },
    {
      "cam_R_m2c": [
        0.9422052424688674,
        0.31251722704379614,
        -0.12075539519489428,
        0.20042580514944702,
        -0.8145844485959975,
        -0.5443179394267491,
        -0.26847430271353473,
        0.48865743689893076,
        -0.830142388114107
      ],
      "cam_t_m2c": [
        -90.79997801281205,
        -19.590549750310867,
        774.2730759501902
      ],
      "obj_id": 6
    },
    {
      "cam_R_m2c": [
        -0.738450786917185,
        0.6742846593601303,
        0.005501988769065978,
        0.5092983975359915,
        0.5630747650461975,
        -0.6508165293985815,
        -0.4419339180282043,
        -0.47779452656763116,
        -0.7592152806519508
      ],
      "cam_t_m2c": [
        31.148733478206484,
        34.56003598184253,
        735.1211154255501
      ],
      "obj_id": 7
    }
  ],
  "153": [
    {
      "cam_R_m2c": [
        -0.2156470192092619,
        -0.975412658331095,
        -0.04546129899816854,
        -0.7886187178660243,
        0.20142678130186378,
        -0.5809533320355389,
        0.5758261108744779,
        -0.08942938409284087,
        -0.8126656884557721
      ],
      "cam_t_m2c": [
        42.453163634533915,
        -57.949511045634225,
        802.3537355469441
      ],
      "obj_id": 5
    },
    {
      "cam_R_m2c": [
        0.5153525370757336,
        0.855939786566744,
        0.04217873939280957,
        0.6193577646429466,
        -0.33798889329343784,
        -0.7086314781997676,
        -0.5922897094686758,
        0.3913186440398985,
        -0.7043162691225694
      ],
      "cam_t_m2c": [
        -66.3174168071855,
        -66.26220648845636,
        807.013080063692
      ],
      "obj_id": 6
    },
    {
      "cam_R_m2c": [
        -0.9930192648787985,
        -0.1178425574365565,
        0.005108961468610325,
        -0.08390181401811711,
        0.6752404654866052,
        -0.7328095698149736,
        0.08290625657050985,
        -0.7281224285458558,
        -0.6804138871329681
      ],
      "cam_t_m2c": [
        -18.74674936551159,
        40.688421376165046,
        726.0136957598089
      ],
      "obj_id": 7
    }
  ],
  "166": [
    {
      "cam_R_m2c": [
        0.8578584600549444,
        -0.4823943992837551,
        0.17712931255261344,
        -0.3179441660292886,
        -0.7690294549691645,
        -0.554532467372439,
        0.4037204037750324,
        0.41939275775373874,
        -0.8130927289393955
      ],
      "cam_t_m2c": [
        66.88212966880563,
        -1.694220053671757,
        755.007605527996
      ],
      "obj_id": 5
    },
    {
      "cam_R_m2c": [
        -0.338722033588359,
        0.9352900306837372,
        0.10247137991739894,
        0.7314268212016222,
        0.33025750948378846,
        -0.5966118588904719,
        -0.591846337753534,
        -0.12713529314205646,
        -0.7959615208781889
      ],
      "cam_t_m2c": [
        27.01338518221795,
        -76.90399894797572,
        813.4611989134038
      ],
      "obj_id": 6
    },
    {
      "cam_R_m2c": [
        -0.40801241845635494,
        -0.9071659455531469,
        -0.10284095386110378,
        -0.6586719668388263,
        0.37048998127767685,
        -0.6548963822153315,
        0.6322008415133566,
        -0.19946692092629445,
        -0.7486890565247021
      ],
      "cam_t_m2c": [
        -78.80659668888339,
        2.783713783561934,
        751.40470106483
      ],
      "obj_id": 7
    }
  ],
  "173": [
    {
      "cam_R_m2c": [
        0.9566675793367275,
        0.2875744433870666,
        0.04569800453217476,
        0.25367211565094694,
        -0.746051511750256,
        -0.6156761067781901,
        -0.14295959280388543,
        0.6005893886006718,
        -0.7866729290776683
      ],
      "cam_t_m2c": [
        44.268605028873736,
        29.488025111327048,
        734.6033312239496
      ],
      "obj_id": 5
    },
    {
      "cam_R_m2c": [
        -0.8702253471779722,
        0.4596443711084576,
        0.1772992032111981,
        0.2994981515481733,
        0.7793325215132937,
        -0.5504009589033949,
        -0.39116373935089555,
        -0.42587189795929775,
        -0.8158574939278964
      ],
      "cam_t_m2c": [
        66.26934220673812,
        -45.5166208683151,
        794.2649910778713
      ],
      "obj_id": 6
    },
    {
      "cam_R_m2c": [
        0.39275386905570236,
        -0.9192866545650895,
        0.0256237170483152,
        -0.797424913121824,
        -0.3543039747515503,
        -0.48844823195405307,
        0.45810224698739466,
        0.17140692686646025,
        -0.872216385563237
      ],
      "cam_t_m2c": [
        -73.19338458644584,
        -28.12928868510589,
        776.6506022497958
      ],
      "obj_id": 7
    }
  ],
  "178": [
    {
      "cam_R_m2c": [
        0.8828630148982947,
        0.45203821388387133,
        -0.12733653108977952,
        0.317379360553024,
        -0.7741475398536534,
        -0.5476913565970738,
        -0.3461550065318363,
        0.44312270603851167,
        -0.8269338866547183
      ],
      "cam_t_m2c": [
        15.732754073909575,
        41.218140339341275,
        724.8007538697776
      ],
      "obj_id": 5
    },
    {
      "cam_R_m2c": [
        -0.9798999964608449,
        0.13730684611870597,
        0.14471804636858726,
        0.03126482641140274,
        0.822174450055665,
        -0.5683761204253178,
        -0.19702529704448107,
        -0.5524276447725879,
        -0.8099415657468901
      ],
      "cam_t_m2c": [
        76.69091435535306,
        -19.651730623866325,
        779.87975563239
      ],
      "obj_id": 6
    },
    {
      "cam_R_m2c": [
        0.7303071381474004,
        -0.6720394070099533,
        -0.12253542342793323,
        -0.6049738338769478,
        -0.5529631455707787,
        -0.5729206911547521,
        0.31726786640801824,
        0.4925391182163529,
        -0.8103992958974596
      ],
      "cam_t_m2c": [
        -63.82076141881042,
        -49.44763279988189,
        796.3148983296844
      ],
      "obj_id": 7
    }
  ],
  "191": [
    {
      "cam_R_m2c": [
        -0.03668148297783133,
        0.9948981705434243,
        0.09397729572238142,
        0.7039470802497572,
        0.09247334753373639,
        -0.704207148616227,
        -0.709304274882742,
        0.04032344526323258,
        -0.7037481903184697
      ],
      "cam_t_m2c": [
        -64.38699053746662,
        28.581948901341285,
        738.4311510074646
      ],
      "obj_id": 5
    },
    {
      "cam_R_m2c": [
        -0.4584356590007758,
        -0.8885655024999212,
        0.016960752083315087,
        -0.6098774437181967,
        0.3006562462878103,
        -0.7332502220188482,
        0.646441205083656,
        -0.3464915886712999,
        -0.6797480418861742
      ],
      "cam_t_m2c": [
        36.11393532552886,
        42.30288659788278,
        730.4060201008659
      ],
      "obj_id": 6
    },
    {
      "cam_R_m2c": [
        0.9649049702661038,
        0.20531163493856447,
        0.16372287719791168,
        0.26249699385995595,
        -0.7367420060328589,
        -0.6231427924117582,
        -0.007317077363675395,
        0.6442497783218079,
        -0.7647802530121472
      ],
      "cam_t_m2c": [
        12.749394858197721,
        -67.15975891079299,
        810.9763400859233
      ],
      "obj_id": 7
    }
  ],
  "201": [
    {
      "cam_R_m2c": [
        -0.7799122044812126,
        0.6244419021258122,
        -0.04254225162855618,
        0.46525525972892656,
        0.5329419442337052,
        -0.7067602235015485,
        -0.41865779551111093,
        -0.5710034371142032,
        -0.7061731771825546
      ],
      "cam_t_m2c": [
        -78.62782725004281,
        -25.623178048130836,
        773.6081885547219
      ],
      "obj_id": 5
    },
    {
      "cam_R_m2c": [
        0.48906547429783775,
        -0.8706376978693211,
        0.05296597653372963,
        -0.6017777311678415,
        -0.3807492267524488,
        -0.7020636026547363,
        0.631409233277759,
        0.3114811449062603,
        -0.7101420393322527
      ],
      "cam_t_m2c": [
        -35.169102741726,
        53.02616454625331,
        718.3402300266563
      ],
      "obj_id": 6
    },
    {
      "cam_R_m2c": [
        0.30117520584997964,
        0.9403395604186141,
        0.1582889934335111,
        0.7787293528414074,
        -0.14673847658568692,
        -0.6099573996140306,
        -0.5503394935423901,
        0.30696815015413725,
        -0.7764644087680939
      ],
      "cam_t_m2c": [
        53.963190806385576,
        -35.70115600893193,
        782.4576212496622
      ],
      "obj_id": 7
    }
  ],
  "209": [
    {
      "cam_R_m2c": [
        -0.9687729219475225,
        -0.24769074615472159,
        -0.011327775522093212,
        -0.173213821129719,
        0.7087524514754093,
        -0.6838619050841878,
        0.1774145687813274,
        -0.6605449718879935,
        -0.7295237597659082
      ],
      "cam_t_m2c": [
        -55.73882174535532,
        -56.5187962768552,
        799.4497514918717
      ],
      "obj_id": 5
    },
    {
      "cam_R_m2c": [
        0.9402655300859075,
        -0.3310298359382401,
        -0.07949854816673994,
        -0.3179784159582415,
        -0.7705243406951,
        -0.5524329383886961,
        0.1216165931401979,
        0.5447124812657012,
        -0.8297578979493063
      ],
      "cam_t_m2c": [
        -75.60389280435399,
        19.603331622724895,
        742.8293871610233
      ],
      "obj_id": 6
    },
    {
      "cam_R_m2c": [
        -0.43717327074743095,
        0.8991904731749862,
        0.018330790529845764,
        0.6770273711409237,
        0.3424409567671302,
        -0.651435578919998,
        -0.5920421279902474,
        -0.2723795292681109,
        -0.7584827014654704
      ],
      "cam_t_m2c": [
        58.15473016302132,
        -0.21234288998173845,
        752.9243028930796
      ],
      "obj_id": 7
    }
  ],
  "214": [
    {
      "cam_R_m2c": [
        -0.9098620764612079,
        -0.41433644594167407,
        0.021837272813169217,
        -0.3108621465980186,
        0.6458890258879307,
        -0.6972754927852511,
        0.27480198620155705,
        -0.6412124575804876,
        -0.716470244019651
      ],
      "cam_t_m2c": [
        -28.4228573075503,
        -68.1726594011291,
        813.1298965936836
      ],
      "obj_id": 5
    },
    {
      "cam_R_m2c": [
        0.987195173367082,
        -0.09606757774964256,
        0.1273472858921638,
        0.018380647745327376,
        -0.7244981773304421,
        -0.6890322824053468,
        0.15845647650257688,
        0.6825495892484356,
        -0.7134541137785863
      ],
      "cam_t_m2c": [
        -87.23511068569866,
        -6.023372054966524,
        760.725914941462
      ],
      "obj_id": 6
    },
    {
      "cam_R_m2c": [
        -0.7532730785584862,
        0.6469174261400004,
        0.11865178953271965,
        0.48960540378866796,
        0.6720023895789748,
        -0.5556080188919612,
        -0.43916624384110925,
        -0.3604316869196634,
        -0.8229344275651878
      ],
      "cam_t_m2c": [
        49.27690307517153,
        24.516798060936424,
        740.3268359956528
      ],
      "obj_id": 7
    }
  ],
  "235": [
    {
      "cam_R_m2c": [
        0.6804444666629271,
        -0.7253726354767905,
        0.10406587576808689,
        -0.4976656059717212,
        -0.5616652763823325,
        -0.6609539885716444,
        0.537888481288811,
        0.3979528391255704,
        -0.7431753205264189
      ],
      "cam_t_m2c": [
        69.32592198969324,
        -19.769976153200467,
        774.2882465993434
      ],
      "obj_id": 5
    },
    {
      "cam_R_m2c": [
        -0.10407003050621019,
        0.9938363463738304,
        0.038191373293408874,
        0.6532323106867213,
        0.097258662932644,
        -0.7508843898615968,
        -0.7499711103811338,
        -0.053196820175118495,
        -0.65932805993362
      ],
      "cam_t_m2c": [
        5.237499404535094,
        -73.70687270765178,
        834.6386282143063
      ],
      "obj_id": 6
    },
    {
      "cam_R_m2c": [
        -0.5960977774497732,
        -0.7921386855483229,
        0.13108612078347623,
        -0.6311001498481881,
        0.36132396796007366,
        -0.6864085367931498,
        0.49636660247371844,
        -0.4918953663530185,
        -0.7153035636029761
      ],
      "cam_t_m2c": [
        -69.42539609414104,
        -2.5544695699230333,
        744.9415657128092
      ],
      "obj_id": 7
    }
  ],
  "24": [
    {
      "cam_R_m2c": [
        0.9948808688580956,
        -0.08117983121326737,
        -0.060186289731553405,
        -0.09675010292845745,
        -0.9371555889233504,
        -0.3352314242747883,
        -0.029189813576447933,
        0.3393382684771351,
        -0.9402113249310957
      ],
      "cam_t_m2c": [
        59.49823428338927,
        44.48507883846401,
        750.8292337612171
      ],
      "obj_id": 5
    },
    {
      "cam_R_m2c": [
        -0.7994251346377668,
        0.6002561260164114,
        0.02474977466284796,
        0.5672187658436761,
        0.7677171681381841,
        -0.29811827646107303,
        -0.19794812886802615,
        -0.22428461131154018,
        -0.9542079305453595
      ],
      "cam_t_m2c": [
        44.84875081997449,
        -57.78687912429336,
        786.0481940880218
      ],
      "obj_id": 6
    },
    {
      "cam_R_m2c": [
        0.008363581114101393,
        -0.993553318030963,
        0.11305885529308789,
        -0.9861554519075899,
        -0.026920615846663765,
        -0.16362787045745014,
        0.16561650814491619,
        -0.11012506586843095,
        -0.9800221671324667
      ],
      "cam_t_m2c": [
        -81.15059540172487,
        14.495759986243185,
        757.8395301795431
      ],
      "obj_id": 7
    }
  ],
  "242": [
    {
      "cam_R_m2c": [
        0.9679155216577027,
        -0.24787039012122278,
        -0.04122199557173194,
        -0.18688934845296812,
        -0.6004898966520135,
        -0.7774860329362127,
        0.16796184231665007,
        0.7602450367045652,
        -0.6275479298482581
      ],
      "cam_t_m2c": [
        52.34817372181619,
        11.220411710149087,
        737.1192598856979
      ],
      "obj_id": 5
    },
    {
      "cam_R_m2c": [
        -0.8165977900089779,
        0.5658390345779122,
        -0.11398882653975555,
        0.42088471155001517,
        0.44857298478806507,
        -0.788440625125297,
        -0.39499803918385096,
        -0.6918155395021229,
        -0.6044568774220046
      ],
      "cam_t_m2c": [
        53.92530774651237,
        -61.86165130677186,
        819.6534470073346
      ],
      "obj_id": 6
    },
    {
      "cam_R_m2c": [
        -0.031072070330067304,
        -0.9978891009591275,
        -0.05701981980764612,
        -0.5870857543403692,
        0.06439055860732823,
        -0.8069600057244487,
        0.808928348114396,
        0.008402153875024666,
        -0.58784732532941
      ],
      "cam_t_m2c": [
        -82.85849171008125,
        -27.526197302910802,
        773.2406231346224
      ],
      "obj_id": 7
    }
  ],
  "248": [
    {
      "cam_R_m2c": [
        0.8931041893597226,
        0.43472495250134496,
        -0.11567155266312176,
        0.2604584878194837,
        -0.7093609563930379,
        -0.6549569964214044,
        -0.36677905176873643,
        0.5548162829727972,
        -0.746760743120824
      ],
      "cam_t_m2c": [
        18.21136053732911,
        25.411670374820325,
        720.2052269145341
      ],
      "obj_id": 5
    },
    {
      "cam_R_m2c": [
        -0.9924591909193797,
        0.05216281239832647,
        -0.11092601511809246,
        0.11527465502116319,
        0.704886201575708,
        -0.6998910198642762,
        0.04168246599803002,
        -0.7073994566774745,
        -0.7055835614628322
      ],
      "cam_t_m2c": [
        75.72595464515678,
        -36.33159445249313,
        791.3880370061238
      ],
      "obj_id": 6
    },
    {
      "cam_R_m2c": [
        0.5170005725722892,
        -0.8455882921441651,
        0.13301084464148197,
        -0.43896820566559575,
        -0.39530902075637203,
        -0.8068692261294853,
        0.7348587650340391,
        0.35876395482349843,
        -0.5755609002148903
      ],
      "cam_t_m2c": [
        -68.96245837360432,
        -54.40865948594603,
        798.8062329119035
      ],
      "obj_id": 7
    }
  ],
  "255": [
    {
      "cam_R_m2c": [
        0.4791883782137895,
        0.8645633379260219,
        -0.15135697005871862,
        0.516758919944758,
        -0.4172885604677214,
        -0.7475496698380857,
        -0.7094635731519587,
        0.280001888622888,
        -0.6467302888583875
      ],
      "cam_t_m2c": [
        -24.738737330805538,
        28.556795169978354,
        722.3794629896935
      ],
      "obj_id": 5
    },
    {
      "cam_R_m2c": [
        -0.8316722368771825,
        -0.5438714290105451,
        0.11191826204059428,
        -0.46660972807669754,
        0.5752816560140851,
        -0.6718081262832987,
        0.300992837041547,
        -0.6109461894440353,
        -0.7322210403073489
      ],
      "cam_t_m2c": [
        70.04077873714841,
        -4.142282770254159,
        753.9529851486905
      ],
      "obj_id": 6
    },
    {
      "cam_R_m2c": [
        0.9457813695786411,
        -0.3152154512606585,
        0.07834084130400532,
        -0.1135954377147802,
        -0.5469675787240386,
        -0.8294107994328089,
        0.30429297841541103,
        0.7755421048380876,
        -0.5531183834905954
      ],
      "cam_t_m2c": [
        -37.32477431666199,
        -66.104440848403,
        821.7776550545732
      ],
      "obj_id": 7
    }
  ],
  "276": [
    {
      "cam_R_m2c": [
        -0.9855085139270213,
        0.1492564441674884,
        0.08058854226999639,
        0.06099776385454455,
        0.755165317616024,
        -0.6526907094749137,
        -0.1582757247876807,
        -0.6383161383134963,
        -0.7533265357015979
      ],
      "cam_t_m2c": [
        -77.05680489389725,
        -43.503977194846726,
        797.9714635575898
      ],
      "obj_id": 5
    },
    {
      "cam_R_m2c": [
        0.6833552439912497,
        -0.7300460660692242,
        -0.007578107839093081,
        -0.5809292227665492,
        -0.5374301888946039,
        -0.611302267996764,
        0.4422057025964689,
        0.4221387371778215,
        -0.7913612665501336
      ],
      "cam_t_m2c": [
        -59.6808372236268,
        20.566702532315276,
        723.626470084647
      ],
      "obj_id": 6
    },
    {
      "cam_R_m2c": [
        0.014344419338353575,
        0.9863442852856766,
        0.16406787878571036,
        0.6508665648852199,
        0.11535180934233824,
        -0.7503781385306222,
        -0.7590563280844552,
        0.1175498077871254,
        -0.6403240782122096
      ],
      "cam_t_m2c": [
        62.84360339026313,
        -28.978615598405483,
        782.1271866588123
      ],
      "obj_id": 7
    }
  ],
  "286": [
    {
      "cam_R_m2c": [
        -0.8839603354707223,
        -0.46755943459800936,
        0.0016462433337862757,
        -0.36139565847711275,
        0.6810048919313946,
        -0.6368875319834716,
        0.29666211337536685,
        -0.5635781124299916,
        -0.7709543427292556
      ],
      "cam_t_m2c": [
        -28.0316120149056,
        -74.15411682949495,
        823.339051595593
      ],
      "obj_id": 5
    },
    {
      "cam_R_m2c": [
        0.9953347488572971,
        -0.09568900759876227,
        -0.01235968792615461,
        -0.08155387043320826,
        -0.7659404875240872,
        -0.6377180607489886,
        0.05155537517505365,
        0.6357510534576793,
        -0.7701700787456801
      ],
      "cam_t_m2c": [
        -94.46327149687463,
        -17.656317627566658,
        765.6382133316877
      ],
      "obj_id": 6
    },
    {
      "cam_R_m2c": [
        -0.6404665216916084,
        0.7580996432504405,
        -0.12283288304351539,
        0.5404977143195856,
        0.3313246372759048,
        -0.773360232552067,
        -0.5455863945924394,
        -0.5617029007237427,
        -0.6219526273249764
      ],
      "cam_t_m2c": [
        42.91042590225923,
        6.004311072693144,
        738.1584341606841
      ],
      "obj_id": 7
    }
  ],
  "295": [
    {
      "cam_R_m2c": [
        -0.10499586155482078,
        -0.9938334420206655,
        0.03564828635924657,
        -0.44182154558874986,
        0.01450285946145539,
        -0.8969857300347903,
        0.8909373530836528,
        -0.10993067216575995,
        -0.44061951064840926
      ],
      "cam_t_m2c": [
        27.300156487601,
        -64.01574462637139,
        830.6134353083933
      ],
      "obj_id": 5
    },
    {
      "cam_R_m2c": [
        0.6433866168836029,
        0.7649760365509138,
        0.029413475608631574,
        0.5091018602918026,
        -0.3988562698819919,
        -0.7627116569261514,
        -0.5717239081605131,
        0.505693422604229,
        -0.6460692913395786
      ],
      "cam_t_m2c": [
        -75.16949181458114,
        -57.75690269482002,
        818.4198364201875
      ],
      "obj_id": 6
    },
    {
      "cam_R_m2c": [
        -0.9897878427934026,
        0.06043152612501749,
        -0.12910400940955363,
        0.14244422968020945,
        0.4537825805174276,
        -0.8796539188231822,
        0.005425615736919461,
        -0.8890609638762481,
        -0.45775636666663233
      ],
      "cam_t_m2c": [
        -5.2412889191530585,
        7.755671973838515,
        716.5138080738218
      ],
      "obj_id": 7
    }
  ],
  "3": [
    {
      "cam_R_m2c": [
        -0.4173092310334447,
        -0.891997336435229,
        0.17376282802147178,
        -0.8884671524724901,
        0.3602753092070724,
        -0.2843006613985041,
        0.1909933178126202,
        -0.2730241918768859,
        -0.9428568173866665
      ],
      "cam_t_m2c": [
        6.620609308821515,
        -63.19058508114155,
        785.3462070042494
      ],
      "obj_id": 5
    },
    {
      "cam_R_m2c": [
        0.8661527313966929,
        0.4842997629920468,
        -0.12342195290271699,
        0.46148549018058443,
        -0.8698183435059392,
        -0.17448881301053468,
        -0.1918598033843461,
        0.09417689221539416,
        -0.9768930546595234
      ],
      "cam_t_m2c": [
        -83.66603466755726,
        -21.59212106206268,
        773.9230465574691
      ],
      "obj_id": 6
    },
    {
      "cam_R_m2c": [
        -0.8902777925487717,
        0.4518654261510484,
        0.05677004909174881,
        0.42927287989830665,
        0.8742509585043375,
        -0.22673593985829463,
        -0.15208563259775423,
        -0.17748853790476413,
        -0.9723000255419396
      ],
      "cam_t_m2c": [
        18.100502163093903,
        69.33291659881141,
        743.946734521105
      ],
      "obj_id": 7
    }
  ],
  "306": [
    {
      "cam_R_m2c": [
        0.6341986872875982,
        -0.7566427945993224,
        0.1590097634540606,
        -0.25304104370422753,
        -0.3974555015855461,
        -0.8820426241647081,
        0.7305908335187801,
        0.5191545855614516,
        -0.4435273971606253
      ],
      "cam_t_m2c": [
        63.86478953499258,
        -31.585594160650103,
        785.701987924284
      ],
      "obj_id": 5
    },
    {
      "cam_R_m2c": [
        -0.23220883660352865,
        0.9720551394042684,
        -0.03447170397364101,
        0.4118799257888287,
        0.06616206898621071,
        -0.9088329325875133,
        -0.881155449447643,
        -0.22523727893128792,
        -0.4157333881452079
      ],
      "cam_t_m2c": [
        -6.857483351481999,
        -74.43570150694032,
        848.8562099302338
      ],
      "obj_id": 6
    },
    {
      "cam_R_m2c": [
        -0.5936973176477519,
        -0.7910155179038442,
        -0.1477104863791322,
        -0.38435773047546123,
        0.440028566769207,
        -0.8115687892800596,
        0.7069606757618044,
        -0.4250528636998852,
        -0.5652765342991856
      ],
      "cam_t_m2c": [
        -64.39928529074406,
        -11.18728496525279,
        736.6594420910134
      ],
      "obj_id": 7
    }
  ],
  "316": [
    {
      "cam_R_m2c": [
        0.9916996729740397,
        -0.06515221285529549,
        -0.11084911218494402,
        -0.1279404091764535,
        -0.5857534502851021,
        -0.8003272841582395,
        -0.012787702352453032,
        0.8078661501129716,
        -0.5892274849237739
      ],
      "cam_t_m2c": [
        46.15729295736699,
        -3.7999559945186636,
        731.4168529514917
      ],
      "obj_id": 5
    },
    {
      "cam_R_m2c": [
        -0.9286362680781963,
        0.37097125740204173,
        0.00390289357254878,
        0.1978307025253971,
        0.5040670545996093,
        -0.8407016427188643,
        -0.31384288326087206,
        -0.7799341107822589,
        -0.5414848398445284
      ],
      "cam_t_m2c": [
        63.643792019550624,
        -55.44565807822819,
        821.9222466462455
      ],
      "obj_id": 6
    },
    {
      "cam_R_m2c": [
        0.05488954268786268,
        -0.9966195360664346,
        -0.061133277228553586,
        -0.5684541783045693,
        0.01914396533522171,
        -0.8224919535692626,
        0.8208814856464223,
        0.0798981410644485,
        -0.5654821174528907
      ],
      "cam_t_m2c": [
        -76.6629154201226,
        -43.99137680171948,
        786.8710672802347
      ],
      "obj_id": 7
    }
  ],
  "327": [
    {
      "cam_R_m2c": [
        0.5767190546771682,
        0.8101634785544647,
        0.10502078115680617,
        0.5806337559522748,
        -0.31606524004562303,
        -0.7503110420149152,
        -0.5746819553590969,
        0.49369792829275094,
        -0.6526894697167991
      ],
      "cam_t_m2c": [
        -18.91034102278425,
        5.586211461591068,
        714.8652605022723
      ],
      "obj_id": 5
    },
    {
      "cam_R_m2c": [
        -0.8506071540148482,
        -0.5231078239078057,
        -0.05314949963838009,
        -0.2187045400801133,
        0.44391815482744246,
        -0.8689674085888945,
        0.4781578019146952,
        -0.727526832973696,
        -0.4920064446955762
      ],
      "cam_t_m2c": [
        75.24410800283687,
        -12.535773841282758,
        756.8252476279408
      ],
      "obj_id": 6
    },
    {
      "cam_R_m2c": [
        0.8823725309987649,
        -0.46958263260670435,
        -0.03016468574610899,
        -0.21673733856272798,
        -0.3486877841203642,
        -0.9118339408782434,
        0.41766390106384316,
        0.8111158981779523,
        -0.4094490494796396
      ],
      "cam_t_m2c": [
        -38.759339618900945,
        -66.19786993818043,
        828.1856347548597
      ],
      "obj_id": 7
    }
  ],
  "338": [
    {
      "cam_R_m2c": [
        -0.48872543768065224,
        0.8704772964544298,
        -0.05845755272778058,
        0.43822200337385714,
        0.18699399467799388,
        -0.8792017486440226,
        -0.7543933445967755,
        -0.4553057096830272,
        -0.47285033582166525
      ],
      "cam_t_m2c": [
        -76.42248322910083,
        -12.765117475487077,
        753.242483516591
      ],
      "obj_id": 5
    },
    {
      "cam_R_m2c": [
        -0.22579614776416096,
        -0.9740623769595596,
        0.01480748297374739,
        -0.6610564476223125,
        0.14203852077029658,
        -0.7367703520190094,
        0.715556474486488,
        -0.17614802561877915,
        -0.675981232883027
      ],
      "cam_t_m2c": [
        19.466290195002593,
        17.090228395549225,
        712.8894636095245
      ],
      "obj_id": 6
    },
    {
      "cam_R_m2c": [
        0.8846204690122351,
        0.4620121418964241,
        0.06318315110409313,
        0.3476633583154676,
        -0.5631549556487548,
        -0.74965845689459,
        -0.3107693540474427,
        0.6851289384536912,
        -0.6588023434986167
      ],
      "cam_t_m2c": [
        29.159221824131347,
        -60.613048666691455,
        827.9827636451652
      ],
      "obj_id": 7
    }
  ],
  "348": [
    {
      "cam_R_m2c": [
        -0.9606743626277361,
        0.2551528150798525,
        0.10955603002652399,
        0.08684853631048335,
        0.6508416604981125,
        -0.7542293007361082,
        -0.26374746603762955,
        -0.7150547300125873,
        -0.6474061476810277
      ],
      "cam_t_m2c": [
        -76.29098736306014,
        -46.06658934444726,
        799.0230534244821
      ],
      "obj_id": 5
    },
    {
      "cam_R_m2c": [
        0.5980924288056795,
        -0.7883268328143589,
        -0.1443159438740956,
        -0.47311820517178765,
        -0.201962205763476,
        -0.8575368216231183,
        0.6468733641239272,
        0.5811654160892197,
        -0.4937636983046537
      ],
      "cam_t_m2c": [
        -51.577865427596336,
        7.979931253302182,
        715.0751162790182
      ],
      "obj_id": 6
    },
    {
      "cam_R_m2c": [
        0.3168736981261745,
        0.9473218975566464,
        0.04661768474992137,
        0.5114855579181594,
        -0.12928427068707674,
        -0.8495099338572486,
        -0.798733100040449,
        0.29303161982768267,
        -0.5255080832923982
      ],
      "cam_t_m2c": [
        66.34096799943154,
        -38.182605543769945,
        787.7541191040523
      ],
      "obj_id": 7
    }
  ],
  "358": [
    {
      "cam_R_m2c": [
        -0.8902934385306382,
        -0.4496651574329883,
        -0.071965514113406,
        -0.2408250880330065,
        0.5990266949000446,
        -0.7636559910091315,
        0.3864986277808552,
        -0.6625463767470929,
        -0.6416003777262717
      ],
      "cam_t_m2c": [
        -29.099734926434508,
        -73.91924978283245,
        839.8922452696431
      ],
      "obj_id": 5
    },
    {
      "cam_R_m2c": [
        0.9966249222076928,
        -0.08086149659759653,
        -0.014153737078548662,
        -0.06480682440436186,
        -0.669181129560171,
        -0.7402681150026312,
        0.050387651871554306,
        0.7386864730552246,
        -0.6721631812003707
      ],
      "cam_t_m2c": [
        -91.60328024440271,
        -28.37550998984539,
        771.8274111313895
      ],
      "obj_id": 6
    },
    {
      "cam_R_m2c": [
        -0.6123363117660744,
        0.7820925288887045,
        -0.11565351890704258,
        0.5420450104419399,
        0.3088195934795423,
        -0.781548363411954,
        -0.5755266478753931,
        -0.5412596651785058,
        -0.61303097127042
      ],
      "cam_t_m2c": [
        44.57558908753899,
        -8.385729938486671,
        737.7558068848305
      ],
      "obj_id": 7
    }
  ],
  "36": [
    {
      "cam_R_m2c": [
        0.6952516626834401,
        0.706340330380887,
        0.1330712995908377,
        0.718221287464848,
        -0.6755051707015606,
        -0.16688858733871118,
        -0.02798986446092714,
        0.21160409597456903,
        -0.9769550801265658
      ],
      "cam_t_m2c": [
        -6.487097146942396,
        78.37625267976134,
        736.6782529493786
      ],
      "obj_id": 5
    },
    {
      "cam_R_m2c": [
        -0.9764678916548251,
        -0.17621991342489352,
        -0.12432427662833472,
        -0.11899587191522655,
        0.9210297832116383,
        -0.3708706261445275,
        0.17986099684001142,
        -0.34734921958153436,
