{
  "106": [
    {
      "cam_R_m2c": [
        0.8298844313660537,
        0.5578940572978807,
        -0.006821227798293415,
        0.49350481823729714,
        -0.7396972722796847,
        -0.4574949273258764,
        -0.26027929782671544,
        0.3763018292601452,
        -0.889185925944701
      ],
      "cam_t_m2c": [
        7.888404796797682,
        62.20013224441277,
        731.6307510073221
      ],
      "obj_id": 5
    },
    {
      "cam_R_m2c": [
        -0.9997960335972731,
        -0.018894538730852603,
        -0.007166792768915014,
        -0.013556880589834024,
        0.890133475285719,
        -0.4554989200249132,
        0.014985687134759397,
        -0.45530901042951577,
        -0.8902073463599733
      ],
      "cam_t_m2c": [
        73.23714365392257,
        -7.975481288213118,
        768.8683806225428
      ],
      "obj_id": 6
    },
    {
      "cam_R_m2c": [
        0.6874838548482646,
        -0.7261964371741185,
        0.0022677196921356956,
        -0.6446139525026848,
        -0.6116824377551664,
        -0.45860451163735194,
        0.3344243077615046,
        0.3138213901103798,
        -0.8886374445908659
      ],
      "cam_t_m2c": [
        -61.94655515682869,
        -48.406185080771344,
        784.4845024193713
      ],
      "obj_id": 7
    }
  ],
  "117": [
    {
      "cam_R_m2c": [
        0.0005816443491139687,
        0.9998867381243771,
        0.015057788669425403,
        0.8878126065905008,
        0.006413960929848542,
        -0.46016119215002627,
        -0.46020543984127815,
        0.01363590014125243,
        -0.8877075168104454
      ],
      "cam_t_m2c": [
        -60.36000257457453,
        45.63416061618769,
        738.4645219842027
      ],
      "obj_id": 5
    },
    {
      "cam_R_m2c": [
        -0.5643875313353484,
        -0.8254522027151048,
        0.009796073685103527,
        -0.7445716851874546,
        0.5038901020305521,
        -0.4378452306114584,
        0.3564841086151746,
        -0.25440795255903526,
        -0.8989968220930864
      ],
      "cam_t_m2c": [
        43.56105947374953,
        53.88838774677237,
        737.857758349122
      ],
      "obj_id": 6
    },
    {
      "cam_R_m2c": [
        0.9860984792066428,
        0.16497679089113965,
        0.01982483743320386,
        0.1552747163843548,
        -0.8724115662688519,
        -0.46345281201606137,
        -0.0591637527303622,
        0.4600881511582347,
        -0.8858996342800161
      ],
      "cam_t_m2c": [
        1.0613285905524636,
        -67.322757457001,
        795.7315296006213
      ],
      "obj_id": 7
    }
  ],
  "122": [
    {
      "cam_R_m2c": [
        -0.4191313122945883,
        0.9078809543739355,
        0.008973540566247901,
        0.8130615849110537,
        0.3797183020647601,
        -0.4412988844312598,
        -0.40405436109787557,
        -0.17766621795937595,
        -0.8973151113308858
      ],
      "cam_t_m2c": [
        -79.04871346521522,
        22.5076746347907,
        751.1587962857117
      ],
      "obj_id": 5
    },
    {
      "cam_R_m2c": [
        -0.1650066030324002,
        -0.9860127336787418,
        0.023475776005396572,
        -0.8810493356661713,
        0.13665994854453997,
        -0.452853129710085,
        0.44331088384132944,
        -0.09540707695899664,
        -0.8912758101205561
      ],
      "cam_t_m2c": [
        10.80530746547197,
        68.39732024814714,
        728.0431379500728
      ],
      "obj_id": 6
    },
    {
      "cam_R_m2c": [
        0.819917737658001,
        0.5723214197989807,
        0.013509729096595702,
        0.5180592954969645,
        -0.7317263186355766,
        -0.44293452043546166,
        -0.24361558269018277,
        0.3701687942009023,
        -0.8964519712063065
      ],
      "cam_t_m2c": [
        28.181006038151153,
        -58.02083948428783,
        789.586316898214
      ],
      "obj_id": 7
    }
  ],
  "13": [
    {
      "cam_R_m2c": [
        0.376000000650821,
        -0.9266180146429661,
        -0.0017432614643053761,
        -0.8901493681826711,
        -0.360678285113305,
        -0.2784698638243794,
        0.257405992539286,
        0.10625650811653449,
        -0.9604431740163177
      ],
      "cam_t_m2c": [
        58.35372755126094,
        -25.840756372282005,
        772.6616893282267
      ],
      "obj_id": 5
    },
    {
      "cam_R_m2c": [
        0.21250898314520908,
        0.9769411640869263,
        0.020637074843426032,
        0.9395129969394489,
        -0.19847032449020147,
        -0.27915056354492934,
        -0.26861748435610994,
        0.07871050006954661,
        -0.9600253478673858
      ],
      "cam_t_m2c": [
        -32.58047096882818,
        -70.66670520460464,
        786.3478549451332
      ],
      "obj_id": 6
    },
    {
      "cam_R_m2c": [
        -0.8555209201047576,
        -0.5172458296989688,
        0.02325312684961311,
        -0.5008790586059347,
        0.8154018655464778,
        -0.2902415319024664,
        0.1311655729505036,
        -0.2599542538287753,
        -0.9566706537696583
      ],
      "cam_t_m2c": [
        -44.327447589112374,
        64.68691916787301,
        741.6899135038402
      ],
      "obj_id": 7
    }
  ],
  "130": [
    {
      "cam_R_m2c": [
        -0.8999763861205137,
        0.43565242870892207,
        0.015807693826586436,
        0.38483724899796473,
        0.8109926638554034,
        -0.44067245909175556,
        -0.20479977686295583,
        -0.3905113977333256,
        -0.8975289401737229
      ],
      "cam_t_m2c": [
        -80.69712263243936,
        -23.809010596768516,
        772.5731075676807
      ],
      "obj_id": 5
    },
    {
      "cam_R_m2c": [
        0.49861935288970566,
        -0.8666382876816455,
        0.01781179315726359,
        -0.7683014445126809,
        -0.45136975898609866,
        -0.4538493571047875,
        0.4013627680754543,
        0.21261333860906736,
        -0.8909005550091156
      ],
      "cam_t_m2c": [
        -45.6282712106539,
        63.876811566280644,
        731.4746192530226
      ],
      "obj_id": 6
    },
    {
      "cam_R_m2c": [
        0.28116424532244055,
        0.9594813731658116,
        0.018509242401573298,
        0.8524761459022898,
        -0.24085669058857723,
        -0.4639757297683504,
        -0.44071795381148315,
        0.1462318887840433,
        -0.8856546888980505
      ],
      "cam_t_m2c": [
        58.914551842254305,
        -23.95367188304553,
        773.0295273651151
      ],
      "obj_id": 7
    }
  ],
  "142": [
    {
      "cam_R_m2c": [
        -0.8372557466835943,
        -0.5467886238751625,
        0.005009855283181208,
        -0.4908566501338075,
        0.7475115236165181,
        -0.4475339458449012,
        0.24096130819261577,
        -0.3771593215244963,
        -0.8942533383380767
      ],
      "cam_t_m2c": [
        -26.076257339916246,
        -69.09567619748249,
        797.6315163545487
      ],
      "obj_id": 5
    },
    {
      "cam_R_m2c": [
        0.9996494643833851,
        0.01684567341196271,
        0.02042699382301313,
        0.024124888771764497,
        -0.8973925398254117,
        -0.4405734497485033,
        0.010909385965237575,
        0.4409115451004189,
        -0.8974845612946876
      ],
      "cam_t_m2c": [
        -92.53696902422224,
        2.064705327923381,
        761.261387335924
      ],
      "obj_id": 6
    },
    {
      "cam_R_m2c": [
        -0.6963093734079511,
        0.7176466851491858,
        0.01168670618368091,
        0.6424120948028039,
        0.6304075839274064,
        -0.4357675014992362,
        -0.3200943718433542,
        -0.2959210470407696,
        -0.8999838165200248
      ],
      "cam_t_m2c": [
        42.741839079752445,
        39.12042425416097,
        742.4269483244448
      ],
      "obj_id": 7
    }
  ],
  "145": [
    {
      "cam_R_m2c": [
        -0.6843024893215737,
        -0.7288159490688233,
        0.023601017863950663,
        -0.5977976328834607,
        0.5421641870976844,
        -0.5905051039969091,
        0.417574498380956,
        -0.4181931935837253,
        -0.8066889011903133
      ],
      "cam_t_m2c": [
        -9.549042959675267,
        -74.20754360895178,
        813.9611430670952
      ],
      "obj_id": 5
    },
    {
      "cam_R_m2c": [
        0.9762261193543234,
        0.21613456094799646,
        0.016370921545992692,
        0.1818863004722801,
        -0.7757679052739167,
        -0.6042365445507565,
        -0.11789661197017386,
        0.5928498464543597,
        -0.7966369689835806
      ],
      "cam_t_m2c": [
        -90.2009726696503,
        -24.107390525694377,
        776.0084017209559
      ],
      "obj_id": 6
    },
    {
      "cam_R_m2c": [
        -0.832951204592197,
        0.5532440882079707,
        0.0106239266154613,
        0.4314439721989243,
        0.6613541392517712,
        -0.6135691129994112,
        -0.346480013791157,
        -0.5064901616573656,
        -0.7895697213993423
      ],
      "cam_t_m2c": [
        31.960145717298285,
        32.23373923418082,
        730.9442943311341
      ],
      "obj_id": 7
    }
  ],
  "153": [
    {
      "cam_R_m2c": [
        -0.04874043607781623,
        -0.9984794132120244,
        0.025757486466864894,
        -0.8023532636821589,
        0.02378193717782054,
        -0.5963746191204433,
        0.5948549732303251,
        -0.04973427242082781,
        -0.8022922724686717
      ],
      "cam_t_m2c": [
        39.78941158149651,
        -60.04773666340304,
        802.5843817079784
      ],
      "obj_id": 5
    },
    {
      "cam_R_m2c": [
        0.5945812839866615,
        0.8038808607364536,
        0.015776322662806205,
        0.6546653847469774,
        -0.4726379434965879,
        -0.5899369771425791,
        -0.46678229270534255,
        0.361093654748745,
        -0.8072945531503388
      ],
      "cam_t_m2c": [
        -64.57359997744693,
        -63.70470133615143,
        805.7473061653369
      ],
      "obj_id": 6
    },
    {
      "cam_R_m2c": [
        -0.9925050474883106,
        -0.12219638986529377,
        0.0014156868704321192,
        -0.09724214746929202,
        0.7826980325672032,
        -0.6147574999915029,
        0.07401295602988897,
        -0.6102873566153809,
        -0.7887142936057215
      ],
      "cam_t_m2c": [
        -15.123307709171556,
        41.150198435434774,
        723.0329315945073
      ],
      "obj_id": 7
    }
  ],
  "166": [
    {
      "cam_R_m2c": [
        0.8794156554811322,
        -0.47605408932531085,
        -0.0009454906397272201,
        -0.37680271203176263,
        -0.6948530027478844,
        -0.6125357310166978,
        0.29094263304709206,
        0.5390294546086409,
        -0.7904428637573558
      ],
      "cam_t_m2c": [
        65.41616612990876,
        1.460117658788185,
        756.1936425168016
      ],
      "obj_id": 5
    },
    {
      "cam_R_m2c": [
        -0.4645860066033061,
        0.8852983156492455,
        0.020174979576638035,
        0.7029260850494252,
        0.38254637804522534,
        -0.5996283729294835,
        -0.5385672286252612,
        -0.26439744284358313,
        -0.800024762845915
      ],
      "cam_t_m2c": [
        25.31801601061962,
        -73.46458611559791,
        816.2294779392149
      ],
      "obj_id": 6
    },
    {
      "cam_R_m2c": [
        -0.3108842883866892,
        -0.9500474330138934,
        0.02758824969275403,
        -0.7547741273295887,
        0.2291352259526203,
        -0.6146658264741428,
        0.5776398302335874,
        -0.21191237527251383,
        -0.7883055542322337
      ],
      "cam_t_m2c": [
        -74.00596845451051,
        2.6698127069035333,
        750.6680260317067
      ],
      "obj_id": 7
    }
  ],
  "173": [
    {
      "cam_R_m2c": [
        0.9930965332723951,
        0.11728611590442721,
        0.0017999761737252542,
        0.09371883069351498,
        -0.7841366917375857,
        -0.6134705544288769,
        -0.07054006778608118,
        0.609403928491473,
        -0.7897153362787825
      ],
      "cam_t_m2c": [
        40.4985781674164,
        32.34610739664505,
        734.4049295943038
      ],
      "obj_id": 5
    },
    {
      "cam_R_m2c": [
        -0.8942200425361797,
        0.4475948526525772,
        0.005419711204072528,
        0.34936725448192163,
        0.7054430627867808,
        -0.6166784333864757,
        -0.2798453245225428,
        -0.5495524847513075,
        -0.7871962969589458
      ],
      "cam_t_m2c": [
        63.80882225133415,
        -47.09488089758796,
        797.0893328701238
      ],
      "obj_id": 6
    },
    {
      "cam_R_m2c": [
        0.30029448854839597,
        -0.9534580006486869,
        0.027222775841125386,
        -0.7602514841234889,
        -0.25648387340404055,
        -0.5968528703899695,
        0.5760561287374366,
        0.15853535267155522,
        -0.8018885489905491
      ],
      "cam_t_m2c": [
        -76.79298356705365,
        -30.537829251246876,
        777.823385880696
      ],
      "obj_id": 7
    }
  ],
  "178": [
    {
      "cam_R_m2c": [
        0.8454065495657689,
        0.5341087127597844,
        0.004011221354309359,
        0.42574955917074203,
        -0.6693199844327976,
        -0.6088905870997511,
        -0.32252926835347606,
        0.5164681348085701,
        -0.7932441176482604
      ],
      "cam_t_m2c": [
        13.689708141246182,
        44.12895592346283,
        724.8510469940867
      ],
      "obj_id": 5
    },
    {
      "cam_R_m2c": [
        -0.9998092248417094,
        0.019294003504453802,
        0.003115001241143424,
        0.013524727521249839,
        0.7980757244849445,
        -0.6024051009305389,
        -0.014108712799594494,
        -0.6022484358144827,
        -0.7981844763456221
      ],
      "cam_t_m2c": [
        75.79341166687409,
        -20.397837908425124,
        776.7261455331382
      ],
      "obj_id": 6
    },
    {
      "cam_R_m2c": [
        0.6546775577988115,
        -0.7558235919547662,
        0.011332494627898647,
        -0.6012614335904033,
        -0.5297674974674605,
        -0.5981895890694056,
        0.4581296089004861,
        0.38480785384243615,
        -0.8012745205193315
      ],
      "cam_t_m2c": [
        -62.48817862464518,
        -52.5115882809153,
        793.5004355863514
      ],
      "obj_id": 7
    }
  ],
  "191": [
    {
      "cam_R_m2c": [
        -0.09990294306310538,
        0.9948726356277324,
        0.015729779180374343,
        0.791706514725566,
        0.08905749962614536,
        -0.6043756212646616,
        -0.6026771721750963,
        -0.047925678212344655,
        -0.7965448123727259
      ],
      "cam_t_m2c": [
        -64.52490839840009,
        24.610408935302928,
        736.9629602265427
      ],
      "obj_id": 5
    },
    {
      "cam_R_m2c": [
        -0.4510818414331249,
        -0.8919820970844349,
        0.029877678571678556,
        -0.7159290173073937,
        0.3416556662961729,
        -0.6088656650001555,
        0.5328891028500189,
        -0.2960381662106207,
        -0.792711096148588
      ],
      "cam_t_m2c": [
        35.26875486304303,
        43.77590887054582,
        725.8125664461153
      ],
      "obj_id": 6
    },
    {
      "cam_R_m2c": [
        0.9520729089787286,
        0.3053174111968911,
        0.018385153237693585,
        0.25435637284549806,
        -0.7569099924127497,
        -0.6019887441296103,
        -0.16988179605994802,
        0.5778130922434397,
        -0.7982934884688031
      ],
      "cam_t_m2c": [
        10.658413508292622,
        -68.85049645967098,
        809.2164402616917
      ],
      "obj_id": 7
    }
  ],
  "201": [
    {
      "cam_R_m2c": [
        -0.8435843552526664,
        0.5366857361563117,
        0.018285817547208188,
        0.4196397498113322,
        0.680089560212224,
        -0.601149011047932,
        -0.33506382839337456,
        -0.49944603406878685,
        -0.7989279743896902
      ],
      "cam_t_m2c": [
        -82.41508103596233,
        -23.227240742147703,
        773.8103936135918
      ],
      "obj_id": 5
    },
    {
      "cam_R_m2c": [
        0.39008803882808535,
        -0.9202230163934667,
        0.03195993045572651,
        -0.7229152857726918,
        -0.32757674682199645,
        -0.6083472967969159,
        0.5702840584371415,
        0.2142044660998475,
        -0.7930274536198859
      ],
      "cam_t_m2c": [
        -33.998733479642105,
        50.60593567152551,
        720.4144485963226
      ],
      "obj_id": 6
    },
    {
      "cam_R_m2c": [
        0.3831474688383854,
        0.9234463954059636,
        0.021101720743698996,
        0.7452782526788464,
        -0.2955660810252733,
        -0.5976625086097267,
        -0.5456718894672634,
        0.2447193518443281,
        -0.8014703089033761
      ],
      "cam_t_m2c": [
        55.54078134435935,
        -37.640910978577004,
        785.4786612934582
      ],
      "obj_id": 7
    }
  ],
  "209": [
    {
      "cam_R_m2c": [
        -0.99243362567068,
        -0.11938847032606381,
        0.028667595563107762,
        -0.11183713585398068,
        0.7826182679283509,
        -0.6123734729431163,
        0.05067430341988001,
        -0.610946350302239,
        -0.7900488835425671
      ],
      "cam_t_m2c": [
        -57.21901938379147,
        -60.364630301362986,
        802.0045937436474
      ],
      "obj_id": 5
    },
    {
      "cam_R_m2c": [
        0.8987899967594316,
        -0.43828154550179155,
        0.009261835818544503,
        -0.34553287555488765,
        -0.7212749567992696,
        -0.6003079541498522,
        0.26978456117062166,
        0.5363505595208479,
        -0.7997155234008712
      ],
      "cam_t_m2c": [
        -78.3241324067566,
        20.726061447693205,
        740.8113709591654
      ],
      "obj_id": 6
    },
    {
      "cam_R_m2c": [
        -0.2786070301117902,
        0.960275986257965,
        0.0157511217559957,
        0.753788180214554,
        0.22880235148929204,
        -0.6159975944821668,
        -0.5951318453807831,
        -0.15974804553991984,
        -0.7875907601935486
      ],
      "cam_t_m2c": [
        60.41105014964789,
        1.092956557597045,
        755.2681083401025
      ],
      "obj_id": 7
    }
  ],
  "214": [
    {
      "cam_R_m2c": [
        -0.8477853018864048,
        -0.5303401250649259,
        0.00018423210312959126,
        -0.42297984679457085,
        0.6759535096716109,
        -0.6034699277684008,
        0.3199195759892926,
        -0.511690281775213,
        -0.7973854790665198
      ],
      "cam_t_m2c": [
        -29.042631256755246,
        -72.39808208173774,
        811.9783397478191
      ],
      "obj_id": 5
    },
    {
      "cam_R_m2c": [
        0.9996863153609598,
        -0.016465924079939524,
        0.01888816577715971,
        -0.0019557969903989257,
        -0.8027515328791199,
        -0.5963113167267295,
        0.024981177205494396,
        0.5960867219100267,
        -0.8025307723854698
      ],
      "cam_t_m2c": [
        -91.0037768365523,
        -4.768725363306878,
        761.8867448237146
      ],
      "obj_id": 6
    },
    {
      "cam_R_m2c": [
        -0.6650928536170088,
        0.7467601286234286,
        0.0011847664941439994,
        0.5911923349547175,
        0.5275057765619088,
        -0.6101068145423678,
        -0.45622789391698304,
        -0.4050769491977387,
        -0.7923180302540951
      ],
      "cam_t_m2c": [
        45.13076359076579,
        22.764761248446742,
        739.555341909149
      ],
      "obj_id": 7
    }
  ],
  "235": [
    {
      "cam_R_m2c": [
        0.746211229239175,
        -0.6656065062383694,
        0.011688008653452193,
        -0.44360949786538123,
        -0.5102682160198674,
        -0.7367740782918613,
        0.49636595435581904,
        0.5446045645542669,
        -0.6760375629789998
      ],
      "cam_t_m2c": [
        66.80896836661158,
        -19.556332789775993,
        771.1817429186751
      ],
      "obj_id": 5
    },
    {
      "cam_R_m2c": [
        -0.26357994720592576,
        0.9645057831794261,
        0.015938242458693182,
        0.6598902566932368,
        0.19233710617644867,
        -0.7263266212400566,
        -0.7036122155941035,
        -0.1809277877137317,
        -0.6871645001402656
      ],
      "cam_t_m2c": [
        7.369559250330786,
        -76.3582675416547,
        833.0381794604782
      ],
      "obj_id": 6
    },
    {
      "cam_R_m2c": [
        -0.4967178841715308,
        -0.8678831713053967,
        0.007068398610988986,
        -0.5896505597046676,
        0.3314778515635447,
        -0.7365009994732683,
        0.6368542411371674,
        -0.3700013422839324,
        -0.6763991085621291
      ],
      "cam_t_m2c": [
        -68.96353245492784,
        1.0337096753003903,
        743.6789671464346
      ],
      "obj_id": 7
    }
  ],
  "24": [
    {
      "cam_R_m2c": [
        0.976102322237247,
        -0.21666775743720787,
        0.016726172679624767,
        -0.2025876908934096,
        -0.9351130776260862,
        -0.29072862397293153,
        0.07863240346488362,
        0.28039229347281847,
        -0.9566592576105336
      ],
      "cam_t_m2c": [
        56.5107894336952,
        41.016155842725375,
        752.452660799341
      ],
      "obj_id": 5
    },
    {
      "cam_R_m2c": [
        -0.6779479228228501,
        0.7346606419042568,
        0.025705318060220965,
        0.6975497498817701,
        0.6539491086706606,
        -0.2928759096749027,
        -0.23197434409488146,
        -0.18062380366714087,
        -0.9558047766030263
      ],
      "cam_t_m2c": [
        43.99754854546632,
        -56.064320101982915,
        782.4595581145068
      ],
      "obj_id": 6
    },
    {
      "cam_R_m2c": [
        -0.06334188155723898,
        -0.9979766249092898,
        -0.005556582021209022,
        -0.9537034467345283,
        0.062170432178640725,
        -0.2942549269785102,
        0.2940049222610049,
        -0.013339376215165576,
        -0.9557107277658619
      ],
      "cam_t_m2c": [
        -79.79317512797415,
        10.653863130501463,
        758.0921904247796
      ],
      "obj_id": 7
    }
  ],
  "242": [
    {
      "cam_R_m2c": [
        0.9936100734230463,
        -0.11273173591800317,
        0.005470207664756432,
        -0.07248424603127962,
        -0.674521578285233,
        -0.7346883470346343,
        0.08651197706101996,
        0.7295975316970521,
        -0.6783828551387935
      ],
      "cam_t_m2c": [
        51.437088587317994,
        7.694212376019895,
        739.401046385406
      ],
      "obj_id": 5
    },
    {
      "cam_R_m2c": [
        -0.7801852763754682,
        0.6247059723866626,
        0.03244586586690928,
        0.40555620923573316,
        0.5446205305255302,
        -0.734106892270457,
        -0.47627139080617664,
        -0.5595812740119843,
        -0.6782584500732728
      ],
      "cam_t_m2c": [
        52.12033371058874,
        -61.236749906818055,
        816.8189738740497
      ],
      "obj_id": 6
    },
    {
      "cam_R_m2c": [
        0.08296682839077678,
        -0.9960830911829166,
        0.030566862742582943,
        -0.6665089224451581,
        -0.07826625094723114,
        -0.7413774612832692,
        0.7408661083993868,
        0.041137178593938,
        -0.6703919117873446
      ],
      "cam_t_m2c": [
        -79.56571812409922,
        -27.798823901594428,
        772.5455654758478
      ],
      "obj_id": 7
    }
  ],
  "248": [
    {
      "cam_R_m2c": [
        0.9134131430441701,
        0.4063605305742356,
        0.023419913815500713,
        0.29539320989314954,
        -0.6221994908127788,
        -0.7249902783772685,
        -0.2800354824101138,
        0.6691328503799807,
        -0.6883609421070718
      ],
      "cam_t_m2c": [
        21.535038314817896,
        25.108543537241072,
        722.966453209173
      ],
      "obj_id": 5
    },
    {
      "cam_R_m2c": [
        -0.9852228470939297,
        0.17114634306157336,
        0.006766922692818557,
        0.11083171575016354,
        0.6671380939656729,
        -0.7366433146808107,
        -0.13058787099222227,
        -0.7250070346646424,
        -0.6762477492876022
      ],
      "cam_t_m2c": [
        73.72544858666204,
        -34.40067360249091,
        789.8799201214013
      ],
      "obj_id": 6
    },
    {
      "cam_R_m2c": [
        0.5620145920251575,
        -0.8271142868079325,
        0.0047417138904688435,
        -0.5646693135998252,
        -0.3878620426401747,
        -0.7284997399301062,
        0.6043908063514856,
        0.4067497380705255,
        -0.6850298006615176
      ],
      "cam_t_m2c": [
        -68.06290580262434,
        -51.33941794268442,
        799.8074984414015
      ],
      "obj_id": 7
    }
  ],
  "255": [
    {
      "cam_R_m2c": [
        0.5033568935284962,
        0.8640695723800653,
        0.00399743112778491,
        0.5827112709601681,
        -0.33603130716733876,
        -0.7399530041331251,
        -0.6380276304522454,
        0.3747896747587008,
        -0.6726463260926815
      ],
      "cam_t_m2c": [
        -23.614218153540875,
        28.12415282215038,
        719.1113220998626
      ],
      "obj_id": 5
    },
    {
      "cam_R_m2c": [
        -0.894648246644108,
        -0.44671500483698556,
        0.007112415916227337,
        -0.3107934900199922,
        0.6108417310148011,
        -0.7282030642557948,
        0.3209547588309629,
        -0.653695988622235,
        -0.6853241704008004
      ],
      "cam_t_m2c": [
        70.3348727020804,
        -0.7801525570587837,
        752.6964170253808
      ],
      "obj_id": 6
    },
    {
      "cam_R_m2c": [
        0.9323215467291229,
        -0.3603153071578707,
        0.030818891967867888,
        -0.22181487625627005,
        -0.6370871771459472,
        -0.7381856086561521,
        0.28561378363205164,
        0.681390253385919,
        -0.6738929520762621
      ],
      "cam_t_m2c": [
        -34.42503490312965,
        -69.37484746896483,
        820.4411812471749
      ],
      "obj_id": 7
    }
  ],
  "276": [
    {
      "cam_R_m2c": [
        -0.9608797254201643,
        0.27534226626663183,
        0.029931257985660046,
        0.16824814561760468,
        0.6661336640794151,
        -0.7266079456641714,
        -0.22000381371165698,
        -0.693146603161536,
        -0.6864004355078226
      ],
      "cam_t_m2c": [
        -74.86103427223479,
        -46.14329235755149,
        796.7275353986972
      ],
      "obj_id": 5
    },
    {
      "cam_R_m2c": [
        0.6504027216940763,
        -0.7595824199147149,
        0.0031539718568368573,
        -0.5169506858107096,
        -0.44568101227342416,
        -0.7308426792320737,
        0.5565404952167446,
        0.47371147611174413,
        -0.6825390651432713
      ],
      "cam_t_m2c": [
        -56.90221856146749,
        23.01659926302109,
        723.5176119934724
      ],
      "obj_id": 6
    },
    {
      "cam_R_m2c": [
        0.08720610502743407,
        0.9958525353338052,
        0.025921284376826163,
        0.6686376086522068,
        -0.03922380289017202,
        -0.7425536095505423,
        -0.7384567694851875,
        0.0820869508577267,
        -0.6692852670812024
      ],
      "cam_t_m2c": [
        62.29004131129907,
        -29.751800399165308,
        778.3003001779617
      ],
      "obj_id": 7
    }
  ],
  "286": [
    {
      "cam_R_m2c": [
        -0.8241836857590064,
        -0.5659657125251795,
        0.020106818262763372,
        -0.39026951902566714,
        0.5418821627968323,
        -0.744347724669682,
        0.41038038551096784,
        -0.6213262511875272,
        -0.6674887397736576
      ],
      "cam_t_m2c": [
        -24.739857682431,
        -72.3781682134543,
        826.5402142892485
      ],
      "obj_id": 5
    },
    {
      "cam_R_m2c": [
        0.9995519091150019,
        0.006633504173931759,
        0.02919273027133206,
        0.026068331534778968,
        -0.6723507130691484,
        -0.7397736625528784,
        0.014719913397969296,
        0.7402034408419105,
        -0.6722215035080442
      ],
      "cam_t_m2c": [
        -91.29034933312057,
        -19.41022796641538,
        768.2527584241654
      ],
      "obj_id": 6
    },
    {
      "cam_R_m2c": [
        -0.7078204931574343,
        0.7060874708950551,
        0.020756835557370953,
        0.46344204549931933,
        0.4863555384379833,
        -0.7407292907990142,
        -0.5331146954329755,
        -0.5146843758262396,
        -0.6714821729697996
      ],
      "cam_t_m2c": [
        44.494062504541894,
        9.84362087400769,
        737.0985356767966
      ],
      "obj_id": 7
    }
  ],
  "295": [
    {
      "cam_R_m2c": [
        -0.22228369666246034,
        -0.9747927009900687,
        0.019205513438027757,
        -0.5425371478143619,
        0.1073008923958588,
        -0.8331506672326434,
        0.810088376443771,
        -0.19561621783880012,
        -0.5527122825791217
      ],
      "cam_t_m2c": [
        29.46351206955333,
        -65.12985025315331,
        834.7989507834883
      ],
      "obj_id": 5
    },
    {
      "cam_R_m2c": [
        0.726711082374058,
        0.6868605643525653,
        0.010642624398291573,
        0.3860756394834845,
        -0.3955627227577839,
        -0.8333521521938787,
        -0.5681864777095427,
        0.6097156679044955,
        -0.5526397364922174
      ],
      "cam_t_m2c": [
        -73.48802327472218,
        -58.214975480093585,
        820.9153528012687
      ],
      "obj_id": 6
    },
    {
      "cam_R_m2c": [
        -0.9982515922310035,
        0.050931675490145906,
        0.029990149896813496,
        0.0015916716264378042,
        0.5303818818030924,
        -0.8477573844094345,
        -0.059084641038347506,
        -0.8462275232502159,
        -0.5295354204006386
      ],
      "cam_t_m2c": [
        -1.721796921021048,
        7.3344960439299545,
        718.6123645727366
      ],
      "obj_id": 7
    }
  ],
  "3": [
    {
      "cam_R_m2c": [
        -0.4740140837364002,
        -0.8805103130798543,
        0.0034668714990585595,
        -0.8402451704129116,
        0.4511537016084586,
        -0.30074480207886817,
        0.26324518000277003,
        -0.14547055395104674,
        -0.9536980179232375
      ],
      "cam_t_m2c": [
        9.546585952803717,
        -62.80069899342367,
        783.9054059314633
      ],
      "obj_id": 5
    },
    {
      "cam_R_m2c": [
        0.8817816335071093,
        0.4712407947608536,
        0.01982553319648973,
        0.4581433608962927,
        -0.845769497556802,
        -0.2734550997037842,
        -0.11209552883156973,
        0.2502110479507102,
        -0.9616801033845032
      ],
      "cam_t_m2c": [
        -85.34225051009452,
        -24.113682996278833,
        772.960800999889
      ],
      "obj_id": 6
    },
    {
      "cam_R_m2c": [
        -0.9464928136352629,
        0.3226694956096098,
        0.005960977849565764,
        0.30663411286933223,
        0.9049082864754492,
        -0.29515345046373853,
        -0.10063134464966865,
        -0.2775331918079329,
        -0.9554309352269199
      ],
      "cam_t_m2c": [
        13.988461398854875,
        69.92095034717683,
        742.1023291511307
      ],
      "obj_id": 7
    }
  ],
  "306": [
    {
      "cam_R_m2c": [
        0.6606504525695313,
        -0.7501628687263499,
        0.028232460793618068,
        -0.3976025994864845,
        -0.3815641046172758,
        -0.8344584425044612,
        0.6367525918118961,
        0.540060350813724,
        -0.5503470574462315
      ],
      "cam_t_m2c": [
        68.05847723039803,
        -33.82577434825364,
        785.8742930427378
      ],
      "obj_id": 5
    },
    {
      "cam_R_m2c": [
        -0.15546124974322348,
        0.9873451236547139,
        0.0313341945236055,
        0.52499159891451,
        0.10944831738412023,
        -0.84404073332616,
        -0.8367894383017238,
        -0.11476549068514037,
        -0.5353627335638472
      ],
      "cam_t_m2c": [
        -2.585173525060721,
        -75.10159976008342,
        848.5943409167096
      ],
      "obj_id": 6
    },
    {
      "cam_R_m2c": [
        -0.6246686604521756,
        -0.7806407621962951,
        0.019735757200586446,
        -0.44112386841187323,
        0.3319071148611907,
        -0.8338148987452672,
        0.6443598097322638,
        -0.5295642487736782,
        -0.5516910931556711
      ],
      "cam_t_m2c": [
        -62.1605817419748,
        -9.074837601588063,
        737.6507949887498
      ],
      "obj_id": 7
    }
  ],
  "316": [
    {
      "cam_R_m2c": [
        0.9994421792863184,
        0.02942007675686785,
        0.015819812981201373,
        0.028882893916107696,
        -0.523190345101956,
        -0.8517261446709172,
        -0.016781648040527276,
        0.8517076691769976,
        -0.5237486271401057
      ],
      "cam_t_m2c": [
        47.36807803697604,
        -1.65659320802849,
        733.7695485047209
      ],
      "obj_id": 5
    },
    {
      "cam_R_m2c": [
        -0.8453386045983666,
        0.5340827667811052,
        0.012598794437614995,
        0.27298908577078823,
        0.4521151400435218,
        -0.8491576022795028,
        -0.45921592225347013,
        -0.7143864394595945,
        -0.5279895390057785
      ],
      "cam_t_m2c": [
        58.76417470453653,
        -55.21273948816605,
        822.08742150122
      ],
      "obj_id": 6
    },
    {
      "cam_R_m2c": [
        0.21464779618201693,
        -0.976643293959209,
        0.009729242291270134,
        -0.5179167217492001,
        -0.12226293388164687,
        -0.8466485810063823,
        0.828062812310907,
        0.17669282777392012,
        -0.5320637542195549
      ],
      "cam_t_m2c": [
        -76.38192107190542,
        -39.10700397004382,
        787.48614531251
      ],
      "obj_id": 7
    }
  ],
  "327": [
    {
      "cam_R_m2c": [
        0.5597450101965129,
        0.8286039519842391,
        0.010004918027503213,
        0.44369534707133945,
        -0.2894880595989443,
        -0.8481335345684422,
        -0.6998712302571645,
        0.47917835557844335,
        -0.529687622357927
      ],
      "cam_t_m2c": [
        -19.89274019193942,
        9.652478053152832,
        715.8044952273104
      ],
      "obj_id": 5
    },
    {
      "cam_R_m2c": [
        -0.9151069448908948,
        -0.402538342437358,
        0.02326493643925564,
        -0.23870280552523795,
        0.4943450854816847,
        -0.8358488435717903,
        0.3249605205122919,
        -0.7704454786963109,
        -0.5484660623554279
      ],
      "cam_t_m2c": [
        71.55813536848999,
        -13.803369094181743,
        757.8456323164983
      ],
      "obj_id": 6
    },
    {
      "cam_R_m2c": [
        0.921123257176074,
        -0.38919956766030994,
        0.007397926602060852,
        -0.20409817710322076,
        -0.4990495288419806,
        -0.8421952782628348,
        0.3314745402482238,
        0.7742566010136847,
        -0.5391214631947672
      ],
      "cam_t_m2c": [
        -36.188692643577554,
        -67.21003023656624,
        831.586275688704
      ],
      "obj_id": 7
    }
  ],
  "338": [
    {
      "cam_R_m2c": [
        -0.3695725123580903,
        0.9290058796655917,
        0.0191024778382054,
        0.5082798140374878,
        0.21932537749437286,
        -0.8327959302883033,
        -0.7778612889200731,
        -0.2980691552172468,
        -0.5532508239595946
      ],
      "cam_t_m2c": [
        -74.10332486096787,
        -13.491164353019226,
        749.588789252382
      ],
      "obj_id": 5
    },
    {
      "cam_R_m2c": [
        -0.19460354736455474,
        -0.9804817907081713,
        0.028028391760959417,
        -0.54219974905499,
        0.08371442407350682,
        -0.836069598763503,
        0.8174041148327646,
        -0.17789866725710393,
        -0.5479073604680077
      ],
      "cam_t_m2c": [
        17.553198645541116,
        13.655856047538364,
        712.5964909216137
      ],
      "obj_id": 6
    },
    {
      "cam_R_m2c": [
        0.8477409874991332,
        0.5295802924205559,
        0.02967482854370692,
        0.3011090391135489,
        -0.43444276333798654,
        -0.8488780042742445,
        -0.4366570061315754,
        0.7285633705458758,
        -0.5277556051683082
      ],
      "cam_t_m2c": [
        27.662169386429266,
        -64.99188186797471,
        829.1012721945494
      ],
      "obj_id": 7
    }
  ],
  "348": [
    {
      "cam_R_m2c": [
        -0.9479739988372451,
        0.3168923985858821,
        0.030418994709182155,
        0.14221891717681903,
        0.5070475155326741,
        -0.8501033282812763,
        -0.28481520717182035,
        -0.8015504461399278,
        -0.5257357681052521
      ],
      "cam_t_m2c": [
        -75.15581229028535,
        -48.61909706553622,
        802.2649932806519
      ],
      "obj_id": 5
    },
    {
      "cam_R_m2c": [
        0.6242055391745552,
        -0.7805616549261896,
        0.03304157261744429,
        -0.4072403308442205,
        -0.36117546922743454,
        -0.8388722739012549,
        0.666725803063261,
        0.5101734528935755,
        -0.5433237013217298
      ],
      "cam_t_m2c": [
        -52.82275324714187,
        6.628235485266734,
        719.32162241458
      ],
      "obj_id": 6
    },
    {
      "cam_R_m2c": [
        0.15857634203145943,
        0.986721464883752,
        0.03514415773320706,
        0.5430168191985508,
        -0.05742962302825888,
        -0.837755137375648,
        -0.8246133999873182,
        0.1519319571148369,
        -0.5449131121905334
      ],
      "cam_t_m2c": [
        62.718196998466524,
        -36.752567937040126,
        787.201432909673
      ],
      "obj_id": 7
    }
  ],
  "358": [
    {
      "cam_R_m2c": [
        -0.8553211182280017,
        -0.5180310683880432,
        0.008348037028584906,
        -0.28194143545848516,
        0.45187369868261323,
        -0.846356646428027,
        0.43466668917471313,
        -0.7262598770250519,
        -0.5325516781018658
      ],
      "cam_t_m2c": [
        -27.425426294318907,
        -70.1248478423005,
        838.6004623733949
      ],
      "obj_id": 5
    },
    {
      "cam_R_m2c": [
        0.9992101709989686,
        -0.022507881209796333,
        0.03274913470738303,
        0.01530857445387344,
        -0.5424989460360119,
        -0.8399172192767297,
        0.03667093176344001,
        0.8397547023384022,
        -0.5417260483515663
      ],
      "cam_t_m2c": [
        -89.68600732763123,
        -26.159220960571947,
        769.7399903725538
      ],
      "obj_id": 6
    },
    {
      "cam_R_m2c": [
        -0.6629727260935919,
        0.7486075548473117,
        0.007348042398844795,
        0.4076019700749103,
        0.3691741617633843,
        -0.8352074227224271,
        -0.6279548334984386,
        -0.5507244840402313,
        -0.5498864608503339
      ],
      "cam_t_m2c": [
        46.37217759738261,
        -6.955594049247547,
        739.8043673007423
      ],
      "obj_id": 7
    }
  ],
  "36": [
    {
      "cam_R_m2c": [
        0.6961654588022098,
        0.717584816254732,
        0.02061966743464357,
        0.6924665646642043,
        -0.6636677863796854,
        -0.2829063507703138,
        -0.1893246828523875,
        0.21122805732877978,
        -0.9589263923537191
      ],
      "cam_t_m2c": [
        -8.1126146223465,
        78.63748987611137,
        740.4704323913102
      ],
      "obj_id": 5
    },
    {
      "cam_R_m2c": [
        -0.9708912258619818,
        -0.23912627863909994,
        0.013724204606741968,
        -0.23211226047214464,
        0.9251795794730486,
        -0.30027908465225245,
        0.05910723502834724,
