{
    "3": [
        {
            "cam_R_m2c": [
                -0.04113432531373513,
                -0.9588873194734375,
                -0.2807898289527109,
                -0.99468082227042,
                0.012739347875461186,
                0.10221139470239277,
                -0.09443173124430779,
                0.2835005706353604,
                -0.9543108860931323
            ],
            "cam_t_m2c": [
                20.0726956153851,
                -66.63767145850484,
                794.8388193688162
            ],
            "obj_id": 5
        },
        {
            "cam_R_m2c": [
                0.9610116695732721,
                0.2279392041162719,
                -0.1565246283462085,
                0.02498743968609834,
                -0.6353529630411229,
                -0.7718168480035804,
                -0.2753757336981083,
                0.7378142244106065,
                -0.6162776634156552
            ],
            "cam_t_m2c": [
                -80.88490294484357,
                -38.43817533310904,
                765.0254028935892
            ],
            "obj_id": 6
        },
        {
            "cam_R_m2c": [
                -0.6472054370845474,
                0.6482066799132077,
                -0.4011890534507349,
                0.7557297246028447,
                0.4765446418050928,
                -0.4491959914074637,
                -0.0999874918390671,
                -0.5939129459497786,
                -0.7982917193989484
            ],
            "cam_t_m2c": [
                -1.1209093762324667,
                70.19212799558093,
                741.1141062703002
            ],
            "obj_id": 7
        }
    ],
    "13": [
        {
            "cam_R_m2c": [
                0.8457958306180581,
                -0.49239508426995077,
                -0.20536793721615712,
                -0.5327839050061184,
                -0.7595352773940331,
                -0.3731593056810381,
                0.027757280776425045,
                0.425033480223644,
                -0.9047517546159642
            ],
            "cam_t_m2c": [
                59.48075108049436,
                -10.030115078996648,
                767.0443956583634
            ],
            "obj_id": 5
        },
        {
            "cam_R_m2c": [
                -0.22613198285935918,
                0.9378780383705417,
                -0.2631514001407308,
                0.704784071219376,
                -0.028954365650135365,
                -0.70883095396144,
                -0.6724164122929307,
                -0.34575465356808377,
                -0.6544536758576025
            ],
            "cam_t_m2c": [
                -20.57628904366259,
                -60.700111492401064,
                790.556783612334
            ],
            "obj_id": 6
        },
        {
            "cam_R_m2c": [
                -0.9985250744816436,
                -0.04407068767754594,
                -0.03171317589998621,
                -0.00960855383856601,
                0.7183005712296092,
                -0.6956666317781347,
                0.0534381412368685,
                -0.6943354582765964,
                -0.7176641320549897
            ],
            "cam_t_m2c": [
                -54.74585675501833,
                69.49629624778984,
                753.6399115068613
            ],
            "obj_id": 7
        }
    ],
    "24": [
        {
            "cam_R_m2c": [
                0.7783554732951444,
                -0.5370973680097988,
                0.3250991622721089,
                -0.6015884443166143,
                -0.7861777579406384,
                0.14148203363811143,
                0.17959585660404875,
                -0.30569948232786415,
                -0.9350364707695831
            ],
            "cam_t_m2c": [
                63.15353108894821,
                26.97405370925962,
                756.1401781317647
            ],
            "obj_id": 5
        },
        {
            "cam_R_m2c": [
                -0.08534437586694345,
                0.9742450727845666,
                -0.2087186561215201,
                0.9654805941794896,
                0.029123260453029886,
                -0.25884403442346227,
                -0.24609895511539426,
                -0.2236046238365641,
                -0.9430992107153161
            ],
            "cam_t_m2c": [
                31.803085162389863,
                -59.48940105301297,
                793.6845628859076
            ],
            "obj_id": 6
        },
        {
            "cam_R_m2c": [
                -0.17524895314855676,
                -0.8188807543702344,
                -0.5465549765748976,
                -0.7415952968035627,
                0.47493464638811944,
                -0.4737875978852639,
                0.647553528880355,
                0.32229154075565447,
                -0.6905090893630326
            ],
            "cam_t_m2c": [
                -91.29992247474401,
                16.2728226403,
                766.886868351961
            ],
            "obj_id": 7
        }
    ],
    "36": [
        {
            "cam_R_m2c": [
                0.6973648650316253,
                0.5953585440950804,
                0.39903654306385006,
                0.5524615456944653,
                -0.8012072384938732,
                0.2298999488842966,
                0.4565836290238603,
                0.0601278334745856,
                -0.8876468051801121
            ],
            "cam_t_m2c": [
                -12.464190394294398,
                83.16857395425328,
                755.0343233350343
            ],
            "obj_id": 5
        },
        {
            "cam_R_m2c": [
                -0.7160524783568565,
                -0.27120217611927694,
                0.6432094228068118,
                -0.4707848027310052,
                0.867960594056367,
                -0.15813542118801477,
                -0.5153931090987725,
                -0.41604637557337576,
                -0.7491834401013058
            ],
            "cam_t_m2c": [
                66.23112430151009,
                26.328230454237403,
                772.7314919301637
            ],
            "obj_id": 6
        },
        {
            "cam_R_m2c": [
                0.947002110450487,
                -0.3206050712999117,
                -0.019975068804308476,
                -0.20356371965283163,
                -0.5508563886242708,
                -0.8093948463571431,
                0.24849300511337627,
                0.7705647129416047,
                -0.5869258720320392
            ],
            "cam_t_m2c": [
                -61.30143561287077,
                -58.62525849763059,
                773.6236924729002
            ],
            "obj_id": 7
        }
    ],
    "55": [
        {
            "cam_R_m2c": [
                -0.5447112938249296,
                0.7200712825005369,
                -0.4298698742278118,
                0.713660829057981,
                0.667217084259125,
                0.21332990543516792,
                0.44042896201862886,
                -0.19057827109902767,
                -0.8773268141468592
            ],
            "cam_t_m2c": [
                -82.85739868370294,
                -14.203591926443112,
                767.0969961016012
            ],
            "obj_id": 5
        },
        {
            "cam_R_m2c": [
                0.6247672646943575,
                -0.6064425106194322,
                -0.49182667071244857,
                -0.7792055358493699,
                -0.5246210250304556,
                -0.34294656299785936,
                -0.05004493905130838,
                0.5974960887740218,
                -0.8003088635311705
            ],
            "cam_t_m2c": [
                -34.277761013938246,
                97.1500973674323,
                747.0410535599908
            ],
            "obj_id": 6
        },
        {
            "cam_R_m2c": [
                0.703778327222053,
                0.704396212830453,
                -0.09232198491787673,
                0.38295360841922904,
                -0.485612163313779,
                -0.7858291128892478,
                -0.5983675853242679,
                0.5176937756928012,
                -0.6115139839604741
            ],
            "cam_t_m2c": [
                46.3332658080847,
                -36.76696103545166,
                760.0710554448991
            ],
            "obj_id": 7
        }
    ],
    "65": [
        {
            "cam_R_m2c": [
                -0.7653147076251802,
                -0.6395484449042355,
                -0.07260841872592923,
                -0.40783272478147153,
                0.5690943034563624,
                -0.7140055765488648,
                0.49796166170450523,
                -0.5168264285140419,
                -0.6963649762667945
            ],
            "cam_t_m2c": [
                -67.3442371383931,
                -56.44431671829604,
                774.4857077840204
            ],
            "obj_id": 5
        },
        {
            "cam_R_m2c": [
                0.9048337224796384,
                -0.07788717772536294,
                -0.41858106984287574,
                -0.3628931240480083,
                -0.6552612492296451,
                -0.662526529561239,
                -0.2226774747940969,
                0.7513757954011314,
                -0.621167136590905
            ],
            "cam_t_m2c": [
                -81.84093684157284,
                48.745834630167806,
                737.2015359879257
            ],
            "obj_id": 6
        },
        {
            "cam_R_m2c": [
                -0.759545014435936,
                0.63546588213963,
                0.1388354130668492,
                0.6490961666850865,
                0.7267011620299519,
                0.22489739049917878,
                0.042022652006455254,
                0.2609371662211271,
                -0.9644407798351474
            ],
            "cam_t_m2c": [
                56.98707545845663,
                41.201124775441045,
                743.0893489416206
            ],
            "obj_id": 7
        }
    ],
    "76": [
        {
            "cam_R_m2c": [
                -0.14838275449638028,
                -0.8736172911241991,
                -0.4634395684126739,
                -0.4986307617433723,
                0.4707894401591838,
                -0.7278216682554411,
                0.8540197435077884,
                0.12308936111604399,
                -0.5054689174196556
            ],
            "cam_t_m2c": [
                22.517116021308397,
                -57.80982840771614,
                803.3733621129863
            ],
            "obj_id": 5
        },
        {
            "cam_R_m2c": [
                0.6305063031781979,
                0.4775393471364791,
                -0.6118975947579209,
                0.42538700030410675,
                -0.8719991199632434,
                -0.24220487725900117,
                -0.6492365973998566,
                -0.10758198999647728,
                -0.7529392882507066
            ],
            "cam_t_m2c": [
                -79.79597183699404,
                -25.85469168352816,
                770.8542150181609
            ],
            "obj_id": 6
        },
        {
            "cam_R_m2c": [
                -0.9269240855710691,
                0.3618335235794946,
                -0.09944452840351936,
                0.3347234309846291,
                0.9170471140278009,
                0.21675900921767213,
                0.16962586693397316,
                0.16763287599026813,
                -0.9711466205077542
            ],
            "cam_t_m2c": [
                -4.322296898042698,
                60.293343553883645,
                730.9803799992584
            ],
            "obj_id": 7
        }
    ],
    "92": [
        {
            "cam_R_m2c": [
                0.9959783411838695,
                0.055110802753104274,
                -0.07063692293741351,
                0.0266821772000969,
                -0.9351077628808733,
                -0.3533585453006187,
                -0.08552688059418977,
                0.35005281998657634,
                -0.9328175691000252
            ],
            "cam_t_m2c": [
                75.36835036032217,
                -3.9254395675286653,
                750.6675220625332
            ],
            "obj_id": 5
        },
        {
            "cam_R_m2c": [
                -0.5511655341511762,
                0.8200610493922722,
                -0.1540020284514849,
                0.8077409251109631,
                0.5706704884374364,
                0.14795285154328264,
                0.2092144128491178,
                -0.0428470131772747,
                -0.9769307972388602
            ],
            "cam_t_m2c": [
                16.141071132940482,
                -60.262322231290455,
                797.5768754175613
            ],
            "obj_id": 6
        },
        {
            "cam_R_m2c": [
                -0.582998380350938,
                -0.5664191338973178,
                0.5824798524527002,
                -0.8081087764151218,
                0.3300418656213386,
                -0.48788581858762314,
                0.08410466869680697,
                -0.7551434109108794,
                -0.6501423714452713
            ],
            "cam_t_m2c": [
                -74.3796699620278,
                38.471759842969945,
                742.6332970315573
            ],
            "obj_id": 7
        }
    ],
    "106": [
        {
            "cam_R_m2c": [
                0.6033649542822027,
                0.7029958556759707,
                0.3764942784860258,
                0.7255205196412801,
                -0.6798707850029924,
                0.10675441651055095,
                0.3310154006203279,
                0.20874252823191883,
                -0.9202474131441495
            ],
            "cam_t_m2c": [
                9.597289161689082,
                47.10871041405407,
                738.8328752854943
            ],
            "obj_id": 5
        },
        {
            "cam_R_m2c": [
                -0.8917593010430332,
                0.12059096059255102,
                0.4361460716489093,
                -0.3019902620126456,
                0.5591999410817453,
                -0.7720734972450702,
                -0.3369980701426073,
                -0.8202159157892065,
                -0.46225411584182924
            ],
            "cam_t_m2c": [
                86.35975812429439,
                -0.3543221979240627,
                763.3254498569875
            ],
            "obj_id": 6
        },
        {
            "cam_R_m2c": [
                0.5752348575626269,
                -0.7452938398930213,
                -0.33710885207191327,
                -0.7539294109163145,
                -0.6429442542005819,
                0.13495930546262772,
                -0.3173265164782299,
                0.1765228402254809,
                -0.9317421082571734
            ],
            "cam_t_m2c": [
                -53.70676258746583,
                -61.609758856269174,
                780.9073306619364
            ],
            "obj_id": 7
        }
    ],
    "117": [
        {
            "cam_R_m2c": [
                0.05593442531728527,
                0.8738585938391427,
                -0.48295237486722536,
                0.567202650050083,
                -0.42588709029838057,
                -0.7049123261894484,
                -0.8216770067558544,
                -0.23450353949382902,
                -0.519475996710725
            ],
            "cam_t_m2c": [
                -59.83965656041623,
                56.253683577538894,
                726.7216042128995
            ],
            "obj_id": 5
        },
        {
            "cam_R_m2c": [
                -0.6603134502753795,
                -0.5001511642183138,
                -0.5602103963680675,
                -0.5089044288617864,
                0.8465743053596242,
                -0.1559756210720398,
                0.5522713366409063,
                0.18210090239423238,
                -0.8135327974916793
            ],
            "cam_t_m2c": [
                34.58272829499088,
                58.45939752231101,
                724.2300244155889
            ],
            "obj_id": 6
        },
        {
            "cam_R_m2c": [
                0.8248272119549271,
                0.4058327339891065,
                -0.3936495547778853,
                -0.07019500379223591,
                -0.6173565322162011,
                -0.7835456385422968,
                -0.561011167215328,
                0.6739221716797321,
                -0.4807244070221843
            ],
            "cam_t_m2c": [
                -13.0623557639285,
                -62.28049163802906,
                787.80754987815
            ],
            "obj_id": 7
        }
    ],
    "122": [
        {
            "cam_R_m2c": [
                -0.1373513817637357,
                0.9545049567777699,
                -0.2646770842252165,
                0.5523395287025545,
                -0.1480036447606505,
                -0.820375514053292,
                -0.822226104843615,
                -0.2588712225530128,
                -0.5068823294228779
            ],
            "cam_t_m2c": [
                -72.49197648867482,
                23.796447639395033,
                765.0127517414093
            ],
            "obj_id": 5
        },
        {
            "cam_R_m2c": [
                -0.5174468464484349,
                -0.8489658751925427,
                -0.10726028018644385,
                -0.39500265003878365,
                0.34816519414547026,
                -0.8501493197550064,
                0.7590924306151277,
                -0.39753931024602873,
                -0.5155007325579215
            ],
            "cam_t_m2c": [
                19.24728286156693,
                76.36079717021371,
                717.796512411678
            ],
            "obj_id": 6
        },
        {
            "cam_R_m2c": [
                0.9589046680633542,
                0.08017641647372714,
                0.2721632137129677,
                0.26885730371343286,
                -0.5632309892741875,
                -0.7813363385656669,
                0.09064584994777326,
                0.8224005983141646,
                -0.5616407659630444
            ],
            "cam_t_m2c": [
                24.084130363849138,
                -52.09574707693862,
                804.3609004577286
            ],
            "obj_id": 7
        }
    ],
    "130": [
        {
            "cam_R_m2c": [
                -0.7018591714559455,
                0.6077094519479179,
                0.3715958680878321,
                0.07391828454806476,
                0.5809942418882121,
                -0.8105446220119208,
                -0.708470142664194,
                -0.5414205427694851,
                -0.4526966140618451
            ],
            "cam_t_m2c": [
                -95.32569477707773,
                -27.606525063720987,
                780.2420719659632
            ],
            "obj_id": 5
        },
        {
            "cam_R_m2c": [
                -0.012405894694846303,
                -0.9122621491606789,
                -0.4094201794861962,
                -0.9744426142389541,
                0.10287430092750055,
                -0.19969688904101657,
                0.2242947294199876,
                0.39647908163590967,
                -0.8902227625556914
            ],
            "cam_t_m2c": [
                -60.547601741970084,
                60.33665304630509,
                736.0672909574984
            ],
            "obj_id": 6
        },
        {
            "cam_R_m2c": [
                0.6756399859477036,
                0.6104705614457939,
                0.41332443572603617,
                0.7025884821234448,
                -0.3633331293703586,
                -0.6118490199833895,
                -0.22334113183200519,
                0.7037861513704156,
                -0.6743915668308553
            ],
            "cam_t_m2c": [
                44.01769243494949,
                -29.117425190280716,
                768.1566635149588
            ],
            "obj_id": 7
        }
    ],
    "142": [
        {
            "cam_R_m2c": [
                -0.9313949908722552,
                -0.209526214876501,
                -0.2976610197190868,
                0.09887666575057068,
                0.6413559599077922,
                -0.7608460378191513,
                0.3503235138115971,
                -0.7380797578323642,
                -0.5766385250197494
            ],
            "cam_t_m2c": [
                -41.98248278402906,
                -73.87187104597534,
                794.1524966263003
            ],
            "obj_id": 5
        },
        {
            "cam_R_m2c": [
                0.848269860423,
                -0.36592481950591726,
                0.3828018178791783,
                0.06902381851878349,
                -0.6402960762751929,
                -0.7650210732705113,
                0.5250466959970391,
                0.6753666404450243,
                -0.5178863679830658
            ],
            "cam_t_m2c": [
                -88.6594735275348,
                12.065661089824403,
                750.4445936509143
            ],
            "obj_id": 6
        },
        {
            "cam_R_m2c": [
                -0.4555016493152126,
                0.852786577744172,
                0.25548632651913666,
                0.8891976896607892,
                0.4496834009666261,
                0.08433622986695967,
                -0.04296703507955057,
                0.2655930051318776,
                -0.9631276663848073
            ],
            "cam_t_m2c": [
                46.51434408910339,
                48.354183534280025,
                753.6305646516129
            ],
            "obj_id": 7
        }
    ],
    "145": [
        {
            "cam_R_m2c": [
                -0.6988658578505393,
                -0.7068068546705494,
                -0.10959090638478314,
                -0.7136918068083294,
                0.6992247560398709,
                0.041590896160413206,
                0.04723225694766427,
                0.10728024645686432,
                -0.9931063889576912
            ],
            "cam_t_m2c": [
                -1.3373182436496975,
                -82.43852793731546,
                824.2211865918346
            ],
            "obj_id": 5
        },
        {
            "cam_R_m2c": [
                0.6939894499723145,
                0.4400760167277301,
                0.5698346680241626,
                0.6631445484804368,
                -0.698920053264893,
                -0.2678627957803356,
                0.28038834617533914,
                0.5637772524459239,
                -0.7768772380169111
            ],
            "cam_t_m2c": [
                -98.37366444646467,
                -14.028428573316425,
                786.0230856828973
            ],
            "obj_id": 6
        },
        {
            "cam_R_m2c": [
                -0.4962763579426952,
                0.829861563832992,
                -0.2550280984517002,
                0.5379121866591273,
                0.06335057402099427,
                -0.8406171405777055,
                -0.6814398479145669,
                -0.5543618783268701,
                -0.47783235675425084
            ],
            "cam_t_m2c": [
                31.888943443017375,
                25.32575357523509,
                717.5148690835165
            ],
            "obj_id": 7
        }
    ],
    "153": [
        {
            "cam_R_m2c": [
                0.28192528920511983,
                -0.8751421214399899,
                -0.3932484398926998,
                -0.49029406866673425,
                0.22090180518686958,
                -0.843097376224789,
                0.8246991491229683,
                0.4304984050424388,
                -0.3667989962198976
            ],
            "cam_t_m2c": [
                27.628737189349167,
                -56.537668134971085,
                792.8961159589716
            ],
            "obj_id": 5
        },
        {
            "cam_R_m2c": [
                0.840551957279156,
                0.485663979672666,
                0.24000583824063448,
                0.36486652816454096,
                -0.18005838415082467,
                -0.9134826318878915,
                -0.40043002107200365,
                0.8554000049896968,
                -0.32855091500811734
            ],
            "cam_t_m2c": [
                -74.81766326289103,
                -51.67357937397985,
                806.7105035846814
            ],
            "obj_id": 6
        },
        {
            "cam_R_m2c": [
                -0.8808558215095973,
                -0.35444334825225843,
                0.31378792845124315,
                -0.41127821256158736,
                0.2447845135296988,
                -0.8780262803450362,
                0.2344002469693531,
                -0.9024684373101518,
                -0.36139453770751323
            ],
            "cam_t_m2c": [
                -9.97521264554702,
                53.64676416543848,
                732.5651086327681
            ],
            "obj_id": 7
        }
    ],
    "166": [
        {
            "cam_R_m2c": [
                0.9952856715829335,
                0.09603941783551766,
                0.013513673343562854,
                0.09628052332556292,
                -0.9616396013470309,
                -0.25686672128694127,
                -0.011674219204753112,
                0.2569565170796996,
                -0.9663527848139623
            ],
            "cam_t_m2c": [
                75.81420975170077,
                -1.5995572711868957,
                768.176065948233
            ],
            "obj_id": 5
        },
        {
            "cam_R_m2c": [
                -0.16485594421320623,
                0.8581980491503026,
                -0.48612705518212945,
                0.9797671255027146,
                0.08578023108378095,
                -0.18082660061201805,
                -0.11348478208699779,
                -0.5061014791708924,
                -0.8549754752744035
            ],
            "cam_t_m2c": [
                34.93252486198824,
                -63.97158977515424,
                807.5690509415725
            ],
            "obj_id": 6
        },
        {
            "cam_R_m2c": [
                -0.2615499395805447,
                -0.8996008609224629,
                0.3497287228698172,
                -0.9631077924167566,
                0.2670397179174207,
                -0.033372154061057854,
                -0.06337039384178585,
                -0.34555464347109155,
                -0.9362568858613598
            ],
            "cam_t_m2c": [
                -85.64569042071108,
                -2.490223900857445,
                761.6106033866704
            ],
            "obj_id": 7
        }
    ],
    "173": [
        {
            "cam_R_m2c": [
                0.9505295210283387,
                -0.19112437170237792,
                -0.24487656436313465,
                -0.29695470409323543,
                -0.3277230949307816,
                -0.8968922078157172,
                0.0911667601596655,
                0.9252397418854821,
                -0.3682655417013189
            ],
            "cam_t_m2c": [
                52.65748566620559,
                23.331813854118405,
                740.9461945466128
            ],
            "obj_id": 5
        },
        {
            "cam_R_m2c": [
                -0.6369694431199563,
                0.6848669763401829,
                0.3538741316332217,
                0.6618467946630254,
                0.7212126054744906,
                -0.20447752802685537,
                -0.3952582922096665,
                0.10396443081537218,
                -0.9126673615903386
            ],
            "cam_t_m2c": [
                58.087829093427786,
                -60.152979296802734,
                804.111432132955
            ],
            "obj_id": 6
        },
        {
            "cam_R_m2c": [
                0.3827041032329719,
                -0.8334023709410285,
                -0.3987202149809867,
                -0.9228985481735119,
                -0.3646592037811187,
                -0.12361740209960789,
                -0.042374539151985184,
                0.4152875480575097,
                -0.9087027024737351
            ],
            "cam_t_m2c": [
                -74.03948915360482,
                -46.085834675990625,
                781.8331121446436
            ],
            "obj_id": 7
        }
    ],
    "178": [
        {
            "cam_R_m2c": [
                0.6566264698180933,
                0.4210942154603018,
                0.6257172281240558,
                0.7503674923548176,
                -0.281034391268705,
                -0.5983039660391423,
                -0.07609438664435127,
                0.8623804412843435,
                -0.5005101215655695
            ],
            "cam_t_m2c": [
                -1.1037062806286322,
                46.77283838528696,
                732.1166433216853
            ],
            "obj_id": 5
        },
        {
            "cam_R_m2c": [
                -0.841761674782499,
                -0.44672581669767547,
                -0.3031071579742251,
                0.016028806890647458,
                0.5405369697478598,
                -0.841167343630928,
                0.5396117310872605,
                -0.7129208427700694,
                -0.4478432961792286
            ],
            "cam_t_m2c": [
                60.02087791155935,
                -18.190998534366397,
                770.8656502518194
            ],
            "obj_id": 6
        },
        {
            "cam_R_m2c": [
                0.956049824071238,
                -0.2854231301340135,
                0.06710535686719447,
                -0.2681942480329768,
                -0.9437789837517584,
                -0.1932687282374218,
                0.11849613485382803,
                0.16677785980208126,
                -0.9788483727851909
            ],
            "cam_t_m2c": [
                -55.03317356393649,
                -58.00511378887628,
                780.7415245835032
            ],
            "obj_id": 7
        }
    ],
    "191": [
        {
            "cam_R_m2c": [
                0.21367512040313474,
                0.9532012021023691,
                0.21389306405061376,
                0.33368562049426626,
                0.1345660677534904,
                -0.9330309974470826,
                -0.9181483687011623,
                0.2707380869264722,
                -0.2893162121346678
            ],
            "cam_t_m2c": [
                -76.31738256222731,
                29.15916308702552,
                727.0461771075777
            ],
            "obj_id": 5
        },
        {
            "cam_R_m2c": [
                -0.292208539775091,
                -0.7935666940647169,
                0.5337283179148206,
                -0.6349761326712928,
                -0.2563326508887445,
                -0.7287658009674631,
                0.7151359742384977,
                -0.551855711073393,
                -0.4289935263451865
            ],
            "cam_t_m2c": [
                38.01212803093654,
                56.786690069563754,
                717.6703269569733
            ],
            "obj_id": 6
        },
        {
            "cam_R_m2c": [
                0.8063314925011984,
                0.38090238964127304,
                -0.4524850232741606,
                -0.21112209213073627,
                -0.5292729276493047,
                -0.8217652515233353,
                -0.5525004972540939,
                0.7581444225114814,
                -0.34635261042957605
            ],
            "cam_t_m2c": [
                17.040184805506364,
                -83.44438393076561,
                811.1250625715261
            ],
            "obj_id": 7
        }
    ],
    "201": [
        {
            "cam_R_m2c": [
                -0.9452163389706104,
                0.24581947576490068,
                0.21479990934449053,
                -0.10236698831281404,
                0.401613593760634,
                -0.9100702924442607,
                -0.3099789112071319,
                -0.8822012451202254,
                -0.35444812684750665
            ],
            "cam_t_m2c": [
                -93.84437580866731,
                -31.035224452390406,
                782.4055896090754
            ],
            "obj_id": 5
        },
        {
            "cam_R_m2c": [
                0.35069112150551085,
                -0.6733792484529234,
                0.6508274539687502,
                -0.5801058508029049,
                -0.7017749066467286,
                -0.4135080306499947,
                0.7351816339582596,
                -0.23253568846489991,
                -0.6367378947559248
            ],
            "cam_t_m2c": [
                -45.79813401902977,
                44.4928002645768,
                729.9175611675007
            ],
            "obj_id": 6
        },
        {
            "cam_R_m2c": [
                0.7093610978524592,
                0.6469885970610272,
                0.27966582824011305,
                0.702715164108314,
                -0.6799866593727449,
                -0.20930505688407164,
                0.05475124413059787,
                0.34499856949864566,
                -0.9370052457415683
            ],
            "cam_t_m2c": [
                43.84243837749556,
                -38.860741242271274,
                774.7614831796725
            ],
            "obj_id": 7
        }
    ],
    "209": [
        {
            "cam_R_m2c": [
                -0.738458223392675,
                -0.6487738150557533,
                -0.1837724556826021,
                -0.2448349425118604,
                0.5119185522208146,
                -0.8234047959084732,
                0.6282795831267409,
                -0.5630562457514735,
                -0.5368729518181666
            ],
            "cam_t_m2c": [
                -68.53857614682701,
                -52.60109875437007,
                792.2946022917578
            ],
            "obj_id": 5
        },
        {
            "cam_R_m2c": [
                0.4965891790838066,
                -0.8407326147647045,
                0.21579573953911874,
                -0.3070505864574656,
                -0.4026943618793497,
                -0.8622977030883808,
                0.8118616017419908,
                0.36194767648520687,
                -0.45812139202607377
            ],
            "cam_t_m2c": [
                -83.08010458292355,
                13.272959670127513,
                728.2043997064419
            ],
            "obj_id": 6
        },
        {
            "cam_R_m2c": [
                -0.553724339240637,
                0.8169270892342596,
                0.16130548358671845,
                0.8272003826816854,
                0.56187509488802,
                -0.006014663609058171,
                -0.09554734046016201,
                0.13010162375765855,
                -0.9868863686226316
            ],
            "cam_t_m2c": [
                46.33740644924639,
                2.580792368802827,
                763.691854979027
            ],
            "obj_id": 7
        }
    ],
    "214": [
        {
            "cam_R_m2c": [
                -0.9906236510365637,
                0.1364682533287668,
                0.006447732272114568,
                0.09286377515503988,
                0.7072142160776221,
                -0.7008747713743024,
                -0.10020731141534765,
                -0.6937039774756638,
                -0.7132549133991131
            ],
            "cam_t_m2c": [
                -37.49104926771894,
                -74.45046245555639,
                798.1376445523606
            ],
            "obj_id": 5
        },
        {
            "cam_R_m2c": [
                0.7670838126646866,
                0.1913876445015754,
                0.612334881696726,
                0.47866819912072817,
                -0.8062385985945817,
                -0.34764454449569127,
                0.42715312591006416,
                0.559777296700579,
                -0.7100625699389103
            ],
            "cam_t_m2c": [
                -98.37744467630593,
                8.314246238995604,
                760.2348318835965
            ],
            "obj_id": 6
        },
        {
            "cam_R_m2c": [
                -0.694493946505282,
                0.6162389292921346,
                0.3713872905281304,
                0.6535584275071331,
                0.7561756815157803,
                -0.032561729262744886,
                -0.3008991726998843,
                0.22010972147599006,
                -0.9279066785566336
            ],
            "cam_t_m2c": [
                60.27741477526845,
                18.108096758101137,
                734.1647653534496
            ],
            "obj_id": 7
        }
    ],
    "235": [
        {
            "cam_R_m2c": [
                0.5731291136564906,
                -0.7908525178449759,
                0.21465129313910777,
                0.055886941304035764,
                -0.2236085718332489,
                -0.9730751222351879,
                0.8175569795149353,
                0.5696940466436752,
                -0.08395872431363426
            ],
            "cam_t_m2c": [
                62.8048654798295,
                -22.674823628338604,
                755.9952378468028
            ],
            "obj_id": 5
        },
        {
            "cam_R_m2c": [
                -0.6853251389220272,
                0.644047432318582,
                0.3398998518333666,
                0.12892373506943425,
                0.5666718857781495,
                -0.8137942024920486,
                -0.7167341305381222,
                -0.5138927041302993,
                -0.47138787135614363
            ],
            "cam_t_m2c": [
                2.0776958311089686,
                -82.58787607424324,
                847.8377062797653
            ],
            "obj_id": 6
        },
        {
            "cam_R_m2c": [
                -0.15882255053608035,
                -0.7940448817294408,
                0.5867432310271625,
                -0.7398013187827718,
                -0.2978343207320396,
                -0.603314284600701,
                0.65381126453951,
                -0.5298935757277778,
                -0.5401330330467117
            ],
            "cam_t_m2c": [
                -75.89235505885671,
                -9.672939773889453,
                733.2821003370004
            ],
            "obj_id": 7
        }
    ],
    "242": [
        {
            "cam_R_m2c": [
                0.7661654761565437,
                -0.16125483420449038,
                -0.622082582197207,
                -0.5939804964241482,
                -0.547199679737138,
                -0.5897115138767562,
                -0.24530980232966634,
                0.8213219533503137,
                -0.5150279409067816
            ],
            "cam_t_m2c": [
                45.597695182598414,
                14.999739798301265,
                726.8440241919134
            ],
            "obj_id": 5
        },
        {
