{
  "0": [
    {
      "cam_R_m2c": [
        0.6462478824910768,
        0.7630818385532433,
        -0.008337401387794104,
        0.7568241424896295,
        -0.6422732010390234,
        -0.12125546255200444,
        -0.0978832885899374,
        0.07205170197563679,
        -0.9925857840664912
      ],
      "cam_t_m2c": [
        57.25871024448023,
        -6.899385789381977,
        766.8031989410446
      ],
      "obj_id": 1
    },
    {
      "cam_R_m2c": [
        0.03823012640358382,
        0.9956630593842378,
        -0.08481324086354733,
        0.9547628145181072,
        -0.06144390528918707,
        -0.2909515419177079,
        -0.2949018599281445,
        -0.06985322784889778,
        -0.9529705413187876
      ],
      "cam_t_m2c": [
        74.43101618251339,
        64.38930210175455,
        744.3659523190688
      ],
      "obj_id": 1
    },
    {
      "cam_R_m2c": [
        -0.7464562835078342,
        0.49626023034915323,
        -0.4433153721757881,
        -0.01932239717404321,
        0.6497591539320349,
        0.7598944274688242,
        0.6651536724454216,
        0.5757932487245401,
        -0.475428784314571
      ],
      "cam_t_m2c": [
        35.88782420192434,
        47.89360230787077,
        763.2229387216242
      ],
      "obj_id": 1
    },
    {
      "cam_R_m2c": [
        -0.06480303520713351,
        -0.9906640086789037,
        -0.11993792309080677,
        -0.9811541215032769,
        0.08517912084738014,
        -0.17344031723255648,
        0.1820381200799692,
        0.10643809476171213,
        -0.9775133191698345
      ],
      "cam_t_m2c": [
        -39.632407657632044,
        1.9203037225163544,
        758.4446770667105
      ],
      "obj_id": 2
    },
    {
      "cam_R_m2c": [
        0.10820852632960412,
        0.9815344027408974,
        -0.15773655662939798,
        -0.9681510249289299,
        0.14008118416642643,
        0.20751198989536973,
        0.22577694747470992,
        0.13025821856120887,
        0.9654309361784649
      ],
      "cam_t_m2c": [
        8.915832266910623,
        11.796323910971273,
        759.8391742604949
      ],
      "obj_id": 2
    },
    {
      "cam_R_m2c": [
        -0.7619171501355887,
        0.6470696584334544,
        -0.02797963955248389,
        -0.6069231552095824,
        -0.698229439469095,
        0.37963128913504623,
        0.22611241090062723,
        0.30622975992192825,
        0.9247140958588822
      ],
      "cam_t_m2c": [
        -48.92836073872863,
        -54.20097883083171,
        782.2945616616113
      ],
      "obj_id": 3
    },
    {
      "cam_R_m2c": [
        -0.988470510987571,
        0.13637295658138113,
        0.0657892475934967,
        0.10905970922394348,
        0.9426638776736614,
        -0.31542183282792347,
        -0.10503215751419985,
        -0.3046111686090084,
        -0.9466677244250212
      ],
      "cam_t_m2c": [
        2.2722394276739997,
        -40.20991922114968,
        776.8101639843974
      ],
      "obj_id": 3
    },
    {
      "cam_R_m2c": [
        0.17434351500671066,
        -0.9757637333637018,
        -0.13224666742726998,
        -0.9669066760027203,
        -0.14423908177518222,
        -0.21044460851097951,
        0.18626992654596386,
        0.164560032779839,
        -0.968619029285784
      ],
      "cam_t_m2c": [
        20.722407906208357,
        90.48738747563074,
        734.4326462336389
      ],
      "obj_id": 3
    },
    {
      "cam_R_m2c": [
        -0.8808269613196208,
        -0.46726796317628566,
        -0.07618553946883358,
        -0.32964881881400626,
        0.4898127039965891,
        0.8071030549535553,
        -0.3398163831666239,
        0.736031926767841,
        -0.5854752981790872
      ],
      "cam_t_m2c": [
        -84.00419034126737,
        -11.363688741385332,
        774.7844542011712
      ],
      "obj_id": 4
    },
    {
      "cam_R_m2c": [
        0.7828471128662523,
        -0.6200290941747592,
        -0.05209667427842084,
        -0.5879648976476808,
        -0.7097629505573535,
        -0.38798687689284533,
        0.20358759509778968,
        0.33436611488798723,
        -0.9201907726550822
      ],
      "cam_t_m2c": [
        -87.14561765738847,
        52.23614128327891,
        735.3629097421593
      ],
      "obj_id": 4
    },
    {
      "cam_R_m2c": [
        0.9493537000624067,
        0.3135016428105424,
        0.021071362937750467,
        0.14565878131298785,
        -0.4985249677915647,
        0.8545506375718965,
        0.27840737339167415,
        -0.8082007401476679,
        -0.5189413492183503
      ],
      "cam_t_m2c": [
        100.96429622285078,
        12.184288483690978,
        775.2019001900935
      ],
      "obj_id": 4
    },
    {
      "cam_R_m2c": [
        -0.6824157043795326,
        0.7273913063158282,
        -0.07218326311460783,
        -0.6839903425486872,
        -0.600611277608837,
        0.4140331362085254,
        0.25781080753505786,
        0.331915833924429,
        0.9073946179251409
      ],
      "cam_t_m2c": [
        -25.28084049116085,
        47.60473710187472,
        742.7630122735302
      ],
      "obj_id": 4
    }
  ],
  "100": [
    {
      "cam_R_m2c": [
        -0.9987223927916726,
        0.011774359387599333,
        0.049144255065410834,
        -0.01911930202536377,
        0.81216221943266,
        -0.5831182234245943,
        -0.046778900799525874,
        -0.5833122705644007,
        -0.8108997019929445
      ],
      "cam_t_m2c": [
        -49.12247341574703,
        40.34095871879036,
        735.1717115451794
      ],
      "obj_id": 1
    },
    {
      "cam_R_m2c": [
        -0.7300990866708901,
        -0.6691218477790637,
        0.1386766008599204,
        -0.662017894657607,
        0.6422960244391442,
        -0.3862487024421427,
        0.16937568166706224,
        -0.3738058710110811,
        -0.9119106794109471
      ],
      "cam_t_m2c": [
        -104.65894412836428,
        4.282222358256798,
        757.273232723577
      ],
      "obj_id": 1
    },
    {
      "cam_R_m2c": [
        0.6638247800180026,
        -0.6723219817525591,
        -0.32759728782766384,
        -0.05660373218227635,
        0.3916074383635352,
        -0.9183894753703075,
        0.7457431570164826,
        0.6281931533093356,
        0.2219023034270515
      ],
      "cam_t_m2c": [
        -63.73694260430857,
        3.2835305416962344,
        775.3530251766691
      ],
      "obj_id": 1
    },
    {
      "cam_R_m2c": [
        0.5872159025406611,
        0.809375521390969,
        0.009417878923468395,
        0.7597467093949726,
        -0.5471201257919672,
        -0.351346521836486,
        -0.2792182448559386,
        0.21347126051658497,
        -0.93619830812602
      ],
      "cam_t_m2c": [
        17.77706787194078,
        -17.407922231679244,
        773.5790421894566
      ],
      "obj_id": 2
    },
    {
      "cam_R_m2c": [
        0.6658468035637531,
        -0.7385077101652842,
        0.10608800665196032,
        0.5756464085056366,
        0.5989725422039732,
        0.5566532861049667,
        -0.4746362677719585,
        -0.309576263677282,
        0.8239434490539943
      ],
      "cam_t_m2c": [
        -23.44811351319856,
        -0.8866125046242503,
        757.2870941056698
      ],
      "obj_id": 2
    },
    {
      "cam_R_m2c": [
        0.9813923129958233,
        -0.1892992140235661,
        0.03217121449683537,
        0.13538895480026222,
        0.8010044199606441,
        0.5831481551872688,
        -0.13615884365434783,
        -0.5679410358174908,
        0.811728764350827
      ],
      "cam_t_m2c": [
        61.84203303668775,
        11.568210584782953,
        753.8890592493482
      ],
      "obj_id": 3
    },
    {
      "cam_R_m2c": [
        0.7816760636579028,
        -0.6070995110475953,
        0.14287298733258025,
        -0.530358253120944,
        -0.767573579291575,
        -0.3599316000175276,
        0.3281795806873098,
        0.20557562973951474,
        -0.9219744572316103
      ],
      "cam_t_m2c": [
        16.13468469095215,
        32.258571809362465,
        747.2988458083554
      ],
      "obj_id": 3
    },
    {
      "cam_R_m2c": [
        0.5823785081349208,
        0.8051401553536385,
        0.11218214479060429,
        0.7428770589906236,
        -0.47107024188867536,
        -0.4756324383765084,
        -0.33010461313483086,
        0.36033541305133987,
        -0.872461630641848
      ],
      "cam_t_m2c": [
        -89.82278513674682,
        -44.247737501177724,
        777.2293587138192
      ],
      "obj_id": 3
    },
    {
      "cam_R_m2c": [
        0.9251675437397103,
        -0.006214678481493647,
        -0.379508030604101,
        -0.3737776972795353,
        0.15892006662538113,
        -0.9138023363717007,
        0.0659901022893103,
        0.9872719196986065,
        0.1447042935835787
      ],
      "cam_t_m2c": [
        65.64552974443296,
        -32.85996458625179,
        785.9663955866168
      ],
      "obj_id": 4
    },
    {
      "cam_R_m2c": [
        0.094872303180917,
        0.9944880904509301,
        0.04464247255088254,
        0.8333530929541838,
        -0.05480950907725356,
        -0.5500166509201789,
        -0.5445376231761745,
        0.08938425843258724,
        -0.8339598793366076
      ],
      "cam_t_m2c": [
        19.58648904099849,
        -91.190504058,
        796.7956978712872
      ],
      "obj_id": 4
    },
    {
      "cam_R_m2c": [
        -0.6205883010787191,
        -0.07355206766610829,
        -0.780679531763459,
        0.7840314898876283,
        -0.0419396393952493,
        -0.6193024205966452,
        0.012809984761875995,
        -0.9964090686573591,
        0.08369411763555695
      ],
      "cam_t_m2c": [
        -88.1453779598575,
        68.97017150380907,
        738.8275549384765
      ],
      "obj_id": 4
    },
    {
      "cam_R_m2c": [
        0.9869302697284538,
        -0.12655182088296896,
        -0.09976714879622163,
        0.15178095676751902,
        0.9380013394886135,
        0.3116339987311048,
        0.05414402565213912,
        -0.3227032066519596,
        0.9449502777853094
      ],
      "cam_t_m2c": [
        -31.98020496619293,
        -43.74830638540685,
        778.9160522423524
      ],
      "obj_id": 4
    }
  ],
  "108": [
    {
      "cam_R_m2c": [
        -0.6863180696429976,
        -0.7271489829738178,
        -0.014883578609995354,
        -0.5770078585289545,
        0.5568374145624029,
        -0.5974905950217112,
        0.44275225027279824,
        -0.4014805295307026,
        -0.8017376871701349
      ],
      "cam_t_m2c": [
        -74.27605019886133,
        5.750540910246152,
        752.9991500778316
      ],
      "obj_id": 1
    },
    {
      "cam_R_m2c": [
        -0.2888809729765574,
        -0.9494291815633289,
        -0.12301097130497081,
        -0.7920344288415535,
        0.3091909531304326,
        -0.5263871232492958,
        0.5378009028017889,
        -0.054634284008853125,
        -0.8412994404470348
      ],
      "cam_t_m2c": [
        -90.30201625480208,
        -49.72347205461114,
        788.6855655892888
      ],
      "obj_id": 1
    },
    {
      "cam_R_m2c": [
        0.8155376639616002,
        -0.4825616738794723,
        0.3194248553602088,
        0.4063612718680517,
        0.08453179518309427,
        -0.9097944027242777,
        0.41203021208756097,
        0.8717729832121267,
        0.2650329285147016
      ],
      "cam_t_m2c": [
        -52.83258700891348,
        -25.260894246952347,
        789.9439265757338
      ],
      "obj_id": 1
    },
    {
      "cam_R_m2c": [
        -0.02426076564987466,
        0.9916983964822264,
        -0.1262749861242723,
        0.8548623259632417,
        -0.04490587470525125,
        -0.5169089564255078,
        -0.51828798593758,
        -0.12048826863002014,
        -0.8466756224948034
      ],
      "cam_t_m2c": [
        20.432183524007318,
        0.53143912188539,
        761.5676986076919
      ],
      "obj_id": 2
    },
    {
      "cam_R_m2c": [
        -0.13606806138012534,
        -0.9847269426237805,
        0.10861857275313352,
        0.9019073793039467,
        -0.07775916875083723,
        0.4248736004748314,
        -0.4099380228517248,
        0.15577553626356933,
        0.8987125674072275
      ],
      "cam_t_m2c": [
        -25.362597599266934,
        -9.019667016151699,
        766.7715004099866
      ],
      "obj_id": 2
    },
    {
      "cam_R_m2c": [
        0.6899950214374284,
        -0.7207928063797695,
        0.06606266123832623,
        0.6728555291642624,
        0.672380596311486,
        0.30849750928767417,
        -0.26678167075825354,
        -0.16841082788827674,
        0.9489282741987167
      ],
      "cam_t_m2c": [
        32.631920866964975,
        48.37967541955922,
        735.4631845365495
      ],
      "obj_id": 3
    },
    {
      "cam_R_m2c": [
        0.9845122773525912,
        -0.17490951319478165,
        0.011912821848547675,
        -0.15602115923869866,
        -0.9051312272659103,
        -0.395469104037048,
        0.0799539536368888,
        0.3874851444135658,
        -0.9184019400612646
      ],
      "cam_t_m2c": [
        -21.67239359714684,
        35.04497104903312,
        740.6723036483945
      ],
      "obj_id": 3
    },
    {
      "cam_R_m2c": [
        -0.2889531634224438,
        0.9463831265210313,
        -0.14444619549573548,
        0.8711278983444602,
        0.19734479552493372,
        -0.44965789752810664,
        -0.3970426234782846,
        -0.25576103057987715,
        -0.8814436583684553
      ],
      "cam_t_m2c": [
        -44.80119673764599,
        -83.09963594592179,
        801.6412696687064
      ],
      "obj_id": 3
    },
    {
      "cam_R_m2c": [
        0.9444990542388003,
        0.20578659911725555,
        0.25607243108226385,
        0.22531898275050966,
        0.16145137553402128,
        -0.9608151545200047,
        -0.23906593450001334,
        0.9651864794343032,
        0.10612279189321411
      ],
      "cam_t_m2c": [
        69.83298388634523,
        16.693655500715316,
        768.0446586932487
      ],
      "obj_id": 4
    },
    {
      "cam_R_m2c": [
        -0.7701139777046931,
        0.6316896797169476,
        -0.08883854796824388,
        0.5922672419996011,
        0.6563185950055754,
        -0.4674039015247902,
        -0.23694763493478332,
        -0.412570157806446,
        -0.8795687331384932
      ],
      "cam_t_m2c": [
        68.35666436844889,
        -50.05433937154717,
        778.7694294513452
      ],
      "obj_id": 4
    },
    {
      "cam_R_m2c": [
        -0.9652516877821989,
        -0.24117385100430294,
        -0.10061813299945192,
        0.09653597137567878,
        0.02871442173280615,
        -0.9949157017380277,
        0.24283670210369548,
        -0.9700567930106164,
        -0.004434902098164932
      ],
      "cam_t_m2c": [
        -119.5761093815442,
        3.766956624360266,
        766.1991120890401
      ],
      "obj_id": 4
    },
    {
      "cam_R_m2c": [
        0.5545641210089013,
        -0.832006346000313,
        -0.014958320266444022,
        0.7514197714733951,
        0.49296516237674304,
        0.4385825680359813,
        -0.3575293392929901,
        -0.25446204103575665,
        0.8985662590753026
      ],
      "cam_t_m2c": [
        4.31909176768625,
        -48.334610810703516,
        776.9690045147273
      ],
      "obj_id": 4
    }
  ],
  "11": [
    {
      "cam_R_m2c": [
        -0.17841554137537452,
        0.9829982375351201,
        -0.04337893826847467,
        0.8873298158465143,
        0.14168650722465426,
        -0.4388283635459469,
        -0.4252215827633739,
        -0.11678536710016982,
        -0.8975233075578699
      ],
      "cam_t_m2c": [
        37.19462863179978,
        49.392122591789686,
        744.9291522399697
      ],
      "obj_id": 1
    },
    {
      "cam_R_m2c": [
        -0.6462443859205789,
        0.7474311518259105,
        -0.15399433181314234,
        0.7571334758709122,
        0.6027286540247049,
        -0.25192597007745027,
        -0.09548072136664049,
        -0.27940025563696597,
        -0.9554157230846121
      ],
      "cam_t_m2c": [
        -3.552291102436822,
        100.7927229413133,
        732.3178248162184
      ],
      "obj_id": 1
    },
    {
      "cam_R_m2c": [
        -0.3110794692831412,
        0.07501641556868256,
        -0.9474183519327211,
        -0.5521304458678691,
        0.7971308249105687,
        0.24440547559160347,
        0.773551384789504,
        0.5991282752829808,
        -0.2065521628332472
      ],
      "cam_t_m2c": [
        -13.997643032530675,
        67.72986382615515,
        757.4599689693459
      ],
      "obj_id": 1
    },
    {
      "cam_R_m2c": [
        0.7219421142932164,
        -0.680072603500424,
        0.1276725057115885,
        -0.6333197500504012,
        -0.7237536099715509,
        -0.2740190299803817,
        0.27875635458210174,
        0.1169686618984145,
        -0.9532121773462967
      ],
      "cam_t_m2c": [
        -23.187748810682184,
        -22.873173462358224,
        765.6022591817153
      ],
      "obj_id": 2
    },
    {
      "cam_R_m2c": [
        0.774974039478377,
        0.624228844434198,
        -0.0987573571083156,
        -0.5532579402432938,
        0.7456248641584574,
        0.37141460727587794,
        0.30548370636142785,
        -0.2331987026934638,
        0.9232000462912866
      ],
      "cam_t_m2c": [
        -2.511953805789292,
        21.959704266380747,
        754.9209579869644
      ],
      "obj_id": 2
    },
    {
      "cam_R_m2c": [
        0.10637929332880161,
        0.9931702709799101,
        0.04791300348748203,
        -0.9207142858598852,
        0.08019437340159714,
        0.38190792435748544,
        0.3754575248900305,
        -0.08474144321591756,
        0.9229576603991841
      ],
      "cam_t_m2c": [
        24.177112440003977,
        -59.91057247828927,
        784.4805400585045
      ],
      "obj_id": 3
    },
    {
      "cam_R_m2c": [
        -0.5648146531676235,
        -0.8249859750327184,
        0.01954295330375198,
        -0.7430976077416221,
        0.4981665950286734,
        -0.4468059927290716,
        0.3588733330862714,
        -0.26688498915570597,
        -0.8944174810371771
      ],
      "cam_t_m2c": [
        32.164744868211855,
        -11.548877015482287,
        767.1093996875962
      ],
      "obj_id": 3
    },
    {
      "cam_R_m2c": [
        0.9324451499927526,
        -0.33315946964791776,
        -0.13982198180014704,
        -0.35575386773428697,
        -0.9141805804267443,
        -0.19419761839418467,
        -0.06312368688531213,
        0.23082114446013566,
        -0.9709465747212042
      ],
      "cam_t_m2c": [
        -59.83027833349857,
        74.3869264144417,
        741.4930616842931
      ],
      "obj_id": 3
    },
    {
      "cam_R_m2c": [
        -0.362618867577398,
        -0.24271735714185813,
        -0.8997750930200328,
        -0.9307775235939011,
        0.04617065069221183,
        0.3626584219879199,
        -0.04648015063383234,
        0.9689977933693997,
        -0.24265845779913786
      ],
      "cam_t_m2c": [
        -39.149312012881545,
        -67.86686810346316,
        794.1398410383795
      ],
      "obj_id": 4
    },
    {
      "cam_R_m2c": [
        0.995798520213316,
        0.03498046100987957,
        0.08462325410409387,
        0.05229813401197496,
        -0.9758640571556155,
        -0.21202328513761265,
        0.07516397670910936,
        0.21555838418805784,
        -0.9735939523084669
      ],
      "cam_t_m2c": [
        -89.47267984284095,
        -31.735351954992748,
        759.8351277176594
      ],
      "obj_id": 4
    },
    {
      "cam_R_m2c": [
        0.5244273357324627,
        0.5304441993188708,
        -0.6660362708114514,
        0.7905552855365513,
        -0.012826911402138933,
        0.6122560717063331,
        0.31622444183282017,
        -0.8476228332337424,
        -0.4260725825976846
      ],
      "cam_t_m2c": [
        52.284866136079785,
        96.05205886154172,
        748.8311418621972
      ],
      "obj_id": 4
    },
    {
      "cam_R_m2c": [
        0.3735137067624686,
        0.9198141392213878,
        -0.12012004082873208,
        -0.8409831381942448,
        0.3904209196202856,
        0.37459106736149905,
        0.39145179591078344,
        -0.03889604612416963,
        0.919376366394572
      ],
      "cam_t_m2c": [
        -54.10815198309014,
        17.250595378743085,
        754.21207780491
      ],
      "obj_id": 4
    }
  ],
  "118": [
    {
      "cam_R_m2c": [
        -0.019877412666435706,
        -0.9897589635875448,
        -0.14135869461609302,
        -0.8998680805722684,
        0.07932544094773528,
        -0.4288869683695372,
        0.43570837437980836,
        0.11867874860621333,
        -0.8922292319054037
      ],
      "cam_t_m2c": [
        -61.25459669819635,
        -42.874820698661594,
        778.1215368266922
      ],
      "obj_id": 1
    },
    {
      "cam_R_m2c": [
        0.6487809796257625,
        -0.7609120297409558,
        -0.009793253007602263,
        -0.7262615878701665,
        -0.6152929386722693,
        -0.3065261420557685,
        0.22721417534864813,
        0.205980561773887,
        -0.9518114996569546
      ],
      "cam_t_m2c": [
        -21.950629817931823,
        -93.64406072228606,
        804.7204132451474
      ],
      "obj_id": 1
    },
    {
      "cam_R_m2c": [
        0.37617199661850526,
        -0.21065445526822052,
        0.9022856850960012,
        0.8813626931684045,
        -0.21904874215403725,
        -0.4185887706426282,
        0.2858221369748891,
        0.9527024183341948,
        0.10326340709778814
      ],
      "cam_t_m2c": [
        -12.737677338534445,
        -49.02090999024664,
        797.3282392490305
      ],
      "obj_id": 1
    },
    {
      "cam_R_m2c": [
        -0.6543899323039067,
        0.7419545191856788,
        0.14586658960378188,
        0.5921750358073231,
        0.6228105391276575,
        -0.5113072669677495,
        -0.4702143005033051,
        -0.24821561848582657,
        -0.8469280555222015
      ],
      "cam_t_m2c": [
        12.512618417871222,
        17.246432255047463,
        750.4289648651713
      ],
      "obj_id": 2
    },
    {
      "cam_R_m2c": [
        -0.8303712575432329,
        -0.539808250570671,
        -0.13816690300051834,
        0.4341103785731548,
        -0.7821760677184612,
        0.44693233598980947,
        -0.34932899061220524,
        0.31113999550273913,
        0.8838329642819162
      ],
      "cam_t_m2c": [
        -12.315833050835625,
        -13.948266327973315,
        768.6625195936065
      ],
      "obj_id": 2
    },
    {
      "cam_R_m2c": [
        -0.23005030453295539,
        -0.9673282129833761,
        0.10654950440972676,
        0.8787168665095124,
        -0.15941814596478965,
        0.44993561589838077,
        -0.4182498621360061,
        0.19713444846018036,
        0.886681716830539
      ],
      "cam_t_m2c": [
        -27.72891347973026,
        61.10806641649095,
        732.9868019623652
      ],
      "obj_id": 3
    },
    {
      "cam_R_m2c": [
        0.6490267854980288,
        0.7604159416393376,
        0.02305721536789537,
        0.7313112601934812,
        -0.615259100346566,
        -0.29434599817535856,
        -0.2096390414006419,
        0.20790094293650987,
        -0.9554203852885469
      ],
      "cam_t_m2c": [
        -53.56436284555462,
        14.393591655723757,
        749.8339872384463
      ],
      "obj_id": 3
    },
    {
      "cam_R_m2c": [
        -0.8126737607979038,
        0.5770589689510859,
        -0.08102140479997606,
        0.5613945630735805,
        0.7380619608165061,
        -0.3742991176436851,
        -0.15619430400454792,
        -0.3496680776003062,
        -0.9237613419832431
      ],
      "cam_t_m2c": [
        32.76546765384531,
        -72.83395411325938,
        798.344734392001
      ],
      "obj_id": 3
    },
    {
      "cam_R_m2c": [
        0.456893836773075,
        0.21647378198308467,
        0.8627784744581553,
        0.7019694373483518,
        0.5079847104463086,
        -0.49918935416713994,
        -0.546339627873624,
        0.8337209431930217,
        0.08013746122996071
      ],
      "cam_t_m2c": [
        27.798601551629435,
        67.37964939665333,
        741.9985672243181
      ],
      "obj_id": 4
    },
    {
      "cam_R_m2c": [
        -0.98939044151026,
        -0.089401452562314,
        -0.1145158337592926,
        -0.011653560317840157,
        0.8345317463731987,
        -0.5508359784314752,
        0.14481250235126558,
        -0.543657679488505,
        -0.8267195190214989
      ],
      "cam_t_m2c": [
        77.20031836522554,
        12.771274708545743,
        739.7804986840372
      ],
      "obj_id": 4
    },
    {
      "cam_R_m2c": [
        -0.7216004951154198,
        -0.493769169451356,
        0.4852677314942566,
        -0.3246197236084645,
        -0.3777888291166716,
        -0.8671198089786681,
        0.6114856884671919,
        -0.7832418331409302,
        0.11232566813019543
      ],
      "cam_t_m2c": [
        -82.81508818230337,
        -68.61655183183827,
        809.5659306826611
      ],
      "obj_id": 4
    },
    {
      "cam_R_m2c": [
        -0.33279207160245505,
        -0.927931848280763,
        0.16790363844264128,
        0.7708048209625533,
        -0.16510583076856708,
        0.6153043974004019,
        -0.5432390025197134,
        0.3341892819765724,
        0.7702002563106422
      ],
      "cam_t_m2c": [
        38.79373823065051,
        -26.66863601160286,
        766.277001942799
      ],
      "obj_id": 4
    }
  ],
  "128": [
    {
      "cam_R_m2c": [
        0.7926670056009009,
        -0.5965117168096853,
        0.12590533361892736,
        -0.43827631882050133,
        -0.7011144073488771,
        -0.5624521282692062,
        0.42378335798930844,
        0.3906559835124963,
        -0.8171878087881997
      ],
      "cam_t_m2c": [
        -15.035475116018668,
        -65.61309583328705,
        792.2017856810251
      ],
      "obj_id": 1
    },
    {
      "cam_R_m2c": [
        0.9918925774706882,
        0.03902666321901666,
        -0.12093563444347995,
        -0.029275102710530795,
        -0.8558986975464852,
        -0.5163141401438343,
        -0.12365855729606609,
        0.5156686552007606,
        -0.8478176369182222
      ],
      "cam_t_m2c": [
        57.85376868993789,
        -72.01619907617929,
        800.872580503247
      ],
      "obj_id": 1
    },
    {
      "cam_R_m2c": [
        -0.40767814425801147,
        0.23230860777680687,
        0.8830801930309271,
        0.8970794517582827,
        -0.07860934248940346,
        0.43482054011480437,
        0.17043126884215962,
        0.9694604244288414,
        -0.17635207520894425
      ],
      "cam_t_m2c": [
        31.60690708073814,
        -30.479480781049105,
        794.436143364557
      ],
      "obj_id": 1
    },
    {
      "cam_R_m2c": [
        -0.9605797670732823,
        -0.2779929968274982,
        0.002398756182505591,
        -0.2501217929747315,
        0.860442477945812,
        -0.4439343754492127,
        0.121346580901477,
        -0.4270344634419251,
        -0.8960563490783415
      ],
      "cam_t_m2c": [
        -21.53986054121963,
        22.177807511789823,
        748.6360949049233
      ],
      "obj_id": 2
    },
    {
      "cam_R_m2c": [
        -0.9595383428220491,
        0.2566394533030378,
        -0.1158520867487386,
        -0.27741815622185073,
        -0.7911889907956289,
        0.5450312766695058,
        0.04821563864374925,
        0.5551179557558197,
        0.8303732101749787
      ],
      "cam_t_m2c": [
        -0.619571769714856,
        -17.985253247766284,
        767.2682325915235
      ],
      "obj_id": 2
    },
    {
      "cam_R_m2c": [
        -0.8211721959535001,
        -0.5706139897723245,
        -0.008675422280511555,
        0.4503411390682459,
        -0.6572750583000906,
        0.6043031541546878,
        -0.35052603389608056,
        0.4923300994163496,
        0.7967075373608008
      ],
      "cam_t_m2c": [
        -79.85620660410989,
        26.015046200555883,
        749.5193057455054
      ],
      "obj_id": 3
    },
    {
      "cam_R_m2c": [
        -0.11303180503594577,
        0.9890184366190161,
        -0.09521423397885229,
        0.9410240224635821,
        0.07580240474283283,
        -0.32973868339962287,
        -0.3189002855312917,
        -0.126869756738582,
        -0.9392588113922679
      ],
      "cam_t_m2c": [
        -55.49589293265334,
        -19.46363366652265,
        766.521305546856
      ],
      "obj_id": 3
    },
    {
      "cam_R_m2c": [
        -0.9544294774381564,
        -0.2782982414847649,
        -0.10776768677022822,
        -0.22107425683487592,
        0.9018872974184946,
        -0.3711135602098281,
        0.20047451269077812,
        -0.33037718610400574,
        -0.9223130247247366
      ],
      "cam_t_m2c": [
        76.61831730572476,
        -24.903661244549635,
        774.0536598405015
      ],
      "obj_id": 3
    },
    {
      "cam_R_m2c": [
        -0.4717569781622214,
        0.21283543442673056,
        0.855655190248998,
        0.7203244390189648,
        0.6526901096777715,
        0.2347938796900129,
        -0.5085055253723884,
        0.7271155472728675,
        -0.46122179004118774
      ],
      "cam_t_m2c": [
        -38.93283995750784,
        70.76322320419753,
        737.8543938193775
      ],
      "obj_id": 4
    },
    {
      "cam_R_m2c": [
        -0.5577123373127746,
        -0.8292615373523999,
        0.03579941018484817,
        -0.7948679926844842,
        0.5211656479541589,
        -0.3107588585716272,
        0.23904298072816177,
        -0.20176996616515164,
        -0.9498146127060737
      ],
      "cam_t_m2c": [
        24.846695181640648,
        68.97710079133984,
        715.4939182203353
      ],
      "obj_id": 4
    },
    {
      "cam_R_m2c": [
        0.053628687313948625,
        -0.3807464314127688,
        0.9231226981801811,
        -0.7242466063668835,
        -0.6512644402660086,
        -0.22654198986984236,
        0.687452390625574,
        -0.6564198498305804,
        -0.3106809293650451
      ],
      "cam_t_m2c": [
        8.35104321303117,
        -98.69523699450818,
        820.7296171881269
      ],
      "obj_id": 4
    },
    {
      "cam_R_m2c": [
        -0.8741164266245569,
        -0.4810585572606623,
        0.06710079585136998,
        0.45833125269248504,
        -0.7711940801568474,
        0.4418053434663478,
        -0.16078660710500106,
        0.41694386118487664,
        0.8945982063172798
      ],
      "cam_t_m2c": [
        38.187260121053285,
        13.562123209964835,
        751.7680551152264
      ],
      "obj_id": 4
    }
  ],
  "136": [
    {
      "cam_R_m2c": [
        0.9807808835444917,
        0.06831260541636922,
        0.18276172896660187,
        0.1431160042416407,
        -0.8885388854075934,
        -0.4359078297339399,
        0.13261307464631547,
        0.4536857836314025,
        -0.8812398432704124
      ],
      "cam_t_m2c": [
        30.854410614128593,
        -53.77273030865153,
        784.4335753175942
      ],
      "obj_id": 1
    },
    {
      "cam_R_m2c": [
        0.6898745413699835,
        0.7234862899087401,
        -0.025304767088010893,
        0.630375755323007,
        -0.6175421250321133,
        -0.4703906600150757,
        -0.35594751588601486,
        0.30855874693434654,
        -0.8820960507216201
      ],
      "cam_t_m2c": [
        88.20840918581048,
        -20.309120967289985,
        771.8136034458926
      ],
      "obj_id": 1
    },
    {
      "cam_R_m2c": [
        -0.7226887267168088,
        0.5823233620317999,
        0.37231710766536147,
        0.6173765348784047,
        0.3016772028274831,
        0.7265236587572689,
        0.3107528745264956,
        0.7549112488091246,
        -0.5775309910740987
      ],
      "cam_t_m2c": [
        50.70398691189236,
        -4.728446497806351,
        779.400085851558
      ],
      "obj_id": 1
    },
    {
      "cam_R_m2c": [
        -0.5611575165486266,
        -0.82722194656687,
        -0.028385106123313204,
        -0.7271674157290369,
        0.5090855108237962,
        -0.46049832920289596,
        0.3953843044242613,
        -0.23777117406117174,
        -0.8872072596170444
      ],
      "cam_t_m2c": [
        -38.04484671807819,
        10.297413962336567,
        751.5963704013504
      ],
      "obj_id": 2
    },
    {
      "cam_R_m2c": [
        -0.5914231267440329,
        0.7868571789287271,
        -0.1762784187130127,
        -0.758281053886519,
        -0.46834882088161517,
        0.4534957889060612,
        0.27427618489227573,
        0.401876307772944,
        0.8736524646191071
      ],
      "cam_t_m2c": [
        6.746285280974007,
        -8.205572403596687,
        766.0476106694501
      ],
      "obj_id": 2
    },
    {
      "cam_R_m2c": [
        -0.9826526295157362,
        0.06484309769286148,
        -0.17374917354205155,
        -0.14349784314330097,
        -0.8593391282456216,
        0.49086039080827226,
        -0.11748074429498119,
        0.507277421997726,
        0.8537379282554408
      ],
      "cam_t_m2c": [
        -84.32784819903907,
        -20.432546598199565,
        771.3368234927816
      ],
      "obj_id": 3
    },
    {
      "cam_R_m2c": [
        -0.6689778562083439,
        0.7356551360121234,
        0.10620585631575326,
        0.5835774608996083,
        0.6083424288300315,
        -0.5379184598207641,
        -0.4603317774141764,
        -0.297875707822158,
        -0.8362805711205842
      ],
      "cam_t_m2c": [
        -30.106975612540303,
        -41.69987180856282,
        777.6502443015696
      ],
      "obj_id": 3
    },
    {
      "cam_R_m2c": [
        -0.5931414787766051,
        -0.8050979393790294,
        0.00012124982615929998,
        -0.6761757487215393,
        0.49807885251836737,
        -0.5428658014757305,
        0.4369991921529163,
        -0.32207810742462445,
        -0.8398201318449495
      ],
      "cam_t_m2c": [
        74.29017306589866,
        32.12073598952043,
        740.9878232721937
      ],
      "obj_id": 3
    },
    {
      "cam_R_m2c": [
        -0.9118686682820555,
        -0.08993855855167111,
        0.4005074482194096,
        0.24670740873963207,
        0.6597329643811998,
        0.7098498701060458,
        -0.32807119289713266,
        0.7460993548793649,
        -0.5794013264336634
      ],
      "cam_t_m2c": [
        -85.13051031346224,
        31.560466411931035,
        754.2458046870925
      ],
      "obj_id": 4
    },
    {
      "cam_R_m2c": [
        0.04357555848606979,
        -0.9836870510687103,
        0.1745295269606256,
        -0.9100818876467219,
        -0.1111501412829395,
        -0.39924390065917986,
        0.41212965435297666,
        -0.1414390387145979,
        -0.900080495828467
      ],
      "cam_t_m2c": [
        -33.48401349844184,
        72.79281538054035,
        714.4479228433447
      ],
      "obj_id": 4
    },
    {
      "cam_R_m2c": [
        0.7243126037166077,
        -0.09452260250245592,
        0.6829614643369576,
        -0.3556800416329504,
        -0.8998016687983654,
        0.2526817980496118,
        0.5906459972503342,
        -0.4259376611503356,
        -0.6853574240289917
      ],
      "cam_t_m2c": [
        73.15340703249522,
        -64.71114459243127,
        803.6701131711249
      ],
      "obj_id": 4
    },
    {
      "cam_R_m2c": [
        -0.9712717220544144,
        0.1584711603511089,
        -0.1775322647583849,
        -0.2373043074241642,
        -0.7008238723755777,
        0.672704990617299,
        -0.017814789463751198,
        0.6955082405060242,
        0.7182975461086187
      ],
      "cam_t_m2c": [
        10.513044151362307,
        30.05589176411248,
        737.0170182465737
      ],
      "obj_id": 4
    }
  ],
  "147": [
    {
      "cam_R_m2c": [
        0.6290494315031263,
        0.7773367470011522,
        0.0066337141257001965,
        0.6833700235013279,
        -0.5489001348546818,
        -0.4813680791669566,
        -0.3705437663320128,
        0.3073370827917832,
        -0.8764940067579601
      ],
      "cam_t_m2c": [
        56.78488553299728,
        -12.139310126317689,
        770.1614607511837
      ],
      "obj_id": 1
    },
    {
      "cam_R_m2c": [
        0.013609047905141796,
        0.9998477497702905,
        0.010902235172386317,
        0.8908094714673322,
        -0.00717112000855685,
        -0.45432169220703184,
        -0.4541739911232484,
        0.01589435170972244,
        -0.8907715301607898
      ],
      "cam_t_m2c": [
        66.11099724416599,
        44.6396799886881,
        724.909110381364
      ],
      "obj_id": 1
    },
    {
      "cam_R_m2c": [
        -0.7707035077499674,
        0.4191581930236511,
        -0.47991899287384826,
        0.05838559942237113,
        0.7964623763010044,
        0.6018638229101863,
        0.6345137127787351,
        0.4358380379952428,
        -0.6383086030475768
      ],
      "cam_t_m2c": [
        29.135585373501574,
        25.049356636814174,
        754.6976457408371
      ],
      "obj_id": 1
    },
    {
      "cam_R_m2c": [
        0.17491457855788642,
        -0.9845373914660848,
        -0.009517633703787902,
        -0.6745614285968066,
        -0.1127908670653372,
        -0.7295521891212517,
        0.7171976340067149,
        0.13402976655910656,
        -0.6838596315646068
      ],
      "cam_t_m2c": [
        -40.29664809017626,
        -18.66164260057822,
        774.5882427674495
      ],
      "obj_id": 2
    },
    {
      "cam_R_m2c": [
        0.3716640883665007,
        0.9265051817019248,
        0.05876648692615262,
        -0.731361193205141,
        0.253217295470455,
        0.633240106128013,
        0.5718192492923355,
        -0.2783322280532006,
        0.7717217373425488
      ],
      "cam_t_m2c": [
        5.351847904500288,
        -11.990426278347943,
        760.5373898017972
      ],
      "obj_id": 2
    },
    {
      "cam_R_m2c": [
        -0.4628371840398488,
        0.8860386992645555,
        0.02677151597508141,
        -0.607715317252824,
        -0.33914770732598715,
        0.7180962473712845,
        0.6453404700189332,
        0.3160918785331645,
        0.6954293962666075
      ],
      "cam_t_m2c": [
        -35.36578799875949,
        -69.0824239935552,
        812.9506603699351
      ],
      "obj_id": 3
    },
    {
      "cam_R_m2c": [
        -0.9796284633010393,
        -0.11757920071427577,
        0.1627972312524214,
        -0.1905358450729272,
        0.8002810591646079,
        -0.5685486197697404,
        -0.06343361563080697,
        -0.5879847023011079,
        -0.8063811171779004
      ],
      "cam_t_m2c": [
        9.072272664573227,
        -46.29401129980235,
        795.3283390753285
      ],
      "obj_id": 3
    },
    {
      "cam_R_m2c": [
        0.26923398509722946,
        -0.9581351268865024,
        0.09741584258128497,
        -0.7508371968446551,
        -0.27217044388650424,
        -0.6018039597550427,
        0.6031227337396821,
        0.0888829591249937,
        -0.7926809732319422
      ],
      "cam_t_m2c": [
        10.291199628220955,
        53.57048587187319,
        711.701877011777
      ],
      "obj_id": 3
    },
    {
      "cam_R_m2c": [
        -0.9130091826449392,
        -0.35984799799468387,
        -0.19215438812535882,
        -0.3996013916639822,
        0.6941711569937603,
        0.5987039162387928,
        -0.0820541255365268,
