{
  "0": [
    {
      "cam_R_m2c": [
        0.9640511324795723,
        0.15089259849336573,
        -0.21871604462372624,
        0.1261850895196053,
        -0.9843619539954162,
        -0.12291886079583209,
        -0.23384393003096687,
        0.09090199176334801,
        -0.9680150740955948
      ],
      "cam_t_m2c": [
        43.36776373210319,
        -1.553748255930803,
        770.2897848910965
      ],
      "obj_id": 1
    },
    {
      "cam_R_m2c": [
        0.07976427856603327,
        0.9415794685178502,
        -0.32720859447708817,
        0.5921909194601435,
        -0.3088100480739622,
        -0.7442750325614105,
        -0.8018405429474369,
        -0.13440317494269496,
        -0.5822268885902924
      ],
      "cam_t_m2c": [
        84.82247423727485,
        49.089776946860326,
        745.3460760131142
      ],
      "obj_id": 1
    },
    {
      "cam_R_m2c": [
        -0.8344755597303137,
        -0.11973090469810914,
        -0.5378794914135894,
        -0.5177417724092434,
        0.5045512186781561,
        0.6909212121751992,
        0.1886630422309198,
        0.8550389568972797,
        -0.4830260037962474
      ],
      "cam_t_m2c": [
        46.29646794599194,
        56.80547161330794,
        762.3177775240285
      ],
      "obj_id": 1
    },
    {
      "cam_R_m2c": [
        0.16093090400055518,
        -0.8211502006397162,
        0.5475517937108103,
        -0.7657007105986773,
        -0.4539243189903165,
        -0.45569158198919835,
        0.6227394211091969,
        -0.34592598826211635,
        -0.7018056379794542
      ],
      "cam_t_m2c": [
        -41.24224039701089,
        0.23567186186558553,
        778.1191158564636
      ],
      "obj_id": 2
    },
    {
      "cam_R_m2c": [
        -0.26649198118315637,
        0.7867777967729833,
        0.556742384516493,
        -0.9131294518920612,
        -0.3909820739256162,
        0.1154469384979621,
        0.3085082661854299,
        -0.4776122295314598,
        0.8226231588354411
      ],
      "cam_t_m2c": [
        -8.597792578728544,
        5.94995679475106,
        753.436525548053
      ],
      "obj_id": 2
    },
    {
      "cam_R_m2c": [
        -0.8587549336154987,
        0.3202808159708886,
        -0.39995019530014225,
        -0.5095545514448818,
        -0.6157788115268948,
        0.6009742422416096,
        -0.05379967896216293,
        0.719886666819092,
        0.6920034222758116
      ],
      "cam_t_m2c": [
        -52.498778443997466,
        -51.089615196585854,
        793.4147409915598
      ],
      "obj_id": 3
    },
    {
      "cam_R_m2c": [
        -0.8174817546260511,
        0.5723684400015504,
        0.06417225146115876,
        0.4441284799692032,
        0.697389229113104,
        -0.5624922899556758,
        -0.3667058760285775,
        -0.4313274459225367,
        -0.8243077605326293
      ],
      "cam_t_m2c": [
        13.316071757266373,
        -50.04008477167155,
        774.5441643554528
      ],
      "obj_id": 3
    },
    {
      "cam_R_m2c": [
        0.6229373761470393,
        -0.7383130701867548,
        -0.25853982421033184,
        -0.6444235539171079,
        -0.2969687784805298,
        -0.7046467216334569,
        0.44347263209227455,
        0.6055601831749744,
        -0.6607791576464901
      ],
      "cam_t_m2c": [
        7.493580850591279,
        84.32010230431965,
        736.9030505738726
      ],
      "obj_id": 3
    },
    {
      "cam_R_m2c": [
        -0.619382819947084,
        -0.764557211601104,
        0.17837263489043725,
        -0.5169981302119487,
        0.5681919920178069,
        0.6402113231186916,
        -0.5908278171457559,
        0.3043172062577574,
        -0.7472038325586043
      ],
      "cam_t_m2c": [
        -92.06155996007467,
        2.1311025138209025,
        768.1685035679412
      ],
      "obj_id": 4
    },
    {
      "cam_R_m2c": [
        0.990848079659925,
        -0.13457835112905178,
        -0.010433387574059637,
        -0.13491816724038655,
        -0.9898009018730408,
        -0.04573370162750425,
        -0.004171696214957026,
        0.04672327526019295,
        -0.9988986490884192
      ],
      "cam_t_m2c": [
        -88.36191546238622,
        33.62588241784928,
        742.5115371566111
      ],
      "obj_id": 4
    },
    {
      "cam_R_m2c": [
        0.8864521197509643,
        0.06329589700340885,
        -0.45847168067179966,
        0.44192123847217823,
        -0.41007012940304877,
        0.7978397707702938,
        -0.13750582653421045,
        -0.9098543720429265,
        -0.39147967589433247
      ],
      "cam_t_m2c": [
        93.06413856261219,
        -2.9798505010134893,
        770.6127581699942
      ],
      "obj_id": 4
    },
    {
      "cam_R_m2c": [
        -0.07042102175989949,
        0.8580538917122806,
        -0.5087081735442935,
        -0.9810655777155162,
        -0.1518158276356902,
        -0.12026194108604915,
        -0.18042063818082169,
        0.4906073924241418,
        0.8524974567044157
      ],
      "cam_t_m2c": [
        -26.120688246488445,
        46.3741144216807,
        757.3363366432573
      ],
      "obj_id": 4
    }
  ],
  "100": [
    {
      "cam_R_m2c": [
        -0.9012864396742634,
        -0.24472600438865555,
        -0.3574801457921581,
        0.17763001733286216,
        0.5438565232451738,
        -0.8201631933272199,
        0.3951335998559103,
        -0.802700801110479,
        -0.4466997074811558
      ],
      "cam_t_m2c": [
        -40.46538483136143,
        39.05363917979895,
        750.7532245986832
      ],
      "obj_id": 1
    },
    {
      "cam_R_m2c": [
        -0.6511796592260989,
        -0.4830173717463109,
        -0.5853715017031367,
        -0.5038547334553987,
        0.8519544583502874,
        -0.14248989502403436,
        0.567534976657396,
        0.20215558086856195,
        -0.7981460905109351
      ],
      "cam_t_m2c": [
        -105.60475176780471,
        19.30028867758765,
        745.9647858477517
      ],
      "obj_id": 1
    },
    {
      "cam_R_m2c": [
        0.45082583779658925,
        -0.8117837004819726,
        -0.3711649058217376,
        0.568777095194467,
        0.5817246203565898,
        -0.5814547556964619,
        0.6879308520897798,
        0.05102509673524653,
        0.7239798501985601
      ],
      "cam_t_m2c": [
        -77.34407983359748,
        3.074956717322393,
        783.4748231875824
      ],
      "obj_id": 1
    },
    {
      "cam_R_m2c": [
        0.3563345551960684,
        0.7180813944425624,
        0.5978164420717379,
        0.9340019398021262,
        -0.29142623073859164,
        -0.20666725084700469,
        0.025816043706352793,
        0.6320039625927855,
        -0.7745350192238342
      ],
      "cam_t_m2c": [
        6.270213536814463,
        -30.804061916790474,
        768.7174004317004
      ],
      "obj_id": 2
    },
    {
      "cam_R_m2c": [
        0.9502003459187186,
        -0.28545850563854447,
        -0.1250326184463417,
        0.30297117352347214,
        0.9401315358372897,
        0.1560776432676664,
        0.07299390903190202,
        -0.18618631583195328,
        0.9797994523994689
      ],
      "cam_t_m2c": [
        -33.19523645631279,
        -6.01980452397686,
        767.585827210487
      ],
      "obj_id": 2
    },
    {
      "cam_R_m2c": [
        0.8717099421601926,
        0.48390276515666825,
        0.07720402361426948,
        -0.48997790623453835,
        0.8628694018807754,
        0.12400452297932993,
        -0.006610592679964629,
        -0.1459239615810764,
        0.9892738558323843
      ],
      "cam_t_m2c": [
        73.80661236117905,
        21.218148052529187,
        742.775476828802
      ],
      "obj_id": 3
    },
    {
      "cam_R_m2c": [
        0.6590907822181844,
        -0.6872078341849329,
        0.30552378381095563,
        -0.12740263594223622,
        -0.5024004780601973,
        -0.8551975855371754,
        0.7411930190438272,
        0.5247280321873857,
        -0.4186796558292
      ],
      "cam_t_m2c": [
        24.961321715069126,
        38.95379487358581,
        734.3111636487034
      ],
      "obj_id": 3
    },
    {
      "cam_R_m2c": [
        -0.04962993916053629,
        0.9449581499267299,
        -0.3234046244101151,
        0.9710246259910543,
        -0.030136311052457256,
        -0.23707217694966007,
        -0.23376944193535043,
        -0.3257995550918033,
        -0.9160821899887241
      ],
      "cam_t_m2c": [
        -81.55062247243158,
        -31.497510452406086,
        772.153153629429
      ],
      "obj_id": 3
    },
    {
      "cam_R_m2c": [
        0.47868386397659757,
        0.10840454116921949,
        -0.8712697045158937,
        -0.7842047760451436,
        -0.39345871553748013,
        -0.47980426596739184,
        -0.3948215700408664,
        0.9129286652590677,
        -0.10333129334903353
      ],
      "cam_t_m2c": [
        77.36074992908925,
        -24.41322644899297,
        790.4919317359414
      ],
      "obj_id": 4
    },
    {
      "cam_R_m2c": [
        0.25073868087606377,
        0.9622923229371287,
        0.10547015409393168,
        0.4455256409580773,
        -0.01798298506050948,
        -0.8950887187032109,
        -0.8594395683600676,
        0.2714227099086378,
        -0.433235016167532
      ],
      "cam_t_m2c": [
        19.278341546310525,
        -72.25048143582264,
        794.5518552339724
      ],
      "obj_id": 4
    },
    {
      "cam_R_m2c": [
        -0.9825807080196322,
        0.12990061721171123,
        -0.13289264176581883,
        0.16461567468305202,
        0.27657560755744126,
        -0.9467882478415908,
        -0.08623308041040023,
        -0.952172061691288,
        -0.2931420889459993
      ],
      "cam_t_m2c": [
        -98.5814986104002,
        77.92732035633775,
        745.2978342542037
      ],
      "obj_id": 4
    },
    {
      "cam_R_m2c": [
        0.6208414129154483,
        -0.6255075208476137,
        0.47254185486253825,
        0.4653009187699203,
        0.779144872568963,
        0.4200341253477492,
        -0.6309131371737154,
        -0.04090042478082847,
        0.7747746701958074
      ],
      "cam_t_m2c": [
        -35.103432894856965,
        -36.94096722742303,
        767.6931944375317
      ],
      "obj_id": 4
    }
  ],
  "108": [
    {
      "cam_R_m2c": [
        -0.7842067191036998,
        -0.5264168337075985,
        -0.3284888445676234,
        -0.05539191732695468,
        0.5866717593626044,
        -0.8079284991497023,
        0.6180223894421154,
        -0.6153874626967187,
        -0.4892304879470339
      ],
      "cam_t_m2c": [
        -62.07062336522392,
        15.854929025009547,
        751.9862524541187
      ],
      "obj_id": 1
    },
    {
      "cam_R_m2c": [
        -0.18309742578302016,
        -0.9313809780462692,
        -0.31464978604266197,
        -0.9800173769321167,
        0.14761720453867738,
        0.13332487524285885,
        -0.07772925868289716,
        0.3327737308572285,
        -0.9397977659397465
      ],
      "cam_t_m2c": [
        -89.59267270886113,
        -39.7750780742997,
        796.7413119527866
      ],
      "obj_id": 1
    },
    {
      "cam_R_m2c": [
        0.5936759176522695,
        -0.7729481715461509,
        0.22382954147733863,
        0.7706290069555028,
        0.4660155634638092,
        -0.43469644273991304,
        0.23168922876473177,
        0.43055794786041984,
        0.872318683554757
      ],
      "cam_t_m2c": [
        -51.05996197192546,
        -14.259825934089136,
        783.6214488988373
      ],
      "obj_id": 1
    },
    {
      "cam_R_m2c": [
        -0.5771417221300029,
        0.8145880498393069,
        0.05791243980539133,
        0.7750708956726521,
        0.568719371968555,
        -0.27536128670755106,
        -0.25724143664355903,
        -0.1140362006233539,
        -0.9595947906169063
      ],
      "cam_t_m2c": [
        12.171865289862467,
        7.698996069544998,
        768.5572022240323
      ],
      "obj_id": 2
    },
    {
      "cam_R_m2c": [
        -0.11975126607871121,
        -0.958108659343794,
        -0.26016753652951763,
        0.981147456678626,
        -0.07417039493481187,
        -0.17846225993120554,
        0.1516902214246176,
        -0.2766337053900953,
        0.9489277761028359
      ],
      "cam_t_m2c": [
        -9.973648692799081,
        -9.691237213776255,
        773.7140152084379
      ],
      "obj_id": 2
    },
    {
      "cam_R_m2c": [
        0.40541989424635155,
        -0.7031527691944819,
        0.5841322881365463,
        0.4392920927783717,
        0.7102447840682362,
        0.5500688597497361,
        -0.8016591040832739,
        0.033595726707789354,
        0.5968363071314707
      ],
      "cam_t_m2c": [
        23.307526058280782,
        64.89332796753337,
        733.3163912480011
      ],
      "obj_id": 3
    },
    {
      "cam_R_m2c": [
        0.8078285486566865,
        -0.3521413409219567,
        0.47266171596708856,
        0.0972783139925066,
        -0.7112634005272673,
        -0.696162474049372,
        0.5813343501741052,
        0.6083596507027769,
        -0.5403226471887516
      ],
      "cam_t_m2c": [
        -9.234229114311457,
        38.96068972735738,
        754.7769925924808
      ],
      "obj_id": 3
    },
    {
      "cam_R_m2c": [
        0.2531861786609481,
        0.9189675635480058,
        -0.3023167442950494,
        0.964893917855921,
        -0.2624370851312188,
        0.010340434563786456,
        -0.06983607237030375,
        -0.2943214038126568,
        -0.9531513587108972
      ],
      "cam_t_m2c": [
        -31.251501274519985,
        -70.60346571191565,
        795.4757428144435
      ],
      "obj_id": 3
    },
    {
      "cam_R_m2c": [
        0.8069550566906539,
        0.5844943280803279,
        0.08479149216963698,
        -0.35884804886032123,
        0.5992432592343233,
        -0.7156368529144317,
        -0.46909619780446027,
        0.5470589619273319,
        0.6933074322991686
      ],
      "cam_t_m2c": [
        59.59938563546997,
        6.8420957586199975,
        769.3458640784794
      ],
      "obj_id": 4
    },
    {
      "cam_R_m2c": [
        -0.4386851067966836,
        0.6293708911698656,
        0.6414415884602367,
        0.5219191077311415,
        0.7595049697703468,
        -0.3882699686615327,
        -0.7315435929341856,
        0.1644523242937662,
        -0.6616637900850674
      ],
      "cam_t_m2c": [
        69.1251749685678,
        -55.1888793263136,
        761.4612877539419
      ],
      "obj_id": 4
    },
    {
      "cam_R_m2c": [
        -0.9183943745526859,
        0.14838623221995162,
        -0.366787294993662,
        0.3953071637540146,
        0.38357511999817234,
        -0.8346274718744491,
        0.016843322094117246,
        -0.9115103836466655,
        -0.4109318605723896
      ],
      "cam_t_m2c": [
        -110.51876486672757,
        15.54048804334877,
        776.3336049309811
      ],
      "obj_id": 4
    },
    {
      "cam_R_m2c": [
        0.8431570402504711,
        -0.3962958613226476,
        -0.36336678520156324,
        0.522459713958049,
        0.7634838766499518,
        0.37964345509932707,
        0.12697369213236875,
        -0.5099432339232538,
        0.8507850308340762
      ],
      "cam_t_m2c": [
        -0.4037699358287341,
        -34.25270018061076,
        779.4637904947141
      ],
      "obj_id": 4
    }
  ],
  "11": [
    {
      "cam_R_m2c": [
        0.14392761681562682,
        0.8295021652816479,
        -0.5396392658776278,
        0.8916603901919078,
        -0.3452268745361884,
        -0.2928474799525852,
        -0.42921590327346265,
        -0.43902617938618216,
        -0.7893224745031704
      ],
      "cam_t_m2c": [
        51.38953879226737,
        45.797448196982444,
        740.5056111808049
      ],
      "obj_id": 1
    },
    {
      "cam_R_m2c": [
        -0.6621243351505687,
        0.4650312170874053,
        0.5876537746228078,
        0.5951355221101537,
        0.8028526888323453,
        0.035228827023704556,
        -0.4554168968044791,
        0.373059227363594,
        -0.8083452996494956
      ],
      "cam_t_m2c": [
        -12.497175529992287,
        92.90642133491644,
        720.0382514445771
      ],
      "obj_id": 1
    },
    {
      "cam_R_m2c": [
        -0.37415615264046864,
        -0.21496007774188014,
        -0.9021080052665043,
        -0.046407043022173154,
        0.9758854467525725,
        -0.21329243428310604,
        0.9262039571135035,
        -0.03794027760406053,
        -0.375109117938819
      ],
      "cam_t_m2c": [
        -22.73056513653724,
        54.25217980292571,
        761.9737107337778
      ],
      "obj_id": 1
    },
    {
      "cam_R_m2c": [
        0.4728989656519773,
        -0.6844921237148955,
        -0.5548302838378656,
        -0.8223722435420631,
        -0.5689486844301941,
        0.0009766928380836864,
        -0.3163382505338996,
        0.4558153451809469,
        -0.8319630729514539
      ],
      "cam_t_m2c": [
        -29.56951574621533,
        -9.240757350340356,
        776.8950293151598
      ],
      "obj_id": 2
    },
    {
      "cam_R_m2c": [
        0.46005705127256635,
        0.8405478909125657,
        -0.2860532265582868,
        -0.538758688247243,
        0.5203552684331416,
        0.662547430517109,
        0.7057520744372637,
        -0.1506962537994813,
        0.692246058453147
      ],
      "cam_t_m2c": [
        -10.36293781637257,
        32.79132442491051,
        760.033230075063
      ],
      "obj_id": 2
    },
    {
      "cam_R_m2c": [
        0.4433416914912374,
        0.8943053833954143,
        0.06054243638491855,
        -0.8279765099420388,
        0.4344613775439211,
        -0.3545394719194336,
        -0.34336969406464934,
        0.107054329826115,
        0.9330790629563163
      ],
      "cam_t_m2c": [
        34.85987403208836,
        -58.5566021245389,
        771.2975226824941
      ],
      "obj_id": 3
    },
    {
      "cam_R_m2c": [
        -0.36942651123937464,
        -0.8721825434502714,
        0.3206572917654377,
        -0.827102770913324,
        0.4659101205491658,
        0.31437038959370023,
        -0.42358561756230595,
        -0.14907978840294175,
        -0.8935045114221264
      ],
      "cam_t_m2c": [
        50.04116457627349,
        -10.192111188133397,
        758.4805860594257
      ],
      "obj_id": 3
    },
    {
      "cam_R_m2c": [
        0.7459529219164629,
        -0.24300047148781936,
        -0.6200843793882966,
        -0.3829761731356211,
        -0.9182337548922852,
        -0.10087478524594184,
        -0.5448695817290522,
        0.3127256126518261,
        -0.7780230026725102
      ],
      "cam_t_m2c": [
        -45.47735731219618,
        77.47253562892743,
        744.9587597278443
      ],
      "obj_id": 3
    },
    {
      "cam_R_m2c": [
        0.20098772462770614,
        -0.7511712047585685,
        -0.6287649211448451,
        -0.975041815764257,
        -0.09160084615853938,
        -0.20224333176873335,
        0.09432411151859003,
        0.6537210981164956,
        -0.7508340594913311
      ],
      "cam_t_m2c": [
        -49.71190813937386,
        -56.094579164686834,
        792.4301776843879
      ],
      "obj_id": 4
    },
    {
      "cam_R_m2c": [
        0.7110675141843781,
        0.37604818834493503,
        0.59411307118912,
        0.5827340857241675,
        -0.7880027571728297,
        -0.19867636041714135,
        0.39345061530230174,
        0.4874824329398537,
        -0.7794597584230776
      ],
      "cam_t_m2c": [
        -84.82388053890287,
        -37.45208588071177,
        747.7155624538086
      ],
      "obj_id": 4
    },
    {
      "cam_R_m2c": [
        0.4089142687926203,
        0.45293227886533133,
        -0.7922378697914912,
        0.7817126869857106,
        -0.6217887808780989,
        0.047997235819051506,
        -0.47086514348492914,
        -0.6389296584150232,
        -0.6083215268598726
      ],
      "cam_t_m2c": [
        52.26615586846691,
        80.49100359636458,
        746.6111430045912
      ],
      "obj_id": 4
    },
    {
      "cam_R_m2c": [
        0.708114603994368,
        0.6057300760962218,
        -0.3628555718797465,
        -0.4034517410287577,
        0.7688328999491167,
        0.4961071321917398,
        0.5794825594088411,
        -0.2049060625289611,
        0.7888052626503703
      ],
      "cam_t_m2c": [
        -57.60310969373746,
        13.345874867086732,
        736.4423052630032
      ],
      "obj_id": 4
    }
  ],
  "118": [
    {
      "cam_R_m2c": [
        0.6114846977570201,
        -0.7492683721018023,
        0.25432673418984275,
        -0.5322019230032421,
        -0.6273164458317776,
        -0.5685382135639784,
        0.5855314159227347,
        0.21229922352915406,
        -0.7823563934940994
      ],
      "cam_t_m2c": [
        -57.41927984586074,
        -26.953262581562477,
        786.2091022722959
      ],
      "obj_id": 1
    },
    {
      "cam_R_m2c": [
        0.6468108264095265,
        -0.5623918914820608,
        0.5151212600058118,
        -0.16474793794214349,
        -0.7625245598648506,
        -0.6256315175803334,
        0.7446427376953748,
        0.3198001957649341,
        -0.5858622757504008
      ],
      "cam_t_m2c": [
        -14.236705966497066,
        -101.25945844078345,
        817.7475831589156
      ],
      "obj_id": 1
    },
    {
      "cam_R_m2c": [
        0.7505065479432869,
        0.07495935252220261,
        0.6565985643296074,
        0.6078377363598763,
        -0.4682369192822665,
        -0.6413161997103294,
        0.25937052586032294,
        0.8804174190427766,
        -0.3969775875186277
      ],
      "cam_t_m2c": [
        -2.0783846289084345,
        -40.06182384066888,
        806.7331819117265
      ],
      "obj_id": 1
    },
    {
      "cam_R_m2c": [
        -0.7176213066941202,
        0.5442496312074199,
        0.43452388227088423,
        0.6321958420834858,
        0.7708085297589556,
        0.07862773192991929,
        -0.2921421269911346,
        0.33112991231578737,
        -0.897221260311569
      ],
      "cam_t_m2c": [
        5.518228207583148,
        5.172636922740374,
        756.273670261786
      ],
      "obj_id": 2
    },
    {
      "cam_R_m2c": [
        -0.9239838644855859,
        -0.3778173003663902,
        0.059223268912631466,
        0.21789883587922096,
        -0.39284883926162745,
        0.8934144031564636,
        -0.3142815701147029,
        0.8384058218618072,
        0.44531182719674445
      ],
      "cam_t_m2c": [
        -1.8421926852632087,
        -19.713280612269635,
        762.5694072882956
      ],
      "obj_id": 2
    },
    {
      "cam_R_m2c": [
        -0.15785143532979057,
        -0.8889859685394588,
        -0.4298673571716175,
        0.9873871629862333,
        -0.13671912939169248,
        -0.07983806949102285,
        0.012203934411178995,
        -0.4370490076232877,
        0.8993549133704676
      ],
      "cam_t_m2c": [
        -43.50832017264021,
        53.795097788659035,
        736.0756404257701
      ],
      "obj_id": 3
    },
    {
      "cam_R_m2c": [
        0.9505450282758725,
        0.19470914755525742,
        0.24197662051617957,
        0.30588479314020317,
        -0.7219421384164342,
        -0.6206711799114266,
        0.05384327074629043,
        0.6639931201220443,
        -0.7457975033467271
      ],
      "cam_t_m2c": [
        -38.26592168999237,
        13.710708706762752,
        742.2947737924375
      ],
      "obj_id": 3
    },
    {
      "cam_R_m2c": [
        -0.7510058792382656,
        0.2134040191515429,
        0.6248580536908355,
        -0.012885920130122106,
        0.9414157752274156,
        -0.3370023961325317,
        -0.6601691298094828,
        -0.2611423728674113,
        -0.7042592648917854
      ],
      "cam_t_m2c": [
        27.70318862368801,
        -88.11953641236917,
        789.486698781973
      ],
      "obj_id": 3
    },
    {
      "cam_R_m2c": [
        0.5084416363793506,
        0.14512606895475966,
        0.8487785601160379,
        0.22519062974042792,
        0.9289829804791425,
        -0.2937337209829698,
        -0.8311295571151774,
        0.34048351140953825,
        0.4396523365562564
      ],
      "cam_t_m2c": [
        31.387546380266034,
        73.45430721988662,
        752.4302765093241
      ],
      "obj_id": 4
    },
    {
      "cam_R_m2c": [
        -0.8653585126578962,
        -0.1122210127008779,
        -0.4884274370177533,
        -0.11353735013179697,
        0.9931657088143475,
        -0.027034088449389187,
        0.4881227578721847,
        0.03206005357859813,
        -0.8721852505501707
      ],
      "cam_t_m2c": [
        79.62944098144598,
        -0.30413835516651844,
        736.5962909336849
      ],
      "obj_id": 4
    },
    {
      "cam_R_m2c": [
        -0.24643488337139816,
        -0.6067011605847518,
        0.7557665553864138,
        -0.013444013940274033,
        -0.7776021168044565,
        -0.6286123925824392,
        0.9690660934392192,
        -0.165072138698013,
        0.18347196986137862
      ],
      "cam_t_m2c": [
        -90.36882980268807,
        -84.12002238642651,
        800.7116118082943
      ],
      "obj_id": 4
    },
    {
      "cam_R_m2c": [
        0.027888896846784486,
        -0.9327803149338136,
        -0.35936398167274625,
        0.603362039058308,
        -0.2709214591139267,
        0.7500370878009385,
        -0.7969791139391614,
        -0.2377443451674616,
        0.5552490105195372
      ],
      "cam_t_m2c": [
        28.091977647860222,
        -12.069835093384032,
        770.5484096277468
      ],
      "obj_id": 4
    }
  ],
  "128": [
    {
      "cam_R_m2c": [
        0.6252970247195713,
        -0.4533717686421403,
        -0.6351831070572338,
        -0.7453455387286954,
        -0.5881204305260734,
        -0.31396516832272187,
        -0.2312209045262244,
        0.6697522949073372,
        -0.7056690145170865
      ],
      "cam_t_m2c": [
        -10.058395269325148,
        -79.54073464122798,
        798.8149851022135
      ],
      "obj_id": 1
    },
    {
      "cam_R_m2c": [
        0.9773903153521959,
        0.19177380640241537,
        0.0890523209150992,
        0.1638129323882806,
        -0.42049738080578536,
        -0.8923830817464438,
        -0.13368937994765837,
        0.8867945549977989,
        -0.44240545206028625
      ],
      "cam_t_m2c": [
        58.107166392861785,
        -83.27039103140204,
        787.6979884153467
      ],
      "obj_id": 1
    },
    {
      "cam_R_m2c": [
        -0.13903670599151438,
        -0.19475766027632202,
        0.9709469125909772,
        0.9553466750062763,
        -0.28452654575520914,
        0.07973111907883101,
        0.26073234247639276,
        0.9386769044947605,
        0.22562053417244043
      ],
      "cam_t_m2c": [
        28.663111101617098,
        -26.387298529958944,
        806.9260577167988
      ],
      "obj_id": 1
    },
    {
      "cam_R_m2c": [
        -0.9830367158540274,
        0.15207156601787783,
        0.1025304558163505,
        -0.026739219655405037,
        0.43422675386998144,
        -0.9004067965211014,
        -0.1814475746409493,
        -0.8878745193653236,
        -0.4227949513286688
      ],
      "cam_t_m2c": [
        -20.01116356646881,
        8.034366456420216,
        745.9221726762735
      ],
      "obj_id": 2
    },
    {
      "cam_R_m2c": [
        -0.8219645583169028,
        0.4335926659271902,
        0.36928479282580456,
        0.044106671635521955,
        -0.5979844070716386,
        0.8002932843511932,
        0.5678276842010918,
        0.6741007505586541,
        0.47239799696686974
      ],
      "cam_t_m2c": [
        7.436959319666752,
        -25.272415518396055,
        775.722226909571
      ],
      "obj_id": 2
    },
    {
      "cam_R_m2c": [
        -0.8740871457201347,
        -0.4703360876916136,
        0.12147024279561006,
        0.4434485376610253,
        -0.8746677690983697,
        -0.1957283123245287,
        0.19830399268905627,
        -0.11721780024389684,
        0.9731063009919978
      ],
      "cam_t_m2c": [
        -94.63332977814386,
        23.638890281074513,
        749.503630509172
      ],
      "obj_id": 3
    },
    {
      "cam_R_m2c": [
        0.036662837576486904,
        0.7820840801821659,
        0.6220933048544632,
        0.8058460196670031,
        0.3450075829724969,
        -0.48122954944449853,
        -0.5909888500156767,
        0.5189543977355978,
        -0.6175908882561408
      ],
      "cam_t_m2c": [
        -44.95273196169213,
        -32.94119040251114,
        765.1735165348681
      ],
      "obj_id": 3
    },
    {
      "cam_R_m2c": [
        -0.8904886109898698,
        -0.4461737569040973,
        -0.08920979754924983,
        -0.45476289140514736,
        0.8663463325992373,
        0.20648157680433216,
        -0.014840181088257947,
        0.22443864239093195,
        -0.9743754075929516
      ],
      "cam_t_m2c": [
        86.4405168232152,
        -8.574453042003348,
        770.2104154124104
      ],
      "obj_id": 3
    },
    {
      "cam_R_m2c": [
        -0.6103949932208231,
        0.2755939500890664,
        0.7426071418369495,
        0.19422382256022738,
        0.9609748767637902,
        -0.19698885136887323,
        -0.767915927838478,
        0.023991277745078993,
        -0.6401011915922853
      ],
      "cam_t_m2c": [
        -30.695166771919475,
        58.501988162830585,
        745.3755346667475
      ],
      "obj_id": 4
    },
    {
      "cam_R_m2c": [
        -0.2946531091157833,
        -0.7886703477062107,
        -0.5396095106767851,
        -0.8420406774529807,
        0.4812707899301978,
        -0.24360982202380158,
        0.4518260355750552,
        0.38259241837072344,
        -0.8059009213675119
      ],
      "cam_t_m2c": [
        43.39449575797268,
        66.3850689725701,
        717.3277897060664
      ],
      "obj_id": 4
    },
    {
      "cam_R_m2c": [
        -0.14375446903148698,
        -0.42593261593355625,
        0.8932611709024879,
        -0.046084418847071255,
        -0.898776379451893,
        -0.43597872887379197,
        0.9885397570592619,
        -0.10383959679959287,
        0.10957398171227703
      ],
      "cam_t_m2c": [
        20.660679207085423,
        -100.62036766813485,
        820.7804257900152
      ],
      "obj_id": 4
    },
    {
      "cam_R_m2c": [
        -0.9215632660245106,
        -0.1122910357657374,
        -0.3716333053650437,
        0.06616387857861304,
        -0.9886797654820699,
        0.1346643104185218,
        -0.38254788641365745,
        0.09951317890313204,
        0.9185611786420952
      ],
      "cam_t_m2c": [
        29.25286261392147,
        17.50212584773132,
        736.160592426396
      ],
      "obj_id": 4
    }
  ],
  "136": [
    {
      "cam_R_m2c": [
        0.8076699091183746,
        -0.42895893350157044,
        -0.404552999593129,
        -0.5806151715596987,
        -0.6981383168677847,
        -0.4189134678136725,
        -0.10273704406383434,
        0.5732328297468599,
        -0.8129265181859926
      ],
      "cam_t_m2c": [
        34.423857756382304,
        -40.2568627039761,
        776.1605071185203
      ],
      "obj_id": 1
    },
    {
      "cam_R_m2c": [
        0.6397181513686088,
        0.7676737486136395,
        -0.03791213358014894,
        0.3042561871817963,
        -0.2982222187454461,
        -0.9047056956329917,
        -0.705824318910908,
        0.5672210434396912,
        -0.42434823127014615
      ],
      "cam_t_m2c": [
        98.35371324361044,
        -27.883437014316108,
        762.8025927505901
      ],
      "obj_id": 1
    },
    {
      "cam_R_m2c": [
        -0.7402112922287306,
        0.6546943990856037,
        0.15317342460803662,
        0.6633081877320282,
        0.6737457253972499,
        0.32571417234072614,
        0.11004372546053681,
        0.34269894596753464,
        -0.9329774279025304
      ],
      "cam_t_m2c": [
        33.889980875679356,
        -8.131977045391956,
        772.5251654732086
      ],
      "obj_id": 1
    },
    {
      "cam_R_m2c": [
        -0.513244924065517,
        -0.7897899995816208,
        -0.3358738640122156,
        -0.84957586734985,
        0.5230128232903237,
        0.06838947481510367,
        0.1216529925643292,
        0.320450746077744,
        -0.9394215103847122
      ],
      "cam_t_m2c": [
        -39.44989775532832,
        -1.6977484460762913,
        747.3662661887789
      ],
      "obj_id": 2
    },
    {
      "cam_R_m2c": [
        -0.546374903943336,
        0.5518632113771021,
        0.630017249449356,
        -0.41292097163721647,
        -0.8319398558631906,
        0.3706367629514823,
        0.7286766310600934,
        -0.057640931263933264,
        0.6824278685250521
      ],
      "cam_t_m2c": [
        -1.501976942659447,
        -13.313852369568934,
        781.0239860628171
      ],
      "obj_id": 2
    },
    {
      "cam_R_m2c": [
        -0.8150543044324907,
        -0.1990753805575936,
        -0.5441096372044798,
        0.06236887977594765,
        -0.9638056294307771,
        0.2592060403352447,
        -0.5760174912471278,
        0.17733146662226382,
        0.7979712275939658
      ],
      "cam_t_m2c": [
        -91.71839924896523,
        -12.069486017802113,
        777.166386922651
      ],
      "obj_id": 3
    },
    {
      "cam_R_m2c": [
        -0.46739396133486943,
        0.883709869480181,
        -0.02447696028886512,
        0.4360248273383723,
        0.206351102727937,
        -0.8759578687677733,
        -0.7690413546205962,
        -0.42008929545118745,
        -0.48176741019325275
      ],
      "cam_t_m2c": [
        -40.91839225865941,
        -43.60315938196167,
        794.3206124108614
      ],
      "obj_id": 3
    },
    {
      "cam_R_m2c": [
        -0.42952555835153344,
        -0.8915700685323551,
        0.14356258097351268,
        -0.866786362306281,
        0.4516327869255618,
        0.2114427446924339,
        -0.25335340492951985,
        -0.033618168773187955,
        -0.9667899968590024
      ],
      "cam_t_m2c": [
        83.17894293766975,
        33.445280595269494,
        755.432697586097
      ],
      "obj_id": 3
    },
    {
      "cam_R_m2c": [
        -0.9798881165071056,
        0.1582739637207505,
        -0.12152588429598202,
        0.050695316776046453,
        0.7864801654834773,
        0.615530932622882,
        0.19299996195749353,
        0.5969916897798216,
        -0.7786861252599576
      ],
      "cam_t_m2c": [
        -77.23599913145038,
        49.017480255433185,
        754.5276046157583
      ],
      "obj_id": 4
    },
    {
      "cam_R_m2c": [
        -0.18785598665679293,
        -0.9545957943102995,
        -0.2312068192579856,
        -0.9745217999878607,
        0.1517822987295543,
        0.16513106764675467,
        -0.12254025111252274,
        0.25633683562344933,
        -0.9587889674959365
      ],
      "cam_t_m2c": [
        -24.446988123772314,
        80.75829229570432,
        709.1094429962596
      ],
      "obj_id": 4
    },
    {
      "cam_R_m2c": [
        0.3268863586656855,
        0.28935795904784684,
        0.8996760422421501,
        -0.7273830504035504,
        -0.5307521263403349,
        0.43498839675532674,
        0.6033729696386021,
        -0.7966019135448121,
        0.03697790164750239
      ],
      "cam_t_m2c": [
        85.01373409254393,
        -64.24083078208959,
        817.0942709273742
      ],
      "obj_id": 4
    },
    {
      "cam_R_m2c": [
        -0.903595324596144,
        0.07796845719439471,
        0.42123183893131944,
        -0.032026199792167434,
        -0.992840398045814,
        0.1150699880576242,
        0.42718762974026847,
        0.09048638050705564,
        0.8996242048190355
      ],
      "cam_t_m2c": [
        8.961922395366418,
        28.56811599170717,
        752.8863921279344
      ],
      "obj_id": 4
    }
  ],
  "147": [
    {
      "cam_R_m2c": [
        -0.06752323785722858,
        0.9704011313174576,
        0.23186738613894656,
        0.7456557901770576,
        0.20349100867590625,
        -0.6344993217572361,
        -0.6629015869545261,
        0.13004965385053976,
        -0.737325642861626
      ],
      "cam_t_m2c": [
        66.54477434892107,
        1.191361822164696,
        768.7046966993206
      ],
      "obj_id": 1
    },
    {
      "cam_R_m2c": [
        0.5080144049226148,
        0.7650005284554909,
        -0.3958480535245166,
        0.6153108317178675,
        -0.6439068054982895,
        -0.45472771404708945,
        -0.6027559038411823,
        -0.01256166370232694,
        -0.797827050359268
      ],
      "cam_t_m2c": [
        70.79115803995606,
        30.808430030903814,
        717.5377039413246
      ],
      "obj_id": 1
    },
    {
      "cam_R_m2c": [
        -0.9360123166056057,
        0.14538655166897058,
        -0.3205367825783012,
        -0.20858564670918195,
        0.5044160731811274,
        0.837888626738025,
        0.2835020245638265,
        0.8511332908045455,
        -0.44181330216628745
      ],
      "cam_t_m2c": [
        32.470448887573454,
        20.617190635665228,
        766.3413415919028
      ],
      "obj_id": 1
    },
    {
      "cam_R_m2c": [
        -0.41387953364191576,
        -0.9075649897207103,
        0.07091923208594594,
        -0.47014281482408454,
        0.14638798252583793,
        -0.8703663602104548,
        0.7795320020814503,
        -0.39356826754369245,
        -0.487271832985403
      ],
      "cam_t_m2c": [
        -29.989148406001654,
        -9.779667684478376,
        776.6008841958109
      ],
      "obj_id": 2
    },
    {
      "cam_R_m2c": [
        0.5043459239298831,
        0.6968554325968483,
        -0.5099295522104851,
        -0.34692485701597986,
        0.7043025473797249,
        0.6193557393126956,
        0.7907458352522349,
        -0.13546256838565077,
        0.5969684177948605
      ],
      "cam_t_m2c": [
        13.586621390803579,
        -5.754891298510252,
        750.6183169835222
      ],
      "obj_id": 2
    },
    {
      "cam_R_m2c": [
        -0.8511599169555499,
        0.3847027435925338,
        -0.35711447105125366,
        -0.5235567148859925,
        -0.6709752776200664,
        0.5250539779500831,
        -0.03762512543373117,
        0.6338736432038926,
        0.7725209088125967
      ],
      "cam_t_m2c": [
        -49.18721313851219,
        -68.49389953955529,
        801.3488575095212
      ],
      "obj_id": 3
    },
    {
      "cam_R_m2c": [
        -0.8181200251373582,
        0.1505474378085164,
        0.554991341355383,
        -0.15437471074390274,
        0.8721961174246693,
        -0.46415894964654675,
        -0.5539383820527262,
        -0.46541385234754273,
        -0.690320257684922
      ],
      "cam_t_m2c": [
        -1.7427775478826195,
        -52.340442937444884,
        802.0221554763486
      ],
      "obj_id": 3
    },
    {
      "cam_R_m2c": [
        0.5516084661900958,
        -0.5910870032149472,
        0.5885106614700847,
        -0.5137641501343001,
        -0.7966035960951426,
        -0.31854317118913833,
        0.6570958567170336,
        -0.12664405884472435,
        -0.7430924754775953
      ],
      "cam_t_m2c": [
        4.184688673539993,
        50.84474313851969,
        698.48139203182
      ],
      "obj_id": 3
    },
    {
      "cam_R_m2c": [
        -0.8458078182245796,
        0.295160064299691,
        -0.4443979052335521,
        -0.15760604730532377,
        0.6575796273877909,
        0.7367159337104396,
        0.5096757673406733,
