{
  "0": [
    {
      "cam_R_m2c": [
        0.6966137180072931,
        0.7172139628391266,
        0.018253327773527676,
        0.6921562600266206,
        -0.6651449711147326,
        -0.2801822670311772,
        -0.18881018525111745,
        0.20781362748788923,
        -0.9597727082272944
      ],
      "cam_t_m2c": [
        57.36474608140908,
        -3.1248773296248253,
        764.2583842847088
      ],
      "obj_id": 1
    },
    {
      "cam_R_m2c": [
        0.17873884933804826,
        0.9836046721791333,
        0.02395809751882043,
        0.9432043294456749,
        -0.16436526796947165,
        -0.2887037439548241,
        -0.2800333876392165,
        0.0742001503582062,
        -0.9571181201822683
      ],
      "cam_t_m2c": [
        73.1318901157879,
        61.28236990013551,
        746.2086493033723
      ],
      "obj_id": 1
    },
    {
      "cam_R_m2c": [
        -0.7182178887380959,
        0.5246393311974347,
        -0.45707369095737976,
        -0.11901630367596575,
        0.5545806230886646,
        0.8235749133146909,
        0.6855639502952393,
        0.6459047486098283,
        -0.33586990376283743
      ],
      "cam_t_m2c": [
        35.77762491414805,
        44.100831721526156,
        764.3404481442361
      ],
      "obj_id": 1
    },
    {
      "cam_R_m2c": [
        -0.011912010091437757,
        -0.9996612030918245,
        0.023136762637574554,
        -0.9607681139654325,
        0.005030362250593864,
        -0.2773076933741335,
        0.27709827837801615,
        -0.025532395602938282,
        -0.9605019893793365
      ],
      "cam_t_m2c": [
        -40.34748886836363,
        2.2829977869527216,
        761.4379524573058
      ],
      "obj_id": 2
    },
    {
      "cam_R_m2c": [
        0.04248231313422405,
        0.998961575269985,
        -0.01645438586453518,
        -0.954801575241105,
        0.04544286764230516,
        0.29375005607198307,
        0.2941936900075022,
        0.0032314607675798684,
        0.9557400784322013
      ],
      "cam_t_m2c": [
        6.02792280964869,
        10.275293751468276,
        759.3570198155934
      ],
      "obj_id": 2
    },
    {
      "cam_R_m2c": [
        -0.6736357171497701,
        0.7390618886488425,
        0.0014726552115969065,
        -0.7086722709881218,
        -0.6464993125226742,
        0.2825287012537161,
        0.20975894564055922,
        0.1892784259308796,
        0.9592571601267568
      ],
      "cam_t_m2c": [
        -48.5649613910611,
        -56.39982327358874,
        779.1973124731511
      ],
      "obj_id": 3
    },
    {
      "cam_R_m2c": [
        -0.9993834896093977,
        -0.03493768613091002,
        0.0034239025028425024,
        -0.03438637166459437,
        0.9546216959496544,
        -0.2958296725710815,
        0.007067072945409142,
        -0.29576597050516235,
        -0.955234013166214
      ],
      "cam_t_m2c": [
        3.9053495143831083,
        -38.20430208893923,
        773.6580020728692
      ],
      "obj_id": 3
    },
    {
      "cam_R_m2c": [
        0.25966617304961903,
        -0.9655197349962299,
        0.01856985886853964,
        -0.9279377701430271,
        -0.254791325919468,
        -0.2720535282448723,
        0.2674053854631869,
        0.05341162810407441,
        -0.9621023730885461
      ],
      "cam_t_m2c": [
        22.759234316333185,
        88.32739238583787,
        737.2047614142709
      ],
      "obj_id": 3
    },
    {
      "cam_R_m2c": [
        -0.9228496763039433,
        -0.3404289413149137,
        -0.1801564334094578,
        -0.3306732577390555,
        0.4604453442435953,
        0.82379944223787,
        -0.19749259571796404,
        0.8198152551084601,
        -0.5374932938997172
      ],
      "cam_t_m2c": [
        -88.47317539115497,
        -12.269042097220417,
        775.6345508744962
      ],
      "obj_id": 4
    },
    {
      "cam_R_m2c": [
        0.6984243535747046,
        -0.7156761105428052,
        0.003293419969057564,
        -0.6825800919165743,
        -0.6674954187658305,
        -0.2975474430075126,
        0.21514662981207303,
        0.20556700396048644,
        -0.9547007964467671
      ],
      "cam_t_m2c": [
        -88.69753584597416,
        48.88786229731831,
        736.9755835319138
      ],
      "obj_id": 4
    },
    {
      "cam_R_m2c": [
        0.9109592890121887,
        0.3885028202238244,
        0.13863062899098805,
        0.1386282958525901,
        -0.6048705898018153,
        0.7841644927134809,
        0.38850349201266193,
        -0.6951230022108796,
        -0.6048706601515098
      ],
      "cam_t_m2c": [
        102.1912343818058,
        10.87575226027108,
        771.7597974870587
      ],
      "obj_id": 4
    },
    {
      "cam_R_m2c": [
        -0.5671209423051924,
        0.8084419787439463,
        -0.15746466838157905,
        -0.7909476533869765,
        -0.48124345217526593,
        0.37789778707535404,
        0.229730366225427,
        0.33886051237569853,
        0.9123579312567421
      ],
      "cam_t_m2c": [
        -23.27472790725972,
        50.82761789073069,
        743.1088308359381
      ],
      "obj_id": 4
    }
  ],
  "100": [
    {
      "cam_R_m2c": [
        -0.99827938896583,
        -0.05844814369793057,
        0.004715162954286782,
        -0.054074474814791995,
        0.8864908939757669,
        -0.4595754740853828,
        0.022681355184080796,
        -0.459039236449436,
        -0.8881263974488911
      ],
      "cam_t_m2c": [
        -50.229872215365816,
        42.26080612627536,
        739.4999187072727
      ],
      "obj_id": 1
    },
    {
      "cam_R_m2c": [
        -0.7913092862725183,
        -0.6113180644194256,
        0.010951930362705687,
        -0.5511231296607797,
        0.7054046712097243,
        -0.4457211624504966,
        0.2647515819717147,
        -0.3587388093556913,
        -0.8951050483340736
      ],
      "cam_t_m2c": [
        -106.80971643877663,
        7.797064906026446,
        756.5447280448601
      ],
      "obj_id": 1
    },
    {
      "cam_R_m2c": [
        0.7246280862900338,
        -0.6361069833158257,
        -0.2651078382601067,
        0.08297362480128172,
        0.4624263990434413,
        -0.8827666849728198,
        0.6841269556499016,
        0.6176808253771692,
        0.38786680410209456
      ],
      "cam_t_m2c": [
        -64.97805672974977,
        4.7295823252357305,
        772.182754822963
      ],
      "obj_id": 1
    },
    {
      "cam_R_m2c": [
        0.6929309794334492,
        0.7210017665975237,
        0.0018031909395631843,
        0.6465200417316039,
        -0.6202371183913943,
        -0.4442043757467057,
        -0.31915341181683915,
        0.30896846970661956,
        -0.8959238628689107
      ],
      "cam_t_m2c": [
        18.42326276767413,
        -21.66357801328429,
        771.3240283424245
      ],
      "obj_id": 2
    },
    {
      "cam_R_m2c": [
        0.632809583509522,
        -0.7740952416477841,
        -0.018130379013669134,
        0.6989588411252728,
        0.560997331709615,
        0.44355193685466354,
        -0.33317999573401885,
        -0.2933560260045786,
        0.8960654674716205
      ],
      "cam_t_m2c": [
        -21.181130866864464,
        1.5626682639514284,
        760.7738248473231
      ],
      "obj_id": 2
    },
    {
      "cam_R_m2c": [
        0.9947507755293729,
        -0.10179916644044887,
        -0.010390726809008727,
        0.09588503620004181,
        0.8918274252570333,
        0.44209691764126097,
        -0.03573830173800096,
        -0.4407721255516422,
        0.8969072934386885
      ],
      "cam_t_m2c": [
        64.4128281647405,
        15.427339611843177,
        753.1320198010984
      ],
      "obj_id": 3
    },
    {
      "cam_R_m2c": [
        0.7466306701104347,
        -0.6650323513063409,
        0.016575612723595506,
        -0.5833708331371268,
        -0.6665190862503199,
        -0.46414498530856896,
        0.31971908892752915,
        0.33687480591980334,
        -0.8856043296324726
      ],
      "cam_t_m2c": [
        14.890829128363094,
        31.670864246262163,
        744.1393910015021
      ],
      "obj_id": 3
    },
    {
      "cam_R_m2c": [
        0.4780015685812435,
        0.8783446652896336,
        0.005030520953911265,
        0.7867759689063879,
        -0.4256081064095328,
        -0.4470358825507141,
        -0.3905101564750862,
        0.21764154284177725,
        -0.8945020740943377
      ],
      "cam_t_m2c": [
        -89.51025812783202,
        -41.723918945620355,
        781.1756659893414
      ],
      "obj_id": 3
    },
    {
      "cam_R_m2c": [
        0.8612205581075808,
        0.10257310826693045,
        -0.49777310070417463,
        -0.5056740500596673,
        0.07482130654058901,
        -0.8594738486700619,
        -0.05091512508316963,
        0.9919075474953477,
        0.11630576727113648
      ],
      "cam_t_m2c": [
        64.56170467957777,
        -32.810962354530545,
        790.0837253391071
      ],
      "obj_id": 4
    },
    {
      "cam_R_m2c": [
        -0.05206312137065195,
        0.9984178921766678,
        0.021242753706519558,
        0.8856177397586744,
        0.055990813933394536,
        -0.461027187057496,
        -0.4614867331997696,
        -0.00518954007079212,
        -0.8871319096937345
      ],
      "cam_t_m2c": [
        19.22801076664697,
        -88.79616667531104,
        794.5598903169272
      ],
      "obj_id": 4
    },
    {
      "cam_R_m2c": [
        -0.6882904247666988,
        -0.040299866366544854,
        -0.724315101871972,
        0.7195348846202259,
        0.08915524885101775,
        -0.6887094288788296,
        0.09233175656197777,
        -0.9952020571152076,
        -0.03236789414934836
      ],
      "cam_t_m2c": [
        -91.12227361949188,
        65.95069376203928,
        738.9272429568867
      ],
      "obj_id": 4
    },
    {
      "cam_R_m2c": [
        0.9716568922827449,
        -0.23364236411621822,
        0.035975836761380824,
        0.21370979513129496,
        0.9332296886509721,
        0.28880832963973563,
        -0.10105146610386205,
        -0.27293374607270504,
        0.956710901229114
      ],
      "cam_t_m2c": [
        -29.75474717920008,
        -47.62746980151109,
        777.9589877163598
      ],
      "obj_id": 4
    }
  ],
  "108": [
    {
      "cam_R_m2c": [
        -0.7035717889155306,
        -0.7105835741241534,
        0.007574799791842808,
        -0.6374019786568138,
        0.6263280363457897,
        -0.44881278050407963,
        0.31417442940326307,
        -0.32059996937121366,
        -0.8935936221487181
      ],
      "cam_t_m2c": [
        -74.84790403030063,
        7.761918300229581,
        757.537464893276
      ],
      "obj_id": 1
    },
    {
      "cam_R_m2c": [
        -0.22294678469263698,
        -0.9747968563425365,
        -0.008092414095907694,
        -0.8696851305378749,
        0.20264309698990354,
        -0.45009393464357833,
        0.4403896785679727,
        -0.09330908529144852,
        -0.8929444629492465
      ],
      "cam_t_m2c": [
        -92.19745224812065,
        -52.02940779006844,
        786.6816555419799
      ],
      "obj_id": 1
    },
    {
      "cam_R_m2c": [
        0.7268459999192675,
        -0.5450467389323375,
        0.4178739149798312,
        0.5361347413841862,
        0.07001545840845134,
        -0.8412243320766565,
        0.4292487527871889,
        0.8354767595306793,
        0.3431086722148047
      ],
      "cam_t_m2c": [
        -55.20290817393791,
        -27.859214981342095,
        789.1430084216474
      ],
      "obj_id": 1
    },
    {
      "cam_R_m2c": [
        0.07171248702382671,
        0.9974251501709307,
        -0.0002288618264017121,
        0.8837818000784577,
        -0.06364816584383394,
        -0.4635511220653636,
        -0.46237178387459316,
        0.03304013978685266,
        -0.8860700626557487
      ],
      "cam_t_m2c": [
        23.95211545916362,
        -0.3295691008492381,
        761.9564981982547
      ],
      "obj_id": 2
    },
    {
      "cam_R_m2c": [
        -0.01905005298725902,
        -0.999591853664151,
        -0.021280961120522145,
        0.8950088861182479,
        -0.026536315370840027,
        0.4452593788346919,
        -0.44564202001247133,
        -0.010564450151697435,
        0.8951486221832642
      ],
      "cam_t_m2c": [
        -21.9641010082468,
        -7.622461897383725,
        764.468744998869
      ],
      "obj_id": 2
    },
    {
      "cam_R_m2c": [
        0.6883978543215338,
        -0.7249066363979535,
        -0.024868340001134887,
        0.6528485749384546,
        0.6043002115870498,
        0.4567395303065128,
        -0.3160653175441102,
        -0.33065354339108527,
        0.8892527341207996
      ],
      "cam_t_m2c": [
        33.36698469735494,
        52.63895874185958,
        735.7124634013394
      ],
      "obj_id": 3
    },
    {
      "cam_R_m2c": [
        0.9995910678347777,
        -0.028479964366956583,
        0.002499766855093441,
        -0.024092536562620687,
        -0.8862098961001398,
        -0.4626581491962796,
        0.015391812019712976,
        0.4624083965532708,
        -0.8865331574332111
      ],
      "cam_t_m2c": [
        -18.854402653326943,
        36.28791887896703,
        741.133367156478
      ],
      "obj_id": 3
    },
    {
      "cam_R_m2c": [
        -0.20591481764302036,
        0.9784286601139537,
        0.01661630272905147,
        0.8634293825877183,
        0.1896514591578223,
        -0.46746447642870503,
        -0.46053162751718396,
        -0.08191078289641583,
        -0.8838555950161817
      ],
      "cam_t_m2c": [
        -44.46651547323871,
        -78.968397440828,
        800.4089646268293
      ],
      "obj_id": 3
    },
    {
      "cam_R_m2c": [
        0.9354396461321997,
        0.3091559035596638,
        0.17139123855092828,
        0.1026364395761402,
        0.22642445870006545,
        -0.9686065893734792,
        -0.33825738454507664,
        0.923663468432875,
        0.1800755853666648
      ],
      "cam_t_m2c": [
        70.87703574181705,
        15.582812171979914,
        764.3846974004975
      ],
      "obj_id": 4
    },
    {
      "cam_R_m2c": [
        -0.6820913174271792,
        0.7309765103135321,
        0.02060201580343088,
        0.6465835001458372,
        0.6160233857665645,
        -0.4499399565186644,
        -0.34158661907744464,
        -0.293578974523002,
        -0.892821059089319
      ],
      "cam_t_m2c": [
        68.49751638423407,
        -52.895485255014094,
        777.1102860882854
      ],
      "obj_id": 4
    },
    {
      "cam_R_m2c": [
        -0.9185473923615712,
        -0.35521676311855466,
        -0.17346871038297412,
        0.1989919919218118,
        -0.03631794591848996,
        -0.979328440650454,
        0.3415736429544527,
        -0.9340779325589356,
        0.10404490598297485
      ],
      "cam_t_m2c": [
        -120.35699011310197,
        3.288980043230405,
        769.9451707690831
      ],
      "obj_id": 4
    },
    {
      "cam_R_m2c": [
        0.596461774051533,
        -0.7941145708334458,
        0.11668360657521565,
        0.7165262234923744,
        0.5923215391228854,
        0.36843774832643156,
        -0.3616957130929819,
        -0.1361520624563308,
        0.922300549627703
      ],
      "cam_t_m2c": [
        2.866059587295993,
        -50.056526259492294,
        780.9746359595015
      ],
      "obj_id": 4
    }
  ],
  "11": [
    {
      "cam_R_m2c": [
        -0.2054874629499168,
        0.9786041998176295,
        0.01039688739781818,
        0.9418447999391555,
        0.20063288499010676,
        -0.26958199850005377,
        -0.2659003146674414,
        -0.04560360572629626,
        -0.9629213900233429
      ],
      "cam_t_m2c": [
        38.79824408395156,
        51.46872486914455,
        746.8919285128968
      ],
      "obj_id": 1
    },
    {
      "cam_R_m2c": [
        -0.6872860135408726,
        0.726384873491153,
        0.0015267744624646844,
        0.696431244904616,
        0.6595392718694255,
        -0.28282698283465113,
        -0.20644837486071785,
        -0.1933200051144001,
        -0.9591698073270039
      ],
      "cam_t_m2c": [
        -7.1153520020432355,
        102.40066560496882,
        732.688134197198
      ],
      "obj_id": 1
    },
    {
      "cam_R_m2c": [
        -0.14995776929771773,
        0.03637280044327383,
        -0.9880228067588062,
        -0.5372510539733422,
        0.8359105075345816,
        0.11231452850795894,
        0.8299844473273446,
        0.5476589702105943,
        -0.10580995255479933
      ],
      "cam_t_m2c": [
        -10.92772232086261,
        64.14445315317334,
        758.0131228704099
      ],
      "obj_id": 1
    },
    {
      "cam_R_m2c": [
        0.8117760220065603,
        -0.5839211899884257,
        -0.007423117383864795,
        -0.5624607025410948,
        -0.7783970400438068,
        -0.27881112067826425,
        0.1570257163847608,
        0.2305076870270132,
        -0.9603173479958427
      ],
      "cam_t_m2c": [
        -24.190479081799673,
        -22.378608687610534,
        770.060170100897
      ],
      "obj_id": 2
    },
    {
      "cam_R_m2c": [
        0.8532402093182185,
        0.5215157981832049,
        -0.0013387687154489897,
        -0.49730839237108987,
        0.8144028244358107,
        0.2990518778465743,
        0.15705067093102318,
        -0.2544976129734726,
        0.9542359947140499
      ],
      "cam_t_m2c": [
        -3.5663875299756813,
        19.180769546477354,
        756.2527583367917
      ],
      "obj_id": 2
    },
    {
      "cam_R_m2c": [
        0.24365180315274235,
        0.9698622115304139,
        -0.0006809545590032452,
        -0.9260458420515523,
        0.23285272217694944,
        0.2970157300679788,
        0.28822317823452454,
        -0.07173797670703261,
        0.9548724280619083
      ],
      "cam_t_m2c": [
        23.180808546489388,
        -60.60601080534137,
        780.52627708412
      ],
      "obj_id": 3
    },
    {
      "cam_R_m2c": [
        -0.5432552036991346,
        -0.8393318163334546,
        0.01988113598628495,
        -0.8070054106405531,
        0.5155081075440925,
        -0.2880855626364279,
        0.23155078733469855,
        -0.17254827146767107,
        -0.9573983505206599
      ],
      "cam_t_m2c": [
        35.96187360825173,
        -11.415160781559523,
        766.1312772319333
      ],
      "obj_id": 3
    },
    {
      "cam_R_m2c": [
        0.9364164592660024,
        -0.35006687362430716,
        0.02401625304487654,
        -0.32898763867007474,
        -0.899710326240563,
        -0.2868590192669443,
        0.12202753958397242,
        0.2607187745873914,
        -0.957671799314475
      ],
      "cam_t_m2c": [
        -59.15487719811795,
        77.2072526314385,
        738.4170909803171
      ],
      "obj_id": 3
    },
    {
      "cam_R_m2c": [
        -0.3147261272289381,
        -0.37846684634563793,
        -0.8704652145034134,
        -0.9491659187056227,
        0.1200941545254549,
        0.2909657829080643,
        -0.005582970610600417,
        0.9177910482588288,
        -0.3970248099497773
      ],
      "cam_t_m2c": [
        -37.307681212423184,
        -64.86454693929494,
        791.5612666456759
      ],
      "obj_id": 4
    },
    {
      "cam_R_m2c": [
        0.9830288791989122,
        0.18344885746686698,
        -0.0003245918863597047,
        0.17578879750485418,
        -0.9424843128481697,
        -0.28429077809121256,
        -0.0524588639566269,
        0.279409277626322,
        -0.9587381293553173
      ],
      "cam_t_m2c": [
        -92.39099858088659,
        -34.08347921829383,
        761.9816261893561
      ],
      "obj_id": 4
    },
    {
      "cam_R_m2c": [
        0.4870671954991181,
        0.5427036839975372,
        -0.6842789247155479,
        0.8546959075388951,
        -0.13506194094524182,
        0.5012512394416504,
        0.17961080221020806,
        -0.8289939861964973,
        -0.5296311973132808
      ],
      "cam_t_m2c": [
        55.51225261657399,
        95.86111971836398,
        746.3444861622203
      ],
      "obj_id": 4
    },
    {
      "cam_R_m2c": [
        0.3487544350839736,
        0.922385133321216,
        -0.1660583694515113,
        -0.9032072051867783,
        0.3780782011072227,
        0.2031581807463074,
        0.25017338966445846,
        0.07913271932869978,
        0.9649619508413614
      ],
      "cam_t_m2c": [
        -55.47641559500502,
        18.60742900385152,
        751.8709075352729
      ],
      "obj_id": 4
    }
  ],
  "118": [
    {
      "cam_R_m2c": [
        0.08069714249228259,
        -0.9967266657111947,
        0.004875684400961692,
        -0.8813106024080258,
        -0.0736371156308343,
        -0.46676396973676204,
        0.46559537664007,
        0.03336923756988606,
        -0.8843681013607887
      ],
      "cam_t_m2c": [
        -62.212431102069274,
        -40.70577054699721,
        781.4974239689014
      ],
      "obj_id": 1
    },
    {
      "cam_R_m2c": [
        0.6018391686631598,
        -0.7985585948046143,
        -0.009678025902288797,
        -0.7135134540523475,
        -0.5322231568198873,
        -0.4556714288476358,
        0.35872984398897084,
        0.2811462096872334,
        -0.8900950506512625
      ],
      "cam_t_m2c": [
        -23.305417905085974,
        -93.12439711666919,
        807.7478968747041
      ],
      "obj_id": 1
    },
    {
      "cam_R_m2c": [
        0.2315042241894307,
        -0.12701693700208155,
        0.9645062566717592,
        0.9477367165036975,
        -0.194299608561278,
        -0.2530656045078046,
        0.21954674287528925,
        0.9726838688345679,
        0.07539780062336617
      ],
      "cam_t_m2c": [
        -14.922442025035455,
        -49.3286043215523,
        801.1640251956314
      ],
      "obj_id": 1
    },
    {
      "cam_R_m2c": [
        -0.7249748695160957,
        0.6886653596145244,
        0.012300040978968736,
        0.6142504582320649,
        0.654511100476703,
        -0.44080721223492253,
        -0.3116195726583084,
        -0.3120187674942163,
        -0.8975171447280974
      ],
      "cam_t_m2c": [
        10.080717534055722,
        19.248866005445002,
        750.7457967356435
      ],
      "obj_id": 2
    },
    {
      "cam_R_m2c": [
        -0.7614720462444948,
        -0.6480099295814562,
        -0.01559852727678271,
        0.5735407406317145,
        -0.6847872870822999,
        0.44957398696044354,
        -0.3020104823426606,
        0.33339158314424816,
        0.8931065059581125
      ],
      "cam_t_m2c": [
        -15.372306287000425,
        -15.163598865134572,
        769.5989423086239
      ],
      "obj_id": 2
    },
    {
      "cam_R_m2c": [
        -0.08529827841871544,
        -0.9962822477370338,
        -0.012072673089153305,
        0.8892257371605775,
        -0.08158808576458318,
        0.4501336979658512,
        -0.4494454509179294,
        0.02765998502308616,
        0.8928791781789046
      ],
      "cam_t_m2c": [
        -31.11422100320239,
        60.69663492073713,
        729.4141792421572
      ],
      "obj_id": 3
    },
    {
      "cam_R_m2c": [
        0.6643010758636775,
        0.7471632316204422,
        0.021237415607074255,
        0.6697542829763667,
        -0.5823800652771128,
        -0.46071905281357045,
        -0.33186403285116006,
        0.32028039561409233,
        -0.8872915197386843
      ],
      "cam_t_m2c": [
        -51.01250687594775,
        16.37382015566758,
        751.657983464297
      ],
      "obj_id": 3
    },
    {
      "cam_R_m2c": [
        -0.8745808053496863,
        0.4846451843770714,
        0.015077226617032105,
        0.4245341493403073,
        0.7803899295458526,
        -0.45908788803668693,
        -0.23426123985680125,
        -0.3951086929788097,
        -0.8882625190465023
      ],
      "cam_t_m2c": [
        31.522621331436298,
        -76.83998065496395,
        798.9222713760745
      ],
      "obj_id": 3
    },
    {
      "cam_R_m2c": [
        0.4124841712508546,
        0.3686733945014286,
        0.8330285421893333,
        0.6553837846863977,
        0.5150347006913851,
        -0.5524588501870551,
        -0.6327155453085551,
        0.7738340653670341,
        -0.029178532218785247
      ],
      "cam_t_m2c": [
        29.645923737865278,
        65.15214499413155,
        739.847441302407
      ],
      "obj_id": 4
    },
    {
      "cam_R_m2c": [
        -0.9990492727545196,
        -0.043255621363198035,
        0.00541663378379071,
        -0.04075304174057137,
        0.8825681568558753,
        -0.46841439839581384,
        0.01548070588638589,
        -0.46819005501642746,
        -0.8834918935118902
      ],
      "cam_t_m2c": [
        78.72765997848474,
        14.625886391387372,
        742.8275714352168
      ],
      "obj_id": 4
    },
    {
      "cam_R_m2c": [
        -0.6064400952566404,
        -0.5359880068171158,
        0.5873220184778825,
        -0.4241426238033571,
        -0.4067237004372229,
        -0.80912188831977,
        0.672557382120642,
        -0.7397924366596758,
        0.019318553946765096
      ],
      "cam_t_m2c": [
        -84.13740137577211,
        -73.38793634051001,
        809.8290409555563
      ],
      "obj_id": 4
    },
    {
      "cam_R_m2c": [
        -0.23975857860690228,
        -0.9574410761339098,
        0.16069303113257907,
        0.8545116215275865,
        -0.1295605972089416,
        0.503014255413978,
        -0.460787327796537,
        0.25791580792567176,
        0.8492078524597338
      ],
      "cam_t_m2c": [
        35.72075309552664,
        -26.563565823705684,
        769.6386637100132
      ],
      "obj_id": 4
    }
  ],
  "128": [
    {
      "cam_R_m2c": [
        0.8105977039551375,
        -0.5851251233400165,
        0.023649851038391158,
        -0.5136336430004367,
        -0.7297945711843676,
        -0.4511986648689464,
        0.28126729464443945,
        0.35359328591430655,
        -0.8921103708771996
      ],
      "cam_t_m2c": [
        -11.504904978830725,
        -64.30634289095934,
        792.4457689934941
      ],
      "obj_id": 1
    },
    {
      "cam_R_m2c": [
        0.9985654616032482,
        -0.048966110447740456,
        0.021649435563150396,
        -0.03392895501485883,
        -0.8915785159874501,
        -0.45159323034299276,
        0.04141498010856823,
        0.4502109424676137,
        -0.8919615018085086
      ],
      "cam_t_m2c": [
        56.42635717159261,
        -70.23104104419203,
        797.8409558962511
      ],
      "obj_id": 1
    },
    {
      "cam_R_m2c": [
        -0.41310087352377783,
        0.4082354003915001,
        0.8140582828780615,
        0.8714283916044879,
        -0.08242393098185474,
        0.4835480621551371,
        0.2644996334047607,
        0.909148165029361,
        -0.32169856624393683
      ],
      "cam_t_m2c": [
        30.81546186784081,
        -34.23688816335417,
        794.0868856082704
      ],
      "obj_id": 1
    },
    {
      "cam_R_m2c": [
        -0.9929956415607372,
        -0.11801944519825681,
        -0.00551665547155092,
        -0.10273346603688777,
        0.8855570841795591,
        -0.4530279907004473,
        0.058351381520596796,
        -0.44928816846238956,
        -0.8914794841243605
      ],
      "cam_t_m2c": [
        -18.1733945425647,
        24.255904210970634,
        749.2070084572089
      ],
      "obj_id": 2
    },
    {
      "cam_R_m2c": [
        -0.9826797455709302,
        0.18528088627668757,
        0.0032980890911196645,
        -0.16441400548598925,
        -0.8799409351607218,
        0.4457262085717574,
        0.08548663639274348,
        0.4374639605263589,
        0.8951635249097907
      ],
      "cam_t_m2c": [
        -3.964364759097893,
        -15.837235466304437,
        769.559194046092
      ],
      "obj_id": 2
    },
    {
      "cam_R_m2c": [
        -0.8216235159238049,
        -0.5699457474056738,
        -0.009798285875787363,
        0.5071106993753828,
        -0.7386761122173323,
        0.4440677794454543,
        -0.2603323914600531,
        0.3598877611593171,
        0.8959398785704547
      ],
      "cam_t_m2c": [
        -79.3152713218251,
        22.576215038441884,
        747.4888596690415
      ],
      "obj_id": 3
    },
    {
      "cam_R_m2c": [
        -0.13611496758691752,
        0.9906851592797704,
        0.0038736813192712066,
        0.8800192397857508,
        0.12270417872197222,
        -0.45881335591218336,
        -0.4550149943912677,
        -0.059042420504313554,
        -0.8885244867137593
      ],
      "cam_t_m2c": [
        -54.345049449873926,
        -19.828739202966975,
        769.7182924666238
      ],
      "obj_id": 3
    },
    {
      "cam_R_m2c": [
        -0.9306660466151204,
        -0.3656814020971784,
        0.01171236819893064,
        -0.3277793197547384,
        0.8191270738908449,
        -0.470734990519308,
        0.16254510726402505,
        -0.4419362426138115,
        -0.8821971738745665
      ],
      "cam_t_m2c": [
        80.06431687769278,
        -22.240790660681125,
        771.6993876604571
      ],
      "obj_id": 3
    },
    {
      "cam_R_m2c": [
        -0.38023657085843376,
        0.17471613076647025,
        0.9082366355492878,
        0.6569634031025609,
        0.7422308793796024,
        0.1322584064167188,
        -0.6510138634412537,
        0.6469682494914986,
        -0.39700558928931345
      ],
      "cam_t_m2c": [
        -39.576748492092605,
        67.78336532543868,
        736.2631156244987
      ],
      "obj_id": 4
    },
    {
      "cam_R_m2c": [
        -0.6185746477373164,
        -0.7856730678141268,
        -0.009088509586872531,
        -0.6974346023541731,
        0.5543565308356008,
        -0.45417361266405365,
        0.36187028647883634,
        -0.2746017414680519,
        -0.8908671017685432
      ],
      "cam_t_m2c": [
        27.909392259707868,
        65.33565060364427,
        715.2071920078732
      ],
      "obj_id": 4
    },
    {
      "cam_R_m2c": [
        0.13597690167055013,
        -0.30788412535461035,
        0.9416565263281022,
        -0.6047292323290441,
        -0.7786677426537224,
        -0.16726917040985356,
        0.7847374147398506,
        -0.5467029790895057,
        -0.29206752642987427
      ],
      "cam_t_m2c": [
        5.700877045296938,
        -97.20788582907443,
        823.4445095040663
      ],
      "obj_id": 4
    },
    {
      "cam_R_m2c": [
        -0.8949143925644235,
        -0.4432068930249672,
        0.05191579423559297,
        0.388821889579296,
        -0.717387568868025,
        0.5780765352361,
        -0.2189638455976679,
        0.5375151664569194,
        0.8143296008274001
      ],
      "cam_t_m2c": [
        35.59681572145003,
        11.112106162140677,
        749.7588644640657
      ],
      "obj_id": 4
    }
  ],
  "136": [
    {
      "cam_R_m2c": [
        0.9970771680223848,
        0.07623914605476564,
        -0.004929969069671533,
        0.06546427703500689,
        -0.8858624136294829,
        -0.4593054019548432,
        -0.03938412375946994,
        0.4576397381530231,
        -0.8882653827013344
      ],
      "cam_t_m2c": [
        32.68735305375404,
        -52.086821749432715,
        786.485575713015
      ],
      "obj_id": 1
    },
    {
      "cam_R_m2c": [
        0.8016716916278945,
        0.5971775078685915,
        0.0264784110536637,
        0.5404372634090483,
        -0.7051496458260376,
        -0.45901063905048717,
        -0.2554391766278825,
        0.38228548137754087,
        -0.8880367525907994
      ],
      "cam_t_m2c": [
        89.11447881439051,
        -17.547493290889008,
        769.9074324373615
      ],
      "obj_id": 1
    },
    {
      "cam_R_m2c": [
        -0.7451917007537856,
        0.6089889584026599,
        0.27170084443069425,
        0.4982314833709362,
        0.23764419502328094,
        0.8338404090880677,
        0.4432322739537203,
        0.7567419053863514,
        -0.4805075695063202
      ],
      "cam_t_m2c": [
        47.69003677783822,
        -1.8809173426881065,
        776.7300906161388
      ],
      "obj_id": 1
    },
    {
      "cam_R_m2c": [
        -0.6995033282745657,
        -0.7144118725949243,
        0.017616635733979535,
        -0.6459002387959925,
        0.6214889384269465,
        -0.44335490895251267,
        0.30578903237070226,
        -0.3215066300022372,
        -0.8961736582931913
      ],
      "cam_t_m2c": [
        -36.649223245475746,
        12.477008321694154,
        755.0958484020439
      ],
      "obj_id": 2
    },
    {
      "cam_R_m2c": [
        -0.6469740287935665,
        0.7624788267991587,
        -0.007087000359983939,
        -0.676421566992138,
        -0.5696137296946794,
        0.46689754116961885,
        0.3519621668653069,
        0.3068642084512029,
        0.8842836653869576
      ],
      "cam_t_m2c": [
        3.7552351369398673,
        -9.728244950425175,
        765.6290042087602
      ],
      "obj_id": 2
    },
    {
      "cam_R_m2c": [
        -0.9962639528680703,
        0.08462293917088341,
        -0.017224286590812356,
        -0.0832904036782642,
        -0.8888821439495315,
        0.4505002237988188,
        0.022812089598980557,
        0.450251307443716,
        0.8926107892141679
      ],
      "cam_t_m2c": [
        -82.00263964491997,
        -24.25338841366267,
        771.1268283616798
      ],
      "obj_id": 3
    },
    {
      "cam_R_m2c": [
        -0.7455299579736974,
        0.6664647405525252,
        0.003068134503585654,
        0.5882597155242011,
        0.6601968940679178,
        -0.46700087841276283,
        -0.3132649982356205,
        -0.3463578176246627,
        -0.8842521773102128
      ],
      "cam_t_m2c": [
        -32.26171000360803,
        -42.051677744432986,
        782.1089107989412
      ],
      "obj_id": 3
    },
    {
      "cam_R_m2c": [
        -0.4868226220571194,
        -0.8733325372907403,
        0.01713459486484519,
        -0.7818918762109526,
        0.4269380964976384,
        -0.45427763559210776,
        0.3894195417740116,
        -0.23454995985693944,
        -0.8906960101095871
      ],
      "cam_t_m2c": [
        71.42697232210419,
        31.399278246727153,
        744.6590617808796
      ],
      "obj_id": 3
    },
    {
      "cam_R_m2c": [
        -0.8667291711878277,
        -0.11896664477128437,
        0.4843831894431154,
        0.239943098924675,
        0.7519351289190132,
        0.6140195994220753,
        -0.43727288324448604,
        0.6484144317381997,
        -0.6231787934071177
      ],
      "cam_t_m2c": [
        -81.16223858026842,
        34.01156368388987,
        754.1297637947904
      ],
      "obj_id": 4
    },
    {
      "cam_R_m2c": [
        0.023463867629069192,
        -0.9997185928695254,
        -0.003429553237487489,
        -0.8876196364618528,
        -0.019254102503328013,
        -0.46017376381366354,
        0.4599777727241952,
        0.0138414098902621,
        -0.8878228946291226
      ],
      "cam_t_m2c": [
        -35.69753769813311,
        68.6683747197211,
        712.976129363426
      ],
      "obj_id": 4
    },
    {
      "cam_R_m2c": [
        0.674614399812149,
        0.0435512900908262,
        0.7368841667702847,
        -0.35458697791925664,
        -0.8564245031889993,
        0.37523906686315694,
        0.6474281586730479,
        -0.5144325147298516,
        -0.5623136304318543
      ],
      "cam_t_m2c": [
        71.81600530800664,
        -65.40716399242058,
        806.8978923913437
      ],
      "obj_id": 4
    },
    {
      "cam_R_m2c": [
        -0.9755361455332605,
        0.21231889504315127,
        -0.05700432264713012,
        -0.2051805402626641,
        -0.786254566410242,
        0.5828412320526019,
        0.07892802901300602,
        0.5802786959496361,
        0.8105847763166245
      ],
      "cam_t_m2c": [
        12.889605117515243,
        33.00403037304696,
        739.0459615593412
      ],
      "obj_id": 4
    }
  ],
  "147": [
    {
      "cam_R_m2c": [
        0.5573118829585468,
        0.8302987624097793,
        -0.002647922383976217,
        0.6617636009795177,
        -0.4461096918540192,
        -0.6025415629824874,
        -0.5014706976423906,
        0.33405084450646977,
        -0.7980837243499455
      ],
      "cam_t_m2c": [
        59.92017370553663,
        -13.153946382771341,
        767.7779025967541
      ],
      "obj_id": 1
    },
    {
      "cam_R_m2c": [
        -0.0008045063151660121,
        0.9997050641396448,
        0.024263811801216638,
        0.7986742694070529,
        0.015243279787767641,
        -0.6015715180224877,
        -0.6017636571032785,
        0.018894582663385947,
        -0.7984509714613697
      ],
      "cam_t_m2c": [
        63.4856893662309,
        42.85989338828093,
        725.2384119548215
      ],
      "obj_id": 1
    },
    {
      "cam_R_m2c": [
        -0.6574815394444771,
        0.4667169676164767,
        -0.5915174592104052,
        0.044581240046916264,
        0.8077790011006805,
        0.5877983073179129,
        0.7521508925128446,
        0.3600959046214012,
        -0.5519061687797346
      ],
      "cam_t_m2c": [
        30.185612594219048,
        29.08100825538123,
        752.7770688025593
      ],
      "obj_id": 1
    },
    {
      "cam_R_m2c": [
        0.1370279794453107,
        -0.9903584774888076,
        0.020322784174975368,
        -0.7902345186019821,
        -0.12166313077456394,
        -0.600606967862977,
        0.5972883854776573,
        0.06624048526591828,
        -0.7992867021816568
      ],
      "cam_t_m2c": [
        -40.30360436298933,
        -22.307753463686016,
        773.3731167443738
      ],
      "obj_id": 2
    },
    {
      "cam_R_m2c": [
        0.22010709595893646,
        0.9750399616363681,
        -0.02914698513441641,
        -0.7772836720926084,
        0.19336213108633082,
        0.5987006069392566,
        0.5893925710218563,
        -0.1091230456542066,
        0.8004430075838007
      ],
      "cam_t_m2c": [
        5.49435210642317,
        -9.57197932059899,
        764.4075312886345
      ],
      "obj_id": 2
    },
    {
      "cam_R_m2c": [
        -0.5134353109207743,
        0.8579333831653905,
        -0.018277739082700317,
        -0.6964059847503459,
        -0.4041341422556774,
        0.5930392399111587,
        0.5014014099516315,
        0.31721558090229274,
        0.8049666849799955
      ],
      "cam_t_m2c": [
        -35.73359717223748,
        -70.43619573387933,
        808.5073324741627
      ],
      "obj_id": 3
    },
    {
      "cam_R_m2c": [
        -0.9806577932038419,
        -0.19440596450483302,
        0.0227202618037145,
        -0.16725802192038966,
        0.7720546476679421,
        -0.6131538327284107,
        0.10165974961142055,
        -0.6050938722360627,
        -0.7896373501808541
      ],
      "cam_t_m2c": [
        10.939430301903753,
        -48.744803135241725,
        791.9930849050241
      ],
      "obj_id": 3
    },
    {
      "cam_R_m2c": [
        0.4066677080462413,
        -0.9135404549414404,
        0.008050414185636632,
        -0.7191206009435109,
        -0.3255305162032315,
        -0.6139191266680413,
        0.5634602056769962,
        0.24387204130004334,
        -0.7893284958933127
      ],
      "cam_t_m2c": [
        7.482644049258772,
        56.241207467958446,
        712.3608262567759
      ],
      "obj_id": 3
    },
    {
      "cam_R_m2c": [
        -0.8511464933000208,
        -0.3904593553405425,
        -0.35084289518967754,
        -0.5237741767693204,
        0.676013884121893,
