{
    "2": [
        {
            "cam_R_m2c": [
                -0.3078640313031505,
                -0.0899499865441371,
                -0.9471686328216985,
                0.9256432385361775,
                0.2018870603744711,
                -0.32003998459236,
                0.22000840320146817,
                -0.9752697545195326,
                0.021107797175116468
            ],
            "cam_t_m2c": [
                -60.541901752899335,
                -38.82722879107594,
                803.3916996429828
            ],
            "obj_id": 2
        },
        {
            "cam_R_m2c": [
                -0.5637226305125294,
                0.8186546457598342,
                0.1096400650819483,
                0.8243949460311081,
                0.5658515763235834,
                0.01361770533727443,
                -0.05089191074991294,
                0.09806302944843857,
                -0.9938777500130659
            ],
            "cam_t_m2c": [
                -49.24442923709403,
                -4.920770100118512,
                781.4460583780327
            ],
            "obj_id": 2
        },
        {
            "cam_R_m2c": [
                -0.5458216503050382,
                -0.7002212774224867,
                0.4601831386942275,
                -0.7927468032049769,
                0.2536952097252206,
                -0.5542480579494131,
                0.27135060311600645,
                -0.6673297491551424,
                -0.6935704267496519
            ],
            "cam_t_m2c": [
                -122.72558046391269,
                14.004673595566771,
                777.191509441149
            ],
            "obj_id": 3
        },
        {
            "cam_R_m2c": [
                -0.5049265904254873,
                0.21142128780856506,
                -0.8368694294080027,
                -0.847696051769398,
                0.06125272303105944,
                0.5269338479978535,
                0.16266569073582987,
                0.9754734324044443,
                0.1482929099115406
            ],
            "cam_t_m2c": [
                -79.42390755262042,
                76.73877352985909,
                779.3384983645268
            ],
            "obj_id": 3
        },
        {
            "cam_R_m2c": [
                -0.4894729978052181,
                -0.8719948851361337,
                -0.006442304018249273,
                -0.71880628078548,
                0.40764503014272196,
                -0.5631539436795346,
                0.4936935242361273,
                -0.27101820953360395,
                -0.8263265094246854
            ],
            "cam_t_m2c": [
                40.5032905432559,
                -61.92081208503483,
                786.4086133958649
            ],
            "obj_id": 7
        },
        {
            "cam_R_m2c": [
                0.6602431595255861,
                -0.7510513941097908,
                -0.0005629222744622191,
                -0.7036991986415032,
                -0.6183539125262605,
                -0.34992294093193443,
                0.26246227319140714,
                0.23143082822199587,
                -0.9367779813108972
            ],
            "cam_t_m2c": [
                29.624854275419814,
                80.20073951896438,
                766.6243923828272
            ],
            "obj_id": 9
        }
    ],
    "7": [
        {
            "cam_R_m2c": [
                -0.6010604594714339,
                -0.5621099112387379,
                -0.5681185194491524,
                -0.05043697344831601,
                0.7361180924413382,
                -0.6749717632692424,
                0.7976102494225981,
                -0.37704399592955673,
                -0.4708028295272007
            ],
            "cam_t_m2c": [
                -34.03626841251722,
                -64.59040317888622,
                791.159135782433
            ],
            "obj_id": 2
        },
        {
            "cam_R_m2c": [
                -0.8098514336957604,
                0.5073932292382354,
                -0.29443686828958393,
                0.5465947093672879,
                0.8348967927004949,
                -0.06466653397088973,
                0.21301333584681362,
                -0.21330810047074317,
                -0.9534802458053068
            ],
            "cam_t_m2c": [
                -31.85933439449721,
                4.920048688280393,
                781.4169345225965
            ],
            "obj_id": 2
        },
        {
            "cam_R_m2c": [
                -0.08753395436474183,
                -0.8654558956232813,
                -0.49327840917947824,
                -0.7989995196292121,
                0.3567272684187209,
                -0.4840925839890999,
                0.5949271632364683,
                0.35175514620381504,
                -0.722724145389549
            ],
            "cam_t_m2c": [
                -138.3461615537971,
                -28.10463214270071,
                776.2462415431287
            ],
            "obj_id": 3
        },
        {
            "cam_R_m2c": [
                0.055108145386102564,
                -0.1538521773594028,
                -0.9865558498853809,
                -0.9827692101175389,
                0.16623365331693665,
                -0.0808200512078815,
                0.17643317096062067,
                0.9740099596933729,
                -0.14204000850392462
            ],
            "cam_t_m2c": [
                -97.43341378854889,
                26.8746662395881,
                790.0590935690487
            ],
            "obj_id": 3
        },
        {
            "cam_R_m2c": [
                -0.07557564247140515,
                -0.9570859049103325,
                0.2797763974577766,
                -0.9967658859858446,
                0.06482322044452282,
                -0.047503125503244106,
                0.027328856719352656,
                -0.28246137107713587,
                -0.9588889558535469
            ],
            "cam_t_m2c": [
                51.76066372306305,
                -29.323256736726922,
                785.900077362208
            ],
            "obj_id": 7
        },
        {
            "cam_R_m2c": [
                0.8126721769176527,
                0.5795540519624671,
                -0.06066843419475553,
                0.3184147407986036,
                -0.5288484895374838,
                -0.7867219079248329,
                -0.4880327941398727,
                0.6200298731243702,
                -0.6143186386952635
            ],
            "cam_t_m2c": [
                14.687126954086878,
                93.51992962912414,
                743.2861099705555
            ],
            "obj_id": 9
        }
    ],
    "14": [
        {
            "cam_R_m2c": [
                -0.26531921032431177,
                -0.8820170472584578,
                -0.38942469886485764,
                -0.18102530366680591,
                0.4422877108149631,
                -0.8784143279353801,
                0.9470144160768742,
                -0.1625650401967622,
                -0.2770153300306439
            ],
            "cam_t_m2c": [
                20.436022858873514,
                -63.59136501929317,
                790.9754700519527
            ],
            "obj_id": 2
        },
        {
            "cam_R_m2c": [
                -0.2959991360829875,
                -0.8652495881134248,
                -0.40463254543117294,
                -0.8932959956519803,
                0.40076155103516103,
                -0.20350265523958477,
                0.3382410095483008,
                0.30121992051709945,
                -0.8915493743078823
            ],
            "cam_t_m2c": [
                -15.584927794849389,
                -32.3475347696792,
                774.5780907973331
            ],
            "obj_id": 2
        },
        {
            "cam_R_m2c": [
                0.19608807504446796,
                -0.9736460427230861,
                0.11645988385789088,
                -0.9798971913467229,
                -0.19901566584552766,
                -0.01394530598204254,
                0.0367547640239558,
                -0.11138460773651551,
                -0.993098050664345
            ],
            "cam_t_m2c": [
                -84.0984454948379,
                -100.66277369640893,
                802.0018615236495
            ],
            "obj_id": 3
        },
        {
            "cam_R_m2c": [
                -0.5104704899443199,
                -0.10058636478774856,
                -0.8539919614898567,
                -0.8598821948610601,
                0.054159352191570996,
                0.5076116160518691,
                -0.004807607673029935,
                0.9934537215566787,
                -0.11413945915565965
            ],
            "cam_t_m2c": [
                -102.61393415408085,
                -12.819069592864892,
                779.8922993643291
            ],
            "obj_id": 3
        },
        {
            "cam_R_m2c": [
                -0.4496378632934896,
                -0.8605215788394162,
                0.23943305971457882,
                -0.6598283052847866,
                0.1393211995725386,
                -0.7383885491394137,
                0.6020408548827001,
                -0.48999158489487166,
                -0.6304405402224341
            ],
            "cam_t_m2c": [
                58.14671460227872,
                18.54720591005904,
                770.8250273008105
            ],
            "obj_id": 7
        },
        {
            "cam_R_m2c": [
                0.8302142345089211,
                0.3854486037304856,
                0.40270779587649613,
                0.4368115028607482,
                -0.8986461510667244,
                -0.040388743444346335,
                0.3463242632123847,
                0.20943811328926165,
                -0.9144376932758892
            ],
            "cam_t_m2c": [
                -46.43899096140413,
                78.93765972442192,
                765.74940792415
            ],
            "obj_id": 9
        }
    ],
    "26": [
        {
            "cam_R_m2c": [
                -0.5262886425681441,
                -0.6292623026804702,
                0.5718830279111081,
                0.43072601825124757,
                -0.777178012182537,
                -0.4587697330914775,
                0.7331410586682889,
                0.0048789598852410415,
                0.6800591917383889
            ],
            "cam_t_m2c": [
                65.0316896967717,
                -5.308055398485994,
                782.200448292316
            ],
            "obj_id": 2
        },
        {
            "cam_R_m2c": [
                -0.4471811606365005,
                -0.8917684080093394,
                -0.06913049736619399,
                -0.7397004902805047,
                0.41216318497613924,
                -0.5319443499828722,
                0.5028635826106244,
                -0.1867397645460668,
                -0.8439530828615838
            ],
            "cam_t_m2c": [
                25.81713176474989,
                -12.731621454147461,
                793.0233605435217
            ],
            "obj_id": 2
        },
        {
            "cam_R_m2c": [
                0.6412813444288283,
                0.5529814870533211,
                -0.5319495665022961,
                0.5317368048825348,
                -0.8200804259365478,
                -0.21148074140894266,
                -0.5531865174543543,
                -0.14723846874136456,
                -0.8199427894234524
            ],
            "cam_t_m2c": [
                43.607305469825654,
                -82.26723302211735,
                813.4595767022967
            ],
            "obj_id": 3
        },
        {
            "cam_R_m2c": [
                0.7577072012823766,
                -0.3027101127530078,
                -0.5781413907162606,
                -0.17455136511002312,
                0.759625316543545,
                -0.6264994822552533,
                0.628817987039903,
                0.575618405437231,
                0.5227343878573861
            ],
            "cam_t_m2c": [
                -28.97367533455631,
                -77.96655010132827,
                800.3328919457941
            ],
            "obj_id": 3
        },
        {
            "cam_R_m2c": [
                0.3060021310768811,
                -0.9203252786675634,
                -0.24364939404373284,
                -0.9501046206586801,
                -0.3114842906807356,
                -0.016690526929897368,
                -0.0605323847154943,
                0.23659960335782362,
                -0.9697200742014641
            ],
            "cam_t_m2c": [
                26.591466956725704,
                102.53717040406833,
                743.395472153357
            ],
            "obj_id": 7
        },
        {
            "cam_R_m2c": [
                -0.2629097092826253,
                0.9533144803584774,
                -0.14856350723232425,
                0.5876385699269585,
                0.0360945293940958,
                -0.8083182743826323,
                -0.7652182788236304,
                -0.2998162543989276,
                -0.569693843072122
            ],
            "cam_t_m2c": [
                -72.3205684345169,
                15.354360018479394,
                757.2377676065713
            ],
            "obj_id": 9
        }
    ],
    "34": [
        {
            "cam_R_m2c": [
                0.09284254865169722,
                -0.4839751803061422,
                0.8701429575757466,
                -0.47212131067384516,
                -0.7908250259341585,
                -0.38948397284090297,
                0.8766309162660291,
                -0.37465282951176093,
                -0.301916945351447
            ],
            "cam_t_m2c": [
                83.66595036854422,
                48.82388006023461,
                778.1193783168128
            ],
            "obj_id": 2
        },
        {
            "cam_R_m2c": [
                0.4640608009146233,
                -0.682685081130135,
                -0.5644371171138545,
                -0.8024934269071031,
                -0.5937953389909865,
                0.0584109366179757,
                -0.37503666348848835,
                0.4258502299428764,
                -0.8234071620935619
            ],
            "cam_t_m2c": [
                26.209112795121907,
                2.8787296653730774,
                786.3430463810074
            ],
            "obj_id": 2
        },
        {
            "cam_R_m2c": [
                0.954040504318912,
                0.2969286967336272,
                -0.0405013173592727,
                0.28493635186098576,
                -0.9406534057552133,
                -0.1843454044728407,
                -0.09283455408518074,
                0.16433241589779005,
                -0.9820269173608581
            ],
            "cam_t_m2c": [
                92.78760159006386,
                -34.03112154033345,
                782.1035238571314
            ],
            "obj_id": 3
        },
        {
            "cam_R_m2c": [
                0.8164480277543438,
                -0.5244812840222933,
                -0.2415202402380983,
                0.003639799608961395,
                0.42294230290098206,
                -0.9061498760568472,
                0.5774078280303785,
                0.7389447804850221,
                0.3472190481337888
            ],
            "cam_t_m2c": [
                26.948627085850095,
                -55.599614845544885,
                797.4935955664118
            ],
            "obj_id": 3
        },
        {
            "cam_R_m2c": [
                0.769063086226047,
                0.10624773177148679,
                0.6302807344451096,
                0.3589544348662731,
                -0.8876964083478289,
                -0.2883530444207439,
                0.5288611323033265,
                0.448003310127851,
                -0.7208322751098089
            ],
            "cam_t_m2c": [
                -26.097748966660415,
                78.34845582562008,
                752.4484247761699
            ],
            "obj_id": 7
        },
        {
            "cam_R_m2c": [
                -0.6748142049486228,
                0.45811908687715097,
                0.5785784132203463,
                0.5583163822729179,
                0.8296087953392812,
                -0.00570416326297689,
                -0.4826066773664865,
                0.3191808697762154,
                -0.8156070950870015
            ],
            "cam_t_m2c": [
                -70.11728545709113,
                -28.63292735478923,
                797.0624738893396
            ],
            "obj_id": 9
        }
    ],
    "43": [
        {
            "cam_R_m2c": [
                0.5350273088544335,
                0.1415289293215983,
                0.8328961603708491,
                -0.07342222117904819,
                -0.9743482206054485,
                0.21272886296226695,
                0.8416385584244596,
                -0.17496923606387724,
                -0.5109115566476687
            ],
            "cam_t_m2c": [
                31.621960119872906,
                91.51389144651115,
                758.6505880737606
            ],
            "obj_id": 2
        },
        {
            "cam_R_m2c": [
                0.7527727989209619,
                0.3280497974083516,
                0.5707154340365599,
                0.5370702103951955,
                -0.8073850833306242,
                -0.24430495343125194,
                0.3806430261639636,
                0.4904198780074528,
                -0.7839639110636814
            ],
            "cam_t_m2c": [
                13.413038863515634,
                29.525175917842923,
                773.1765840502369
            ],
            "obj_id": 2
        },
        {
            "cam_R_m2c": [
                0.29163393186534886,
                0.8778937439630404,
                -0.37980640599985044,
                0.9563089671596117,
                -0.2761209704487718,
                0.09606882935519745,
                -0.020534660949143902,
                -0.39122924612776716,
                -0.9200642938168222
            ],
            "cam_t_m2c": [
                115.01664025300848,
                55.41423999661604,
                765.1534989229337
            ],
            "obj_id": 3
        },
        {
            "cam_R_m2c": [
                0.6160840520782243,
                0.6167396409296753,
                0.4899728115230002,
                0.7250282628479895,
                -0.2008954696198237,
                -0.6587669818168854,
                -0.3078548196911102,
                0.7611003211413778,
                -0.5709219972314513
            ],
            "cam_t_m2c": [
                94.43128597466631,
                6.187601193662468,
                778.9653422652755
            ],
            "obj_id": 3
        },
        {
            "cam_R_m2c": [
                0.16339855253326027,
                0.8686493516939046,
                0.4677056448894396,
                0.9853188046959254,
                -0.11991193556360015,
                -0.12152402778853662,
                -0.04947793737864794,
                0.48069589301760624,
                -0.875490588857158
            ],
            "cam_t_m2c": [
                -89.84269562915078,
                41.29734787106384,
                770.0917724302578
            ],
            "obj_id": 7
        },
        {
            "cam_R_m2c": [
                -0.948995865622449,
                0.09419011284232456,
                0.300891303289363,
                0.1454201781731804,
                0.9775226791450186,
                0.15264756887220404,
                -0.27975061572581855,
                0.18861718267395236,
                -0.941362615622207
            ],
            "cam_t_m2c": [
                -30.587692974304623,
                -63.7053044259672,
                781.2591995269411
            ],
            "obj_id": 9
        }
    ],
    "49": [
        {
            "cam_R_m2c": [
                0.47158706382959314,
                0.6982066394705586,
                -0.5386214863235382,
                0.6010317375561364,
                0.19245666391387792,
                0.7757071685625648,
                0.6452651572196733,
                -0.6895425281327124,
                -0.32888412392679334
            ],
            "cam_t_m2c": [
                -15.565656072607268,
                102.78501300006224,
                744.6197014649233
            ],
            "obj_id": 2
        },
        {
            "cam_R_m2c": [
                0.44391809475638755,
                0.8936330812898421,
                0.06600740924311095,
                0.8697239433438811,
                -0.4474261617956916,
                0.2083031442944697,
                0.21567999828754253,
                -0.035061269333160415,
                -0.9758347682158977
            ],
            "cam_t_m2c": [
                8.058593684058522,
                63.139452332735345,
                749.6178170724312
            ],
            "obj_id": 2
        },
        {
            "cam_R_m2c": [
                -0.9119698184069133,
                0.22592178323269066,
                0.34244809385541514,
                0.2281550021124074,
                0.9730196752107947,
                -0.03432641768531399,
                -0.34096344492308694,
                0.046826814622386505,
                -0.9389098321567471
            ],
            "cam_t_m2c": [
                53.346341405436974,
                105.53861352085195,
                733.6486821680152
            ],
            "obj_id": 3
        },
        {
            "cam_R_m2c": [
                0.371898213179827,
                -0.36260363733002665,
                0.8545240582067272,
                0.8751307853310019,
                0.4439560759410286,
                -0.1924810944232408,
                -0.3095760178853809,
                0.819403549041041,
                0.48243205091635283
            ],
            "cam_t_m2c": [
                67.50943911070566,
                35.24800014147835,
                775.0382601935373
            ],
            "obj_id": 3
        },
        {
            "cam_R_m2c": [
                0.4565782484044715,
                0.793045386275243,
                -0.4032570758399387,
                0.5520731997368746,
                -0.6079837083745541,
                -0.570588366002551,
                -0.6976754658898416,
                0.03789026068470987,
                -0.715411294448505
            ],
            "cam_t_m2c": [
                -83.08981675482991,
                -0.7854382048445814,
                777.0174511822812
            ],
            "obj_id": 7
        },
        {
            "cam_R_m2c": [
                -0.3233976629356672,
                -0.8510948832026022,
                -0.4135841756535715,
                -0.5597694965580933,
                0.5244613780177939,
                -0.6415593223933518,
                0.7629368406444106,
                0.024033734089597136,
                -0.6460266545244583
            ],
            "cam_t_m2c": [
                26.417475702687057,
                -43.518221076740076,
                779.0695165050239
            ],
            "obj_id": 9
        }
    ],
    "60": [
        {
            "cam_R_m2c": [
                0.6540870525526957,
                0.34159899321591386,
                -0.6748928535253302,
                0.18450355233220994,
                0.7932223184371254,
                0.5803073644927371,
                0.7335724348360434,
                -0.5040918065872262,
                0.4558096368685944
            ],
            "cam_t_m2c": [
                -84.35912139589364,
                62.24378474773725,
                758.4755100582454
            ],
            "obj_id": 2
        },
        {
            "cam_R_m2c": [
                -0.09046468237567076,
                0.9441630247812538,
                0.31681514256015586,
                0.6122482464689727,
                0.3036293139203049,
                -0.730041862532458,
                -0.7854730338075006,
                0.12792646376301164,
                -0.6055304144777739
            ],
            "cam_t_m2c": [
                -24.3294703715427,
                64.38657700006068,
                761.6594502386769
            ],
            "obj_id": 2
        },
        {
            "cam_R_m2c": [
                -0.8087083231482047,
                -0.5511575493699624,
                -0.2054650418105914,
                -0.5805776743645054,
                0.8040218808020673,
                0.12836808915208772,
                0.09444701576369093,
                0.22310029037705267,
                -0.9702091469080832
            ],
            "cam_t_m2c": [
                -54.80543716712877,
                120.60119634317194,
                747.4765726832746
            ],
            "obj_id": 3
        },
        {
            "cam_R_m2c": [
                -0.3056377813036484,
                -0.08698911819287368,
                0.9481658257959502,
                0.9502228132387588,
                0.03541761965115879,
                0.30955044120775427,
                -0.06050968225418067,
                0.9955795322957327,
                0.07183401117307767
            ],
            "cam_t_m2c": [
                -1.608496559263644,
                102.31593336598806,
                755.878286785041
            ],
            "obj_id": 3
        },
        {
            "cam_R_m2c": [
                -0.27882602603776496,
                0.9534592628344262,
                0.11476696842939414,
                0.9509786690296586,
                0.2574821357183207,
                0.1712953456956292,
                0.13377214272426152,
                0.15690254361254058,
                -0.9785123841645738
            ],
            "cam_t_m2c": [
                -65.77907136527236,
                -47.09038159787474,
                779.5779447164983
            ],
            "obj_id": 7
        },
        {
            "cam_R_m2c": [
                -0.4033565450376421,
                -0.869904069767869,
                -0.2838493525533837,
                -0.9055387746685798,
                0.42406850821745135,
                -0.012837220406824732,
                0.13153918819232555,
                0.2518584513943494,
                -0.9587829729871867
            ],
            "cam_t_m2c": [
                53.9575227180296,
                -3.880933575807559,
                759.7100382077701
            ],
            "obj_id": 9
        }
    ],
    "66": [
        {
            "cam_R_m2c": [
                -0.46501518263345953,
                -0.23889265856478853,
                -0.8524616232190106,
                0.5201891140364887,
                0.7054171229367026,
                -0.48144594553770853,
                0.7163551724737942,
                -0.6673204321195304,
                -0.20376079444906361
            ],
            "cam_t_m2c": [
                -104.50592794446564,
                18.820634859141805,
                797.3647795707521
            ],
            "obj_id": 2
        },
        {
            "cam_R_m2c": [
                -0.8746448990765279,
                0.39713003023440174,
                -0.2779997201579398,
                0.46182036204785765,
                0.8569561504660131,
                -0.2287978273189035,
                0.147371219998943,
                -0.32850183447227266,
                -0.9329350029798267
            ],
            "cam_t_m2c": [
                -54.37358743643135,
                31.782149695928247,
                778.4507922057716
            ],
            "obj_id": 2
        },
        {
            "cam_R_m2c": [
                -0.9774109531728353,
                -0.16062897006346735,
                0.13735165863866447,
                -0.13509801461478718,
                0.9746331928787794,
                0.17843377720258355,
                -0.1625300421641666,
                0.15584737804418913,
                -0.9743181816024679
            ],
            "cam_t_m2c": [
                -117.81548504159827,
                89.95221831279594,
                750.3359979445661
            ],
            "obj_id": 3
        },
        {
            "cam_R_m2c": [
                -0.8882520500553831,
                -0.4099127810746412,
                0.20731322689297071,
                -0.13234865167989945,
                0.6605518283972235,
                0.7390236204454914,
                -0.4398765886323938,
                0.6290017177103044,
                -0.6409877328905379
            ],
            "cam_t_m2c": [
                -28.780729673174857,
                87.90830629240662,
                753.2248946225941
            ],
            "obj_id": 3
        },
        {
            "cam_R_m2c": [
                -0.9812539793331464,
                0.14822514402206172,
                0.12316341268379502,
                -0.012823286017306652,
                0.5874556702891757,
                -0.8091552417332545,
                -0.19229058452215111,
                -0.7955660136574957,
                -0.5745420598445274
            ],
            "cam_t_m2c": [
                -25.91242829272453,
                -56.43239637330366,
                799.1649187020421
            ],
            "obj_id": 7
        },
        {
            "cam_R_m2c": [
                0.719340215163478,
                -0.40570085367031633,
                -0.5638763363418362,
                -0.6795769906647481,
                -0.5792189487268509,
                -0.4502012681899002,
                -0.14396058196759912,
                0.7070445121989931,
                -0.6923599536459536
            ],
            "cam_t_m2c": [
                63.187053985912726,
                45.06020435627723,
                774.6991136443742
            ],
            "obj_id": 9
        }
    ],
    "73": [
        {
            "cam_R_m2c": [
                -0.10461565118490374,
                0.2903895664814972,
                -0.9511726041753308,
                0.9430015076102636,
                0.3327828757368612,
                -0.0021194357751286117,
                0.3159189378423675,
                -0.8971784620395138,
                -0.3086520085122181
            ],
            "cam_t_m2c": [
                -97.45213731126918,
                -42.14141418374271,
                808.0464277305554
            ],
            "obj_id": 2
        },
        {
            "cam_R_m2c": [
                -0.7282371389907177,
                0.27423169746839476,
                0.6280669256542113,
                -0.002274594553331426,
                0.915478117949849,
                -0.40236162375684853,
                -0.6853213240531106,
                -0.2944429270444862,
                -0.6660616009054592
            ],
            "cam_t_m2c": [
                -58.13750021203188,
                -8.959598487290409,
                771.4434095078054
            ],
            "obj_id": 2
        },
        {
            "cam_R_m2c": [
                0.04481165019382254,
                -0.8833586434503177,
                0.46655082417853483,
                -0.997342118826297,
                -0.06641603977871255,
                -0.029957646156121905,
                0.057449489205985756,
                -0.4639679314286268,
                -0.8839874792489077
            ],
            "cam_t_m2c": [
                -148.96153720643903,
                21.67649286634169,
                763.2927561588463
            ],
            "obj_id": 3
        },
        {
            "cam_R_m2c": [
                -0.9955743769434456,
                0.07220090671570258,
                -0.06015443553795105,
                0.048251077576699525,
                0.9420132679424409,
                0.3320901240491663,
                0.08064344539894285,
                0.3277180168997717,
                -0.9413274189620991
            ],
            "cam_t_m2c": [
                -80.3765184369972,
                79.56608189332074,
                749.5242470262741
            ],
            "obj_id": 3
        },
        {
            "cam_R_m2c": [
                -0.7580098671772494,
                -0.21905246891866778,
                0.614359346420687,
                -0.40729611859651144,
                0.8946646473173969,
                -0.18353477017611586,
                -0.509441628638135,
                -0.38934686235791083,
                -0.7673842435023475
            ],
            "cam_t_m2c": [
                29.11608405010375,
                -56.212276808134305,
                787.0052373244383
            ],
            "obj_id": 7
        },
        {
            "cam_R_m2c": [
                0.6615360512042087,
                -0.7455842306917099,
                -0.08046178250148935,
                -0.5347301802479099,
                -0.3937642413537015,
                -0.7476724854254342,
                0.5257694548628512,
                0.5376371488189131,
                -0.6591758124113478
            ],
            "cam_t_m2c": [
                48.63447125606224,
                67.45022387820165,
                744.673827374256
            ],
            "obj_id": 9
        }
    ],
    "83": [
        {
            "cam_R_m2c": [
                -0.36967944453309737,
                -0.6751236549487425,
                -0.6383933469811142,
                0.11811778503306646,
                0.6473447634076464,
                -0.7529894484647676,
                0.9216213369244819,
                -0.35376989043132717,
                -0.15956549706029693
            ],
            "cam_t_m2c": [
                -3.1261976610101865,
                -84.93044106046064,
                817.7293057561703
            ],
            "obj_id": 2
        },
        {
            "cam_R_m2c": [
                -0.941105653740319,
                0.26042726822991713,
                -0.21563465967546935,
                0.30707994307269104,
                0.9252456725986656,
                -0.22276147689223091,
                0.14150235862448024,
                -0.27585909245186546,
                -0.9507256393730852
            ],
            "cam_t_m2c": [
                -37.74439543261062,
                -37.73765683706418,
                792.0415942238432
            ],
            "obj_id": 2
        },
        {
            "cam_R_m2c": [
                -0.1836929961947257,
                -0.9812498367009657,
                0.05836460435767554,
                -0.8528441425794185,
                0.12956854991534697,
                -0.505835130315731,
                0.4887882451733231,
                -0.14269396433337525,
                -0.8606535988994436
            ],
            "cam_t_m2c": [
                -95.9864965055816,
                -60.100667421812425,
                820.0208965223355
            ],
            "obj_id": 3
        },
        {
            "cam_R_m2c": [
                -0.1930958765071472,
                -0.675029675903527,
                -0.7120743479149417,
                -0.9728000362688866,
                0.22635863271915285,
                0.04921462636502942,
                0.1279628828813031,
                0.7022086113993674,
                -0.7003774842296296
            ],
            "cam_t_m2c": [
                -91.94238355938137,
                -13.06680356221936,
                792.9415193647397
            ],
            "obj_id": 3
        },
        {
            "cam_R_m2c": [
                -0.04621870211974248,
                -0.8202421461921129,
                0.5701468852902438,
                -0.8989758687151811,
                -0.21470753681298238,
                -0.38176335130521355,
                0.4355532368781882,
                -0.5301925093397535,
                -0.7274541196501471
            ],
            "cam_t_m2c": [
                66.31894494535638,
                4.707607919104851,
                786.246972018623
            ],
            "obj_id": 7
        },
        {
            "cam_R_m2c": [
                0.5969226882921908,
                0.7719142395638469,
                -0.21870575029949807,
                0.7993352737706061,
                -0.5956041178474061,
                0.07949397286548637,
                -0.06890007376464286,
                -0.22227093480633434,
                -0.9725475445786287
            ],
            "cam_t_m2c": [
                -3.5980972627335355,
                72.22446280632363,
                732.9393510642768
            ],
            "obj_id": 9
        }
    ],
    "100": [
        {
            "cam_R_m2c": [
                -0.5647640479985556,
                -0.0785590801095907,
                0.8215049717398593,
                -0.3924447528809961,
                -0.8501306223836517,
                -0.35109148657877165,
                0.7259680716406572,
                -0.5206791464713312,
                0.4492934681665232
            ],
            "cam_t_m2c": [
                72.30096542557824,
                3.955468027688653,
                776.7061315824185
            ],
            "obj_id": 2
        },
        {
            "cam_R_m2c": [
                -0.1570722245597517,
                -0.9483639589937891,
                -0.2755634545738702,
                -0.9875398398458423,
                0.14809776935961544,
                0.053216910101301196,
                -0.00965795339782387,
                0.2804886838153064,
                -0.9598090415817184
            ],
            "cam_t_m2c": [
                22.094917793049348,
                -12.770343529046908,
                800.0538580242426
            ],
            "obj_id": 2
        },
        {
            "cam_R_m2c": [
                0.8040757158908703,
                0.5482814067922598,
                0.22989161856743298,
                0.43199433742602944,
                -0.2731426900772486,
                -0.8595198726915022,
                -0.4084656913432107,
                0.790430530010225,
                -0.45648229481575964
            ],
            "cam_t_m2c": [
                64.13742422224468,
                -71.55638869533338,
                810.9887823945917
            ],
            "obj_id": 3
        },
        {
            "cam_R_m2c": [
                0.9298243577326092,
                -0.24241224409868944,
                0.27688063291996534,
                0.2682755565499803,
                -0.06850741715269315,
                -0.9609036204033591,
                0.2519035712513826,
                0.9677518779952197,
                0.0013337069693655573
            ],
            "cam_t_m2c": [
                -10.284224860797377,
                -59.20353816847224,
                812.5787873164608
            ],
            "obj_id": 3
        },
        {
            "cam_R_m2c": [
                0.9787921563342894,
                0.05663392727879927,
                -0.19687287554715452,
                0.033819394893241726,
