{
    "2": [
        {
            "cam_R_m2c": [
                -0.23489279032824492,
                -0.43918784147590456,
                -0.867144348272754,
                0.5759369612665185,
                0.6557589298234056,
                -0.48813597753677057,
                0.7830206625601458,
                -0.6140804061058477,
                0.0989115591507452
            ],
            "cam_t_m2c": [
                -74.45613030203776,
                -44.240418038358925,
                800.4009253906
            ],
            "obj_id": 2
        },
        {
            "cam_R_m2c": [
                -0.9374029188248879,
                0.34813716099198677,
                -0.008728167698957946,
                0.3379545489464799,
                0.9033637815816767,
                -0.26404641349590585,
                -0.08403992145604537,
                -0.250467938985294,
                -0.964470154203555
            ],
            "cam_t_m2c": [
                -50.064021322922876,
                8.249555159606818,
                774.1449266509643
            ],
            "obj_id": 2
        },
        {
            "cam_R_m2c": [
                -0.2281465745527006,
                -0.973590842710808,
                0.008359872649121448,
                -0.9341198860799094,
                0.21646035509148728,
                -0.2838394876009483,
                0.27453432698803315,
                -0.07256635972332132,
                -0.9588350356284352
            ],
            "cam_t_m2c": [
                -136.21040479203162,
                19.89258317504635,
                769.6182355882222
            ],
            "obj_id": 3
        },
        {
            "cam_R_m2c": [
                -0.857120629595693,
                0.0429731640043878,
                -0.5133199803473083,
                -0.4324064930429204,
                0.48153961946055374,
                0.7623280880498231,
                0.2799436299373575,
                0.8753697369737526,
                -0.39415605173595053
            ],
            "cam_t_m2c": [
                -84.62624868757442,
                69.22328408614179,
                766.7727294350982
            ],
            "obj_id": 3
        },
        {
            "cam_R_m2c": [
                -0.9036160532946339,
                -0.4283402127260387,
                0.0016080278503779787,
                -0.4124636780074959,
                0.8690993780004163,
                -0.27301991705863105,
                0.11554792643110141,
                -0.24736886126499782,
                -0.9620067083324272
            ],
            "cam_t_m2c": [
                40.31268692736742,
                -45.23149871166373,
                786.2075913889493
            ],
            "obj_id": 7
        },
        {
            "cam_R_m2c": [
                0.9869673240761012,
                -0.1609102676884579,
                -0.0018092917521459267,
                -0.15558980285353213,
                -0.9513400670123359,
                -0.26597709645505646,
                0.041077380294787386,
                0.26279259622696194,
                -0.9639773225369745
            ],
            "cam_t_m2c": [
                31.39570955774309,
                74.2725644702661,
                752.233687741677
            ],
            "obj_id": 9
        }
    ],
    "7": [
        {
            "cam_R_m2c": [
                -0.3565772419740542,
                -0.7310851762649254,
                -0.5816931077919203,
                0.4483501621621896,
                0.41233564892322344,
                -0.7930714416673041,
                0.8196550962508143,
                -0.5435930011245282,
                0.18075302045007863
            ],
            "cam_t_m2c": [
                -41.754220751515845,
                -65.29898091175713,
                804.8132288481338
            ],
            "obj_id": 2
        },
        {
            "cam_R_m2c": [
                -0.9977513934110659,
                -0.0669656540274308,
                -0.002739640937660934,
                -0.06378774274767407,
                0.9613551121106372,
                -0.26782147768687004,
                0.020568982410635563,
                -0.26704463833643516,
                -0.9634643530624726
            ],
            "cam_t_m2c": [
                -42.3821519687056,
                -7.011104712852646,
                778.8764514093355
            ],
            "obj_id": 2
        },
        {
            "cam_R_m2c": [
                0.1864522986555728,
                -0.9823997387553625,
                -0.011227104628834196,
                -0.9442054644689339,
                -0.17602223508872888,
                -0.2783757601107834,
                0.2715001589025132,
                0.06250488165903009,
                -0.9604063189449199
            ],
            "cam_t_m2c": [
                -124.89321062344588,
                -31.916906057836222,
                785.49696130885
            ],
            "obj_id": 3
        },
        {
            "cam_R_m2c": [
                -0.5484133868404205,
                -0.04814011581161074,
                -0.8348203493877684,
                -0.7471839766534014,
                0.4764526542225098,
                0.4633679225454049,
                0.3754460733910999,
                0.8778809253476128,
                -0.2972622448952207
            ],
            "cam_t_m2c": [
                -99.70592574906951,
                34.04748494536477,
                775.5230718437415
            ],
            "obj_id": 3
        },
        {
            "cam_R_m2c": [
                -0.6349103304650385,
                -0.7725106743112591,
                -0.010763445234106401,
                -0.7405317670258713,
                0.6124804617542671,
                -0.27655244975056387,
                0.22023249057306424,
                -0.16761517676525797,
                -0.9609382394038593
            ],
            "cam_t_m2c": [
                61.86178413023426,
                -19.51838218703552,
                778.7530699917272
            ],
            "obj_id": 7
        },
        {
            "cam_R_m2c": [
                0.9624554851210098,
                0.2714354911805288,
                0.0014013186925406138,
                0.2598768243761719,
                -0.9199545467888298,
                -0.2935106813455613,
                -0.07838046799125535,
                0.28285521661966717,
                -0.9559544578100574
            ],
            "cam_t_m2c": [
                3.4816844504788467,
                85.22604865720473,
                749.0874135192306
            ],
            "obj_id": 9
        }
    ],
    "14": [
        {
            "cam_R_m2c": [
                -0.3901558691472059,
                -0.920154049936293,
                -0.03308310075023157,
                0.23764203041103996,
                -0.06591980775231904,
                -0.9691139898008169,
                0.8895534898724783,
                -0.3859675976275457,
                0.2443857686061721
            ],
            "cam_t_m2c": [
                13.95561463847308,
                -67.63361262348205,
                805.5550397840815
            ],
            "obj_id": 2
        },
        {
            "cam_R_m2c": [
                -0.7778131699028304,
                -0.6284951121180834,
                -0.0003472113068843514,
                -0.6048933966927053,
                0.7487535698676155,
                -0.27105927900410015,
                0.17061903854278382,
                -0.2106231152771859,
                -0.9625631724985815
            ],
            "cam_t_m2c": [
                -22.44061253238637,
                -19.795303963275472,
                782.0992652521313
            ],
            "obj_id": 2
        },
        {
            "cam_R_m2c": [
                0.7290240765715962,
                -0.684436117127469,
                0.00840543792334156,
                -0.654383789333666,
                -0.7005108971975543,
                -0.2847234345947154,
                0.20076280407122626,
                0.20206946103217277,
                -0.9585734341960211
            ],
            "cam_t_m2c": [
                -76.91257207707497,
                -86.71109683846687,
                800.7462562056642
            ],
            "obj_id": 3
        },
        {
            "cam_R_m2c": [
                0.004146596729449792,
                -0.14273328941545657,
                -0.9897522756953693,
                -0.9173334123708687,
                0.39348384895062516,
                -0.060588176432955165,
                0.39809903229998816,
                0.9081843523170198,
                -0.12930253210512377
            ],
            "cam_t_m2c": [
                -91.52197932575895,
                -16.89984976453648,
                791.2191245159789
            ],
            "obj_id": 3
        },
        {
            "cam_R_m2c": [
                -0.09279488811630218,
                -0.9953381088600393,
                -0.0262816376543717,
                -0.9533906624422102,
                0.0964334550306917,
                -0.2859159247756727,
                0.28711695355291666,
                -0.0014749129347841495,
                -0.957894813548087
            ],
            "cam_t_m2c": [
                70.61071249966264,
                26.834676974932037,
                764.181782967119
            ],
            "obj_id": 7
        },
        {
            "cam_R_m2c": [
                0.6390091633530803,
                0.7690440107088756,
                -0.015432296926846082,
                0.7328836080381281,
                -0.6148094116055972,
                -0.2913624660652537,
                -0.23355805642733038,
                0.1748729574204395,
                -0.9564888247754825
            ],
            "cam_t_m2c": [
                -40.365690053745695,
                79.65449419578795,
                751.2726115163783
            ],
            "obj_id": 9
        }
    ],
    "26": [
        {
            "cam_R_m2c": [
                -0.17010352000130718,
                -0.4769788991330288,
                0.86229748415837,
                -0.10937846820560021,
                -0.8605039252139846,
                -0.4975632112001839,
                0.9793373234877831,
                -0.17895428722849407,
                0.09420334153192506
            ],
            "cam_t_m2c": [
                80.9531128546225,
                -3.393784254530961,
                787.338038757247
            ],
            "obj_id": 2
        },
        {
            "cam_R_m2c": [
                0.16809193870524736,
                -0.9857717081960744,
                0.000537415229051113,
                -0.9495280726476819,
                -0.16205852583567998,
                -0.2685763538116908,
                0.26484170340357815,
                0.04463516282111566,
                -0.9632585720223091
            ],
            "cam_t_m2c": [
                17.620856660330443,
                -13.1827361138572,
                780.4412926008669
            ],
            "obj_id": 2
        },
        {
            "cam_R_m2c": [
                0.9606218312854039,
                0.2774376862403014,
                -0.01533243077557314,
                0.2616046619227029,
                -0.9216384656614891,
                -0.28661007405846356,
                -0.0936472828788672,
                0.2713124869445528,
                -0.957924947598236
            ],
            "cam_t_m2c": [
                51.287893547216,
                -90.94580757268503,
                801.2189265133209
            ],
            "obj_id": 3
        },
        {
            "cam_R_m2c": [
                0.8618888735928312,
                -0.19517503134660003,
                -0.4680334616571132,
                -0.42625553679490313,
                0.22111519848446431,
                -0.8771625293769764,
                0.27468933304813614,
                0.9555183717296857,
                0.10738195844886245
            ],
            "cam_t_m2c": [
                -18.532332631185373,
                -67.73399318084724,
                805.0608899672968
            ],
            "obj_id": 3
        },
        {
            "cam_R_m2c": [
                0.8227469605356083,
                -0.5682459797397946,
                -0.0136012683312049,
                -0.5462234048340071,
                -0.7837890521539252,
                -0.29549031907377993,
                0.15725042117868682,
                0.25054277566455835,
                -0.9552492345193621
            ],
            "cam_t_m2c": [
                21.34747412522405,
                88.5655212122125,
                746.853136684324
            ],
            "obj_id": 7
        },
        {
            "cam_R_m2c": [
                -0.3773644029120907,
                0.9260328511841649,
                -0.007765832842619175,
                0.8876458812875364,
                0.35930608544443504,
                -0.2880689882360529,
                -0.2639706710881892,
                -0.1156001531377027,
                -0.9575784944709683
            ],
            "cam_t_m2c": [
                -83.26349405023758,
                21.495028751080362,
                767.2873902223209
            ],
            "obj_id": 9
        }
    ],
    "34": [
        {
            "cam_R_m2c": [
                0.11643970477470184,
                0.13932227390347687,
                0.9833776254633473,
                -0.12678404658977102,
                -0.9799276082185563,
                0.15384556245311207,
                0.9850724008255702,
                -0.14259076443696564,
                -0.09643838582485521
            ],
            "cam_t_m2c": [
                73.24381075994077,
                57.03649221723731,
                768.9123470423684
            ],
            "obj_id": 2
        },
        {
            "cam_R_m2c": [
                0.7648968386655023,
                -0.6441520579942595,
                -0.001182563888301333,
                -0.6211802103580726,
                -0.737130318320016,
                -0.26603530827709876,
                0.17049515709904065,
                0.2042235611839939,
                -0.9639627936657725
            ],
            "cam_t_m2c": [
                30.809839739247153,
                10.645027985534853,
                773.6683826073656
            ],
            "obj_id": 2
        },
        {
            "cam_R_m2c": [
                0.5392134754693407,
                0.8421693795609817,
                -0.00012912469838819782,
                0.804457132815501,
                -0.5151131072469887,
                -0.29581751097859355,
                -0.24919432629910324,
                0.15940466269792827,
                -0.9552446989146831
            ],
            "cam_t_m2c": [
                107.699286219342,
                -27.217069154482218,
                783.4044575818658
            ],
            "obj_id": 3
        },
        {
            "cam_R_m2c": [
                0.9747405190700176,
                -0.10378917421666713,
                0.19776038929292045,
                0.2091282449399168,
                0.11331718197144854,
                -0.9713008670682868,
                0.07840106942748544,
                0.988123079916864,
                0.13215954664173804
            ],
            "cam_t_m2c": [
                42.33414676230899,
                -51.54925099744822,
                799.9544861683405
            ],
            "obj_id": 3
        },
        {
            "cam_R_m2c": [
                0.9974678182422207,
                0.07109606878955321,
                0.0019340896355326807,
                0.0688966992302043,
                -0.9591487983309677,
                -0.2743858428724211,
                -0.017652494813523305,
                0.2738236502726978,
                -0.961617969782093
            ],
            "cam_t_m2c": [
                -34.48978455309557,
                90.17666642425561,
                747.474372530273
            ],
            "obj_id": 7
        },
        {
            "cam_R_m2c": [
                -0.8720504044173288,
                0.4892209039310636,
                -0.013836296240513494,
                0.47435816516256296,
                0.8379221053306691,
                -0.2699474796240655,
                -0.12047000561409707,
                -0.24197051731903504,
                -0.9627758651058518
            ],
            "cam_t_m2c": [
                -68.77634606560552,
                -24.70633393473119,
                782.353313086851
            ],
            "obj_id": 9
        }
    ],
    "43": [
        {
            "cam_R_m2c": [
                0.3600133058884587,
                0.7315375906714737,
                0.579002128399007,
                0.04335296085256536,
                -0.6330625094881015,
                0.7728851663546429,
                0.9319396156287509,
                -0.25314766227619306,
                -0.2596252236440873
            ],
            "cam_t_m2c": [
                20.999067052202946,
                102.7888427635716,
                756.9900168242945
            ],
            "obj_id": 2
        },
        {
            "cam_R_m2c": [
                0.9975622880539332,
                0.06716725147710421,
                -0.018930806429814588,
                0.05929144680989234,
                -0.9588425862256421,
                -0.2776769517091091,
                -0.036802402697241964,
                0.2758776074248105,
                -0.9604881914038834
            ],
            "cam_t_m2c": [
                22.353919150850917,
                39.41620536534839,
                763.7774357808814
            ],
            "obj_id": 2
        },
        {
            "cam_R_m2c": [
                -0.2096175781738449,
                0.9777111936768053,
                -0.011899535022911165,
                0.9436147894690298,
                0.19908918467627723,
                -0.2644876422589793,
                -0.25622346340894236,
                -0.06666976331688365,
                -0.9643158812999886
            ],
            "cam_t_m2c": [
                105.37508221678277,
                65.36115033886911,
                755.5368806729285
            ],
            "obj_id": 3
        },
        {
            "cam_R_m2c": [
                0.5684908286239496,
                0.05315268725229968,
                0.820970942046594,
                0.8171304245516449,
                0.07933337776805338,
                -0.5709668561108046,
                -0.0954786793113896,
                0.995430299046153,
                0.0016675804938223425
            ],
            "cam_t_m2c": [
                80.40323198283494,
                3.3336252490311935,
                784.106750859468
            ],
            "obj_id": 3
        },
        {
            "cam_R_m2c": [
                0.6479499648127408,
                0.7616324239560734,
                0.008786918951622057,
                0.7312353326688199,
                -0.6187770954055454,
                -0.28706947291631274,
                -0.21320420141382218,
                0.19243198027645023,
                -0.9578696876630646
            ],
            "cam_t_m2c": [
                -83.37294414992172,
                52.01695517088081,
                760.2443006817105
            ],
            "obj_id": 7
        },
        {
            "cam_R_m2c": [
                -0.9598704152148726,
                -0.2798346712380034,
                -0.018483831473020223,
                -0.2648920497231291,
                0.926309462873626,
                -0.2679217340562408,
                0.09209547315749692,
                -0.25227394428251443,
                -0.963263579277875
            ],
            "cam_t_m2c": [
                -21.435119013355806,
                -53.360275323361485,
                790.409386984242
            ],
            "obj_id": 9
        }
    ],
    "49": [
        {
            "cam_R_m2c": [
                0.42223332223880117,
                0.9012938026756137,
                0.0968995504447038,
                0.26587526155677005,
                -0.22532645806593674,
                0.9373035130380117,
                0.8666198695657737,
                -0.36999789937684024,
                -0.33477169150040087
            ],
            "cam_t_m2c": [
                -26.983037797090244,
                107.80024369150404,
                754.9974550422792
            ],
            "obj_id": 2
        },
        {
            "cam_R_m2c": [
                0.8329852471928458,
                0.5532538921854696,
                -0.0068381000347930146,
                0.5285276203609406,
                -0.7992913335360561,
                -0.28599201202494556,
                -0.16369180374643466,
                0.23461253538086263,
                -0.9582079535793692
            ],
            "cam_t_m2c": [
                7.287409074896049,
                51.539943234312624,
                760.9759641340943
            ],
            "obj_id": 2
        },
        {
            "cam_R_m2c": [
                -0.67055461280279,
                0.7417658823471295,
                -0.011870569865238169,
                0.7173723279456546,
                0.6442601210094892,
                -0.265151567929913,
                -0.18903221893265343,
                -0.18631415221786488,
                -0.9641340199641896
            ],
            "cam_t_m2c": [
                64.09693042625256,
                113.00005830104682,
                742.0487073531069
            ],
            "obj_id": 3
        },
        {
            "cam_R_m2c": [
                0.06249530939413383,
                0.16085335915198024,
                0.9849982491618775,
                0.9845144493668815,
                0.15202384779099776,
                -0.08729023411087695,
                -0.16378375542687823,
                0.9752002450283322,
                -0.14886196859078987
            ],
            "cam_t_m2c": [
                76.31683427837812,
                48.38204987199696,
                770.9151330573535
            ],
            "obj_id": 3
        },
        {
            "cam_R_m2c": [
                0.18239570801305485,
                0.9832232838573217,
                0.002195384851939928,
                0.9472173843157882,
                -0.17511638392597387,
                -0.2685386143801622,
                -0.2636486355678463,
                0.05105949821135297,
                -0.9632667676864283
            ],
            "cam_t_m2c": [
                -91.22478050328907,
                11.355238053393514,
                770.3498510788808
            ],
            "obj_id": 7
        },
        {
            "cam_R_m2c": [
                -0.681090674023718,
                -0.7321965322245528,
                0.0021794032321180404,
                -0.7027130347931687,
                0.6528226023147216,
                -0.2828720219667549,
                0.20569502903891426,
                -0.19419254806927627,
                -0.9591555360038936
            ],
            "cam_t_m2c": [
                14.324449057884738,
                -49.71995677840249,
                788.6289983746415
            ],
            "obj_id": 9
        }
    ],
    "60": [
        {
            "cam_R_m2c": [
                0.2579155673680714,
                0.6208567863716218,
                -0.7402811533657825,
                0.5701353946012976,
                0.5207787977389697,
                0.6354010786585668,
                0.7800161166434878,
                -0.5859405795327062,
                -0.21965588837385175
            ],
            "cam_t_m2c": [
                -94.28860341365562,
                57.50091376605337,
                769.8764501162182
            ],
            "obj_id": 2
        },
        {
            "cam_R_m2c": [
                -0.001693390747055732,
                0.9999981079478822,
                -0.00082082778757395,
                0.960014566064093,
                0.0013962945800732919,
                -0.27994565633530777,
                -0.2799443270955332,
                -0.0012618354933198234,
                -0.9600155176889766
            ],
            "cam_t_m2c": [
                -30.544838110309737,
                50.28926885100465,
                760.6513815307374
            ],
            "obj_id": 2
        },
        {
            "cam_R_m2c": [
                -0.9931534550550914,
                -0.11651223102743094,
                -0.008418680967817768,
                -0.1086856795518196,
                0.9480411879027969,
                -0.2990063300390714,
                0.042818973117528664,
                -0.29604454844361805,
                -0.9542140110427142
            ],
            "cam_t_m2c": [
                -48.92676065877663,
                131.74820494968193,
                736.0955564668699
            ],
            "obj_id": 3
        },
        {
            "cam_R_m2c": [
                -0.7731641777217474,
                0.21146273077852346,
                0.5979133840350002,
                0.6330959702187791,
                0.3130829638532988,
                0.70793221803861,
                -0.03749555422576633,
                0.9258848150976674,
                -0.3759409446644436
            ],
            "cam_t_m2c": [
                15.137620862761446,
                102.23881572597817,
                755.3239267899404
            ],
            "obj_id": 3
        },
        {
            "cam_R_m2c": [
                -0.7008409916378282,
                0.712975731837889,
                -0.022074318963204376,
                0.6871016627436383,
                0.6664486157456709,
                -0.2893734664363955,
                -0.1916052645662599,
                -0.21797218325241846,
                -0.9569617337322283
            ],
            "cam_t_m2c": [
                -52.81037659763792,
                -49.89930181536427,
                789.3736458058529
            ],
            "obj_id": 7
        },
        {
            "cam_R_m2c": [
                0.19233709486105788,
                -0.9812776156623573,
                -0.010022055830598578,
                -0.9462924873283861,
                -0.18275627064564928,
                -0.26670236879003373,
                0.25987786217671,
                0.060780394363060875,
                -0.9637268510016779
            ],
            "cam_t_m2c": [
                61.29361267024888,
                -3.1013330854417402,
                773.4765991603766
            ],
            "obj_id": 9
        }
    ],
    "66": [
        {
            "cam_R_m2c": [
                0.04885449829859639,
                0.1760335167539446,
                -0.9831708164765299,
                0.6492904220758672,
                0.7423855587446214,
                0.1651852648133382,
                0.7589701926743835,
                -0.6464328750298202,
                -0.07802853841911588
            ],
            "cam_t_m2c": [
                -102.48276342633709,
                10.614567584925881,
                784.1039131972286
            ],
            "obj_id": 2
        },
        {
            "cam_R_m2c": [
                -0.48346615781259666,
                0.8750666884938763,
                -0.02276369180977196,
                0.8420360119248026,
                0.4577953879868617,
                -0.2853055472245287,
                -0.2392401547363652,
                -0.15710262064483194,
                -0.9581662533385398
            ],
            "cam_t_m2c": [
                -44.943925813699934,
                34.545018302615134,
                766.1177213517173
            ],
            "obj_id": 2
        },
        {
            "cam_R_m2c": [
                -0.7929973541179974,
                -0.6091986448339712,
                -0.005622516572900572,
                -0.5829464015116428,
                0.7614410766811024,
                -0.2835163241879746,
                0.1769981606329736,
                -0.22155006161849566,
                -0.9589509326368266
            ],
            "cam_t_m2c": [
                -103.44008266487037,
                96.36635991355384,
                746.7884562592654
            ],
            "obj_id": 3
        },
        {
            "cam_R_m2c": [
                -0.9763282736130873,
                0.15275824728352794,
                0.15312544454084195,
                0.2023688957539491,
                0.3952475889524612,
                0.8960059705408763,
                0.07634929882432735,
                0.9057839854423936,
                -0.41680434058027943
            ],
            "cam_t_m2c": [
                -32.538478817685345,
                103.61881959611046,
                754.3854818177701
            ],
            "obj_id": 3
        },
        {
            "cam_R_m2c": [
                -0.9607293056747448,
                0.27742072793708134,
                -0.006029533419404105,
                0.2689283386181078,
                0.9255255514358678,
                -0.2666093003117513,
                -0.06838294687357617,
                -0.2577602244574157,
                -0.9637858349720313
            ],
            "cam_t_m2c": [
                -13.667506268440583,
                -63.05397875426722,
                791.898195857508
            ],
            "obj_id": 7
        },
        {
            "cam_R_m2c": [
                0.6560216598661456,
                -0.7547325182720513,
                -0.0037163974554858064,
                -0.7285504829755108,
                -0.6319628630385853,
                -0.2642681156281707,
                0.19710316104888068,
                0.17607237451279997,
                -0.9644420985372847
            ],
            "cam_t_m2c": [
                61.35432429180568,
                34.5102318874142,
                763.9218925125908
            ],
            "obj_id": 9
        }
    ],
    "73": [
        {
            "cam_R_m2c": [
                -0.1717417683577783,
                -0.32693281822964526,
                -0.9293113316340001,
                0.7356672371820994,
                0.5848368013699159,
                -0.3417015696337814,
                0.6552095346175307,
                -0.7423480205270448,
                0.1400727079297152
            ],
            "cam_t_m2c": [
                -81.92709913668051,
                -41.824307354433856,
                807.4772265040235
            ],
            "obj_id": 2
        },
        {
            "cam_R_m2c": [
                -0.8764524240530105,
                0.4814614457110552,
                0.00508717449453913,
                0.4309467791353394,
                0.7891202051961822,
                -0.43769223608947067,
                -0.21474599766271718,
                -0.38142368001066124,
                -0.8991110180041088
            ],
            "cam_t_m2c": [
                -49.201223896509156,
                2.850264304364713,
                774.2898009434965
            ],
            "obj_id": 2
        },
        {
            "cam_R_m2c": [
                -0.3645966448413712,
                -0.9311261971988983,
                0.008552286368917533,
                -0.8344210512172799,
                0.322626234154999,
                -0.44682675507069636,
                0.4132924214692478,
                -0.17004747165810524,
                -0.8945801836194336
            ],
            "cam_t_m2c": [
                -133.27764057272418,
                23.33720000726214,
                764.3505539885765
            ],
            "obj_id": 3
        },
        {
            "cam_R_m2c": [
                -0.9036365251042465,
                0.051546813474955225,
                -0.42518680029821226,
                -0.3051307123988438,
                0.6191705839964361,
                0.7235491432541814,
                0.3005597289191473,
                0.7835635139827377,
                -0.5437761841456794
            ],
            "cam_t_m2c": [
                -75.41176898530688,
                64.79029273836832,
                754.7731582248713
            ],
            "obj_id": 3
        },
        {
            "cam_R_m2c": [
                -0.9523927925653545,
                -0.30429118053620174,
                0.018833480807702904,
                -0.2809242704131073,
                0.8519020862974025,
                -0.4419781687597131,
                0.1184456960541818,
                -0.42622706077499767,
                -0.8968286312970835
            ],
            "cam_t_m2c": [
                33.077101647473626,
                -58.18702275048902,
                803.0362660983485
            ],
            "obj_id": 7
        },
        {
            "cam_R_m2c": [
                0.9578034442528764,
                -0.2871235020373708,
                0.013134267293647996,
                -0.25031324450791514,
                -0.8557251283420729,
                -0.45285552103373716,
                0.14126455386559997,
                0.43045839045937306,
                -0.8914877249102453
            ],
            "cam_t_m2c": [
                40.88609371378861,
                52.97177712619628,
                747.0725335303473
            ],
            "obj_id": 9
        }
    ],
    "83": [
        {
            "cam_R_m2c": [
                -0.39467540666156964,
                -0.8668656329793282,
                -0.30459173167564274,
                0.4857088868845852,
                0.08456190796669752,
                -0.8700207744454361,
                0.7799479419190415,
                -0.4913182121994098,
                0.3876700295990405
            ],
            "cam_t_m2c": [
                -11.93510247988157,
                -73.73080017741579,
                823.4263620004605
            ],
            "obj_id": 2
        },
        {
            "cam_R_m2c": [
                -0.9332370435739916,
                -0.35907942703234974,
                -0.011463552718087171,
                -0.31708708561488835,
                0.8382618902197808,
                -0.44359077102173616,
                0.16889423043237434,
                -0.4103402540281675,
                -0.8961562577058458
            ],
            "cam_t_m2c": [
                -33.512369377608444,
                -23.576799003950782,
                788.0978956315336
            ],
            "obj_id": 2
        },
        {
            "cam_R_m2c": [
                0.47839894801806315,
                -0.8781359958909385,
                0.00352949491275529,
                -0.7902606698194614,
                -0.432271015106799,
                -0.43431536816708505,
                0.38291345924940096,
                0.20498722113629228,
                -0.9007540879959831
            ],
            "cam_t_m2c": [
                -103.25057474509512,
                -67.81925195107104,
                808.8617661928818
            ],
            "obj_id": 3
        },
        {
            "cam_R_m2c": [
                -0.28635794101937323,
                -0.09747925718491054,
                -0.9531514804626126,
                -0.7882694886650775,
                0.5894622325618748,
                0.17653745499559007,
                0.5446382013217093,
                0.8018929471458028,
                -0.245636640382037
            ],
            "cam_t_m2c": [
                -98.08107426645397,
                -0.09820545344424547,
                785.324886692305
            ],
            "obj_id": 3
        },
        {
            "cam_R_m2c": [
                -0.39111841249312634,
                -0.9203011676253352,
                0.008543129960895356,
                -0.8188802840923499,
                0.3437487850407312,
                -0.45964315864025884,
                0.42007364931236035,
                -0.186770274306679,
                -0.8880627258519536
            ],
            "cam_t_m2c": [
                71.21776628556235,
                -7.0153443087421055,
                777.7898417159972
            ],
            "obj_id": 7
        },
        {
            "cam_R_m2c": [
                0.8309040743552313,
                0.5563343497000465,
                -0.009556724566035917,
                0.4977690102266756,
                -0.7508907520403673,
                -0.4340381195948081,
                -0.24864679272918613,
                0.35588677517151235,
                -0.9008439394013243
            ],
            "cam_t_m2c": [
                -17.39608765438973,
                69.61337601649309,
                739.2757799575559
            ],
            "obj_id": 9
        }
    ],
    "100": [
        {
            "cam_R_m2c": [
                -0.12829302186617264,
                -0.3920895026625485,
                0.9109377301738778,
                0.052925661079152184,
                -0.9199258350584979,
                -0.38850366779636003,
                0.9903235481179756,
                -0.0016302288045456626,
                0.13877183767948187
            ],
            "cam_t_m2c": [
                84.47587492765749,
                -0.5133106217501553,
                786.3544617486747
            ],
            "obj_id": 2
        },
        {
            "cam_R_m2c": [
                0.29456725086506175,
                -0.9556066528472876,
                -0.006846729869852012,
                -0.8500069655345638,
                -0.2587290436680655,
                -0.45885423030844386,
                0.4367129358460297,
                0.1409831789708321,
                -0.8884855490876412
            ],
            "cam_t_m2c": [
                22.123527254987053,
                -19.155934864325882,
                785.037620815618
            ],
            "obj_id": 2
        },
        {
            "cam_R_m2c": [
                0.9173371065949655,
                0.3981111748444673,
                -0.000977260459312169,
                0.3538929467885074,
                -0.8165663687860918,
                -0.4560470365462354,
                -0.18235542365221918,
                0.41800324254775223,
                -0.8899555037971414
            ],
            "cam_t_m2c": [
                66.50526633488809,
                -85.65968646343062,
                817.6190794424135
            ],
            "obj_id": 3
        },
        {
            "cam_R_m2c": [
                0.9145695201003203,
                -0.19989517674732504,
                -0.3515754853364088,
                -0.26609481609836527,
                0.35722314852239917,
                -0.8953127649324433,
                0.30455978302019554,
                0.9123783207256023,
                0.273514464744035
            ],
            "cam_t_m2c": [
                -5.310528364021658,
                -71.8529277965179,
                820.9567580611734
            ],
            "obj_id": 3
        },
        {
            "cam_R_m2c": [
                0.8834833538974458,
                -0.46799034532988204,
