{
  "100": [
    {
      "cam_R_m2c": [
        -0.16252091400397714,
        -0.4135780809152719,
        0.8958465112542912,
        -0.09863699297824137,
        -0.8965593070962433,
        -0.4318008366496712,
        0.9817630320727696,
        -0.15854008199108255,
        0.10491585590681937
      ],
      "cam_t_m2c": [
        83.37080522598794,
        -1.3798584209190274,
        790.7337333467166
      ],
      "obj_id": 2
    },
    {
      "cam_R_m2c": [
        0.21062485283190902,
        -0.9662246133340733,
        -0.14848620136586663,
        -0.8997263428132891,
        -0.132207925235577,
        -0.41594855473828557,
        0.382268981859758,
        0.22120603709762293,
        -0.8971840954533797
      ],
      "cam_t_m2c": [
        19.83263237441914,
        -21.48219598554045,
        785.2128740226213
      ],
      "obj_id": 2
    },
    {
      "cam_R_m2c": [
        0.8464672698281421,
        0.5291409322125037,
        0.059191615764893034,
        0.513168665735235,
        -0.7811295347983644,
        -0.35566076129260704,
        -0.14195832865762606,
        0.331430802237743,
        -0.9327392072918008
      ],
      "cam_t_m2c": [
        63.428473736445596,
        -86.72473640000776,
        814.9192975435288
      ],
      "obj_id": 3
    },
    {
      "cam_R_m2c": [
        0.8548695165496828,
        -0.1732826008464294,
        -0.48905236699242993,
        -0.425803222976354,
        0.3042719930143613,
        -0.8521207740211815,
        0.2964628891806233,
        0.9366922409031345,
        0.1863287422416834
      ],
      "cam_t_m2c": [
        -3.4217073788371373,
        -72.82888746082693,
        824.9327566604675
      ],
      "obj_id": 3
    },
    {
      "cam_R_m2c": [
        0.8996453982232889,
        -0.4088103502285981,
        -0.15333987490568673,
        -0.4290709603177896,
        -0.7627428051492076,
        -0.4838607811918346,
        0.08084858630952813,
        0.5010970098547501,
        -0.8616068015677268
      ],
      "cam_t_m2c": [
        12.508268097313568,
        79.42199879600271,
        734.5340718030409
      ],
      "obj_id": 7
    },
    {
      "cam_R_m2c": [
        -0.3588571225208444,
        0.933366053917142,
        -0.0070938032949381365,
        0.7827756508031549,
        0.29680216231979756,
        -0.5469646994881849,
        -0.508412910619275,
        -0.2018350555422749,
        -0.8371260053230007
      ],
      "cam_t_m2c": [
        -83.54840226476355,
        -1.3680027151991367,
        772.9701727788606
      ],
      "obj_id": 9
    }
  ],
  "108": [
    {
      "cam_R_m2c": [
        0.17114586931911185,
        0.40521478518838705,
        0.8980587717186532,
        0.11282489136592946,
        -0.9135720484233668,
        0.39071308213349737,
        0.9787641492699566,
        0.03445366576207547,
        -0.20207224074542274
      ],
      "cam_t_m2c": [
        72.57590749580363,
        58.43673441933179,
        760.3799893036567
      ],
      "obj_id": 2
    },
    {
      "cam_R_m2c": [
        0.8062647022221167,
        -0.5888821658572321,
        -0.05616507476903201,
        -0.5080359129765507,
        -0.640665369463503,
        -0.5757149190170231,
        0.30304481505991065,
        0.4927119250580513,
        -0.8157193747599115
      ],
      "cam_t_m2c": [
        33.29871939716446,
        1.534852183320873,
        774.6894598257265
      ],
      "obj_id": 2
    },
    {
      "cam_R_m2c": [
        0.4581953371493066,
        0.8854578465362475,
        -0.07759463131764402,
        0.7067931255515042,
        -0.4158903478371849,
        -0.5722577645669733,
        -0.5389803621473482,
        0.20736215208739397,
        -0.8163947611571125
      ],
      "cam_t_m2c": [
        116.14640312152223,
        -23.995979644560087,
        788.7248630087878
      ],
      "obj_id": 3
    },
    {
      "cam_R_m2c": [
        0.9232458750775933,
        -0.21940113598832783,
        0.31540402848113924,
        0.37651142869320414,
        0.3531523142975902,
        -0.856459434539245,
        0.07652271880949092,
        0.9094759867038029,
        0.4086527437962535
      ],
      "cam_t_m2c": [
        52.4480972899115,
        -49.70960192221342,
        807.2740780152175
      ],
      "obj_id": 3
    },
    {
      "cam_R_m2c": [
        0.973266840023477,
        0.16805628732803962,
        0.15655110113213108,
        0.22521668853975943,
        -0.8319870878537354,
        -0.5070257091359511,
        0.045039744663866656,
        0.5287285315256929,
        -0.8475948117885059
      ],
      "cam_t_m2c": [
        -42.150147844269654,
        71.01338605564567,
        741.9902759496074
      ],
      "obj_id": 7
    },
    {
      "cam_R_m2c": [
        -0.9308616019636102,
        0.3408341722718959,
        -0.13163677683555666,
        0.3653461146462348,
        0.8640637096494322,
        -0.3462888687690999,
        -0.004284227780157934,
        -0.3704393288318402,
        -0.9288466290579153
      ],
      "cam_t_m2c": [
        -60.99319914685099,
        -43.10059832232067,
        792.9678620980646
      ],
      "obj_id": 9
    }
  ],
  "117": [
    {
      "cam_R_m2c": [
        0.2588675576548664,
        0.7769752081919936,
        0.5738439703944381,
        0.16396111408293562,
        -0.6208205654439097,
        0.7666149913445524,
        0.9518949952993914,
        -0.10436318887814613,
        -0.2881040603907736
      ],
      "cam_t_m2c": [
        9.497960189583388,
        91.79214153024029,
        745.3158887575805
      ],
      "obj_id": 2
    },
    {
      "cam_R_m2c": [
        0.9850978948223107,
        0.10083878780600504,
        0.13933226460622494,
        0.15297510574178844,
        -0.8839743135309511,
        -0.44180078536137196,
        0.07861582465450852,
        0.4565317563047186,
        -0.8862268850305919
      ],
      "cam_t_m2c": [
        23.070226507955105,
        28.54571344579108,
        758.8708966697321
      ],
      "obj_id": 2
    },
    {
      "cam_R_m2c": [
        -0.3580369519175563,
        0.9183947226745147,
        -0.1684063679088515,
        0.858652589122369,
        0.2530062666812077,
        -0.4457616699349648,
        -0.366777461308721,
        -0.3042014053495872,
        -0.8791674098383027
      ],
      "cam_t_m2c": [
        97.70277969032253,
        61.19621166340034,
        741.3800850542946
      ],
      "obj_id": 3
    },
    {
      "cam_R_m2c": [
        0.5631210667487049,
        0.017092004808131896,
        0.8261974917034645,
        0.8123720011706443,
        0.17181626881995501,
        -0.5572530479766717,
        -0.15147880271082784,
        0.9849805114170536,
        0.0828687205591955
      ],
      "cam_t_m2c": [
        83.4195008561683,
        8.245211409817209,
        779.9808909411045
      ],
      "obj_id": 3
    },
    {
      "cam_R_m2c": [
        0.5332089269442344,
        0.8442388064052904,
        -0.05430523881266785,
        0.8001959737425985,
        -0.5241422788593463,
        -0.2914810707635967,
        -0.2745432429593881,
        0.11196574521787855,
        -0.9550336287698231
      ],
      "cam_t_m2c": [
        -87.70113123924793,
        26.80353025707905,
        761.7726755450598
      ],
      "obj_id": 7
    },
    {
      "cam_R_m2c": [
        -0.90200864068616,
        -0.4084201227349117,
        -0.1399050330041267,
        -0.34071914631540806,
        0.872477905935866,
        -0.3502752059082716,
        0.26512325332458864,
        -0.2682831012782219,
        -0.926138956919145
      ],
      "cam_t_m2c": [
        -7.623482752290923,
        -61.016393357639124,
        803.523169169569
      ],
      "obj_id": 9
    }
  ],
  "130": [
    {
      "cam_R_m2c": [
        0.38706418169013596,
        0.7505466461739635,
        -0.535593848714604,
        0.5158807567371405,
        0.3051695649340389,
        0.8004619643453904,
        0.7642307555205186,
        -0.5861321333834613,
        -0.2690720747384457
      ],
      "cam_t_m2c": [
        -80.28615387055936,
        56.87832208080541,
        756.6398940453937
      ],
      "obj_id": 2
    },
    {
      "cam_R_m2c": [
        0.06247601773136859,
        0.9979482934649944,
        0.013982458927786571,
        0.8701354615910453,
        -0.04760157554465632,
        -0.4905092770794117,
        -0.4888369714268322,
        0.042811755151619314,
        -0.8713235942282969
      ],
      "cam_t_m2c": [
        -24.915442986896846,
        40.63472174589569,
        753.8710048837307
      ],
      "obj_id": 2
    },
    {
      "cam_R_m2c": [
        -0.9697832357271866,
        0.21956362509353042,
        0.10635751221780058,
        0.1628765127758087,
        0.9072478734653184,
        -0.3877800381062446,
        -0.18163508989484786,
        -0.3587389562229394,
        -0.9155951002264658
      ],
      "cam_t_m2c": [
        -17.557086673758985,
        118.50605826046628,
        716.5043098333654
      ],
      "obj_id": 3
    },
    {
      "cam_R_m2c": [
        -0.605815137411604,
        0.05434979770964763,
        0.7937466079470873,
        0.69868964283177,
        0.5135456740564572,
        0.4981009681249722,
        -0.38055329668574456,
        0.8563391371946468,
        -0.34908704606538005
      ],
      "cam_t_m2c": [
        32.96722881845426,
        85.1526897795776,
        742.8810288549104
      ],
      "obj_id": 3
    },
    {
      "cam_R_m2c": [
        -0.45302583592197626,
        0.879086136308648,
        -0.14823942493009049,
        0.8298475991300733,
        0.3550667779877718,
        -0.43044315845703385,
        -0.32576150452465963,
        -0.3180176834001801,
        -0.8903614019888109
      ],
      "cam_t_m2c": [
        -67.37220473628814,
        -48.84033472441432,
        799.7817233357624
      ],
      "obj_id": 7
    },
    {
      "cam_R_m2c": [
        0.011607118546676709,
        -0.9941738533137638,
        0.10715954774725524,
        -0.9467994277601927,
        -0.04539618058131554,
        -0.31860777085741043,
        0.321615640738327,
        -0.0977606195848402,
        -0.9418097395936335
      ],
      "cam_t_m2c": [
        59.64120163808465,
        -27.531758827077077,
        785.7839497018225
      ],
      "obj_id": 9
    }
  ],
  "137": [
    {
      "cam_R_m2c": [
        -0.067552329091085,
        0.29161946484961776,
        -0.9541465577465457,
        0.8082948125445696,
        0.5766248250913688,
        0.11900981888888708,
        0.5848897412320649,
        -0.7631914152832537,
        -0.27466714886988697
      ],
      "cam_t_m2c": [
        -104.92377421174108,
        12.210117470199878,
        780.3648715000163
      ],
      "obj_id": 2
    },
    {
      "cam_R_m2c": [
        -0.3047480869725981,
        0.9433020713128055,
        0.1315697387807837,
        0.7822936041607541,
        0.3267050671845945,
        -0.5303588912416506,
        -0.5432729077232339,
        -0.05869897927234528,
        -0.8375012020634093
      ],
      "cam_t_m2c": [
        -41.02341391643891,
        26.088842855673782,
        758.1977561582476
      ],
      "obj_id": 2
    },
    {
      "cam_R_m2c": [
        -0.9193024293517662,
        -0.3874386322416109,
        0.06910253714007766,
        -0.38682513208267416,
        0.8572229641660296,
        -0.33990456749438175,
        0.07245520241388202,
        -0.33920552015819033,
        -0.937917447058553
      ],
      "cam_t_m2c": [
        -87.34457361958692,
        88.83766526420244,
        728.1648448803984
      ],
      "obj_id": 3
    },
    {
      "cam_R_m2c": [
        -0.9755024382645897,
        0.0025178513732435283,
        0.21997614817399705,
        0.18540428714201185,
        0.5476275472052896,
        0.8159223758944133,
        -0.11841109117950192,
        0.8367182316442325,
        -0.5346780980276857
      ],
      "cam_t_m2c": [
        -16.662607525802777,
        90.1364451396714,
        738.1546630016967
      ],
      "obj_id": 3
    },
    {
      "cam_R_m2c": [
        -0.8508247706421154,
        0.5159614777765649,
        0.0994068398145804,
        0.42894650190481937,
        0.7912870896895056,
        -0.43574040148372856,
        -0.3034849374801074,
        -0.32809784696599753,
        -0.8945658141536873
      ],
      "cam_t_m2c": [
        -19.53168627023939,
        -69.01135448642395,
        803.9152320361941
      ],
      "obj_id": 7
    },
    {
      "cam_R_m2c": [
        0.642818767504631,
        -0.7650576340588282,
        0.03836458165980836,
        -0.7159290535873764,
        -0.6178440625153266,
        -0.3251372674451837,
        0.2724518741937748,
        0.1815373883359548,
        -0.9448879983002849
      ],
      "cam_t_m2c": [
        61.832282681714595,
        11.542424007946511,
        769.4715201362575
      ],
      "obj_id": 9
    }
  ],
  "14": [
    {
      "cam_R_m2c": [
        -0.3297369603311655,
        -0.9313941121775494,
        -0.15420186233950267,
        0.20912356505578325,
        0.08721897266512357,
        -0.9739923448278773,
        0.9206202364287468,
        -0.3534087459230157,
        0.16601662129997488
      ],
      "cam_t_m2c": [
        12.318433124907864,
        -69.36771849179779,
        807.667348524236
      ],
      "obj_id": 2
    },
    {
      "cam_R_m2c": [
        -0.7784225853783291,
        -0.6160742490750316,
        -0.12045916418209829,
        -0.5988552158441863,
        0.7863430725087704,
        -0.15178247198001513,
        0.1882310122671687,
        -0.04601307400065423,
        -0.9810467803854382
      ],
      "cam_t_m2c": [
        -22.615633124071593,
        -23.949205763585258,
        783.8856783725489
      ],
      "obj_id": 2
    },
    {
      "cam_R_m2c": [
        0.6950740989219196,
        -0.697713053169613,
        -0.17340171354270395,
        -0.7172791144936482,
        -0.6566222999943994,
        -0.2331497944877611,
        0.0488120925733278,
        0.2864332962308741,
        -0.9568563807652729
      ],
      "cam_t_m2c": [
        -78.93663617094909,
        -86.87562144489335,
        804.0896914651369
      ],
      "obj_id": 3
    },
    {
      "cam_R_m2c": [
        0.0086711040681586,
        -0.0377702840728458,
        -0.999248629893586,
        -0.8518828366187808,
        0.5230286821262984,
        -0.02716248142774666,
        0.5236612147783953,
        0.8514784509311574,
        -0.02764081103926662
      ],
      "cam_t_m2c": [
        -95.81101066888398,
        -16.070088185070382,
        789.924055700593
      ],
      "obj_id": 3
    },
    {
      "cam_R_m2c": [
        0.06515873044336268,
        -0.9953033856341399,
        -0.07158951060836252,
        -0.9444970603014363,
        -0.0383646924452314,
        -0.3262738306382813,
        0.3219944633669576,
        0.08887552241873103,
        -0.9425611087626761
      ],
      "cam_t_m2c": [
        73.57397362869625,
        24.17675600340028,
        763.2988891559606
      ],
      "obj_id": 7
    },
    {
      "cam_R_m2c": [
        0.6439087127816578,
        0.7580604395440422,
        -0.10356418377011335,
        0.7450540397546397,
        -0.6520489984272396,
        -0.14045456268618628,
        -0.17400145675097195,
        0.013278851279831727,
        -0.9846563309099833
      ],
      "cam_t_m2c": [
        -43.46083942742774,
        77.4037963432139,
        753.3257971092474
      ],
      "obj_id": 9
    }
  ],
  "142": [
    {
      "cam_R_m2c": [
        -0.24284453961366745,
        -0.12871739014200453,
        -0.9614875747558261,
        0.7054818936764675,
        0.6568664422403974,
        -0.26612176650335434,
        0.6658236173186116,
        -0.7429385625995629,
        -0.06870879394530324
      ],
      "cam_t_m2c": [
        -95.947817321115,
        -25.53880097105472,
        797.7352806387368
      ],
      "obj_id": 2
    },
    {
      "cam_R_m2c": [
        -0.639355295050413,
        0.7663954829543353,
        -0.06215154633652592,
        0.670731093719007,
        0.5163706628110191,
        -0.5324285212119986,
        -0.3759577211233309,
        -0.3820979726645358,
        -0.8441899100337263
      ],
      "cam_t_m2c": [
        -46.293156552290455,
        10.359612619228404,
        771.5552219512953
      ],
      "obj_id": 2
    },
    {
      "cam_R_m2c": [
        -0.6589507821457941,
        -0.7521631489664363,
        0.005873676086029709,
        -0.7165435073379534,
        0.6253318654928646,
        -0.30907029260568636,
        0.22879835811840696,
        -0.20787107396757898,
        -0.951020821681965
      ],
      "cam_t_m2c": [
        -125.56938155159199,
        49.257056541933856,
        751.2935228965456
      ],
      "obj_id": 3
    },
    {
      "cam_R_m2c": [
        -0.9763012791965727,
        0.08268643745101512,
        -0.19999700662061543,
        -0.07950486065929088,
        0.7224765616264386,
        0.6868082634339069,
        0.201282846435371,
        0.6864328317265889,
        -0.6987809660325058
      ],
      "cam_t_m2c": [
        -58.52663860195206,
        76.15808513245042,
        749.3936420443312
      ],
      "obj_id": 3
    },
    {
      "cam_R_m2c": [
        -0.9789763756939559,
        -0.19534882127545342,
        -0.05868673914637211,
        -0.15365067670899765,
        0.8954955531709061,
        -0.4177058591740367,
        0.1341520460114155,
        -0.39990705921493797,
        -0.9066847472935748
      ],
      "cam_t_m2c": [
        16.32395984983185,
        -62.719601364865184,
        804.8366843432791
      ],
      "obj_id": 7
    },
    {
      "cam_R_m2c": [
        0.8926104459569635,
        -0.4492152720843302,
        -0.03810879470027014,
        -0.3881089395996924,
        -0.7226694036046053,
        -0.571943517235017,
        0.2293857802496233,
        0.525313171067525,
        -0.8194070307082424
      ],
      "cam_t_m2c": [
        52.12371625500742,
        39.66191605687173,
        757.8024310613222
      ],
      "obj_id": 9
    }
  ],
  "148": [
    {
      "cam_R_m2c": [
        -0.26228433394687883,
        -0.6323340020004027,
        -0.7289446802593822,
        0.8491840478865257,
        0.20755842808557437,
        -0.4855982431326379,
        0.4583590565381979,
        -0.7463727659859164,
        0.4825283429903889
      ],
      "cam_t_m2c": [
        -64.45816871197862,
        -60.618385182899985,
        826.9760762753242
      ],
      "obj_id": 2
    },
    {
      "cam_R_m2c": [
        -0.9917002414669763,
        0.12321885837269476,
        0.03670718289200924,
        0.09288119445815847,
        0.8840160275675247,
        -0.4581355800227327,
        -0.08890077645442009,
        -0.45092330790150237,
        -0.888123892144662
      ],
      "cam_t_m2c": [
        -46.84308788344255,
        -18.37562209838582,
        788.1804836542353
      ],
      "obj_id": 2
    },
    {
      "cam_R_m2c": [
        -0.20708354843292215,
        -0.9775377632658632,
        0.03919248471966068,
        -0.8262835783293621,
        0.1533114162297341,
        -0.5419875631367475,
        0.5238041973381617,
        -0.1446209982652842,
        -0.8394719204972886
      ],
      "cam_t_m2c": [
        -134.39370560885263,
        -23.87399109797289,
        786.5428348153996
      ],
      "obj_id": 3
    },
    {
      "cam_R_m2c": [
        -0.8529579468000188,
        -0.006099751198693764,
        -0.5219437210874247,
        -0.3434819238603948,
        0.7594929305204776,
        0.5524402193896912,
        0.39304241724971745,
        0.6504868032635754,
        -0.6499105147340242
      ],
      "cam_t_m2c": [
        -89.01836840072818,
        35.03698155815697,
        761.3918754581616
      ],
      "obj_id": 3
    },
    {
      "cam_R_m2c": [
        -0.7995577012885218,
        -0.5988889823822959,
        -0.0451573432726982,
        -0.5166904329662563,
        0.7242461956370763,
        -0.45661566476441634,
        0.30616676922033415,
        -0.34175794285555894,
        -0.8885170925745426
      ],
      "cam_t_m2c": [
        51.206356039306776,
        -45.132003505398714,
        805.7654758090925
      ],
      "obj_id": 7
    },
    {
      "cam_R_m2c": [
        0.9931604162492205,
        -0.056485263452545564,
        -0.10218411678382856,
        -0.09994913742192821,
        -0.8636922698858787,
        -0.4940093560581061,
        -0.060351251466591045,
        0.5008433359711362,
        -0.8634308525649177
      ],
      "cam_t_m2c": [
        22.275460529580045,
        51.694936374863836,
        733.7607220555517
      ],
      "obj_id": 9
    }
  ],
  "171": [
    {
      "cam_R_m2c": [
        -0.1058050227287456,
        -0.5049453344748699,
        0.8566417540879192,
        0.3783197574880872,
        -0.8171347013926064,
        -0.43493070355123886,
        0.9196086149512973,
        0.27806718927136964,
        0.27748717997695316
      ],
      "cam_t_m2c": [
        86.27738582285649,
        -9.912723239795042,
        791.0110198169547
      ],
      "obj_id": 2
    },
    {
      "cam_R_m2c": [
        0.15880027831957713,
        -0.9834377679514348,
        0.08736338878694073,
        -0.8464712605934124,
        -0.1811608556526264,
        -0.5006664865913668,
        0.5082012946739629,
        0.005556192821112778,
        -0.8612205477878307
      ],
      "cam_t_m2c": [
        18.178452085535284,
        -28.805592039367795,
        790.5136673768419
      ],
      "obj_id": 2
    },
    {
      "cam_R_m2c": [
        0.9037268621031195,
        0.42625109721413257,
        0.03983949319741394,
        0.32197157936759546,
        -0.6153905970396351,
        -0.7194640625413002,
        -0.2821564583161571,
        0.6630262864612085,
        -0.6933861852686382
      ],
      "cam_t_m2c": [
        61.718633499159324,
        -87.45387194952667,
        834.5830251974561
      ],
      "obj_id": 3
    },
    {
      "cam_R_m2c": [
        0.8663057645139521,
        -0.09636498089279769,
        -0.49013032281046204,
        -0.39939747674441095,
        0.45565696462104605,
        -0.7955237521895028,
        0.2999915207592887,
        0.884924197094088,
        0.35625096584157817
      ],
      "cam_t_m2c": [
        -6.892850848035673,
        -72.14568631857446,
        841.0585632806093
      ],
      "obj_id": 3
    },
    {
      "cam_R_m2c": [
        0.8438406668569864,
        -0.5118778573631779,
        -0.16097651380379915,
        -0.48920501134622413,
        -0.6106203377643586,
        -0.6227527005752961,
        0.22047740191826773,
        0.6042554201637771,
        -0.7656799333649823
      ],
      "cam_t_m2c": [
        15.428133182217103,
        56.213197509882335,
        731.1879188730987
      ],
      "obj_id": 7
    },
    {
      "cam_R_m2c": [
        -0.31050594978320806,
        0.9504761533178003,
        -0.013449322468637006,
        0.8137992323898829,
        0.258491318784597,
        -0.5204927685439356,
        -0.4912394502490425,
        -0.1725619958217869,
        -0.8537602228065305
      ],
      "cam_t_m2c": [
        -77.97070161618981,
        -5.368959880653144,
        775.1481888619387
      ],
      "obj_id": 9
    }
  ],
  "177": [
    {
      "cam_R_m2c": [
        0.013586625711566219,
        0.12542742506315263,
        0.992010262567635,
        0.36995938303719644,
        -0.9223271329884224,
        0.11154991816127302,
        0.9289483648409438,
        0.3654878583290044,
        -0.05893488451958338
      ],
      "cam_t_m2c": [
        78.32308270739102,
        29.66474463879173,
        768.5943488436268
      ],
      "obj_id": 2
    },
    {
      "cam_R_m2c": [
        0.7300586324887021,
        -0.6637992684638275,
        0.16243759844242855,
        -0.49778326685316,
        -0.679395343148073,
        -0.5391053610339972,
        0.4682163508387726,
        0.31271984326764296,
        -0.8264256383551966
      ],
      "cam_t_m2c": [
        30.050755681848067,
        -7.9031222980306355,
        783.7361836712636
      ],
      "obj_id": 2
    },
    {
      "cam_R_m2c": [
        0.7351535829776776,
        0.6775821747980639,
        0.02080213938922499,
        0.5715628233311496,
        -0.6030421849411584,
        -0.5564681383057581,
        -0.3645082650333899,
        0.4209785404689563,
        -0.8306084405190506
      ],
      "cam_t_m2c": [
        101.12362784579601,
        -50.98635240848709,
        810.4249367969568
      ],
      "obj_id": 3
    },
    {
      "cam_R_m2c": [
        0.9676268482916038,
        -0.043017893447962134,
        0.24869371605136553,
        0.23390393470362886,
        0.5229871974515613,
        -0.8196182203297023,
        -0.09480606731402547,
        0.8512542189506775,
        0.5161181987330964
      ],
      "cam_t_m2c": [
        39.22568660568113,
        -61.605655028042,
        827.4664767284157
      ],
      "obj_id": 3
    },
    {
      "cam_R_m2c": [
        0.9948332477771201,
        0.10030055418962544,
        -0.015731811204824694,
        0.06005461739412488,
        -0.7062884920547408,
        -0.7053727247503649,
        -0.081861076331315,
        0.7007830781068964,
        -0.7086619283611869
      ],
      "cam_t_m2c": [
        -30.56478295441314,
        61.12116434013545,
        726.6679368202964
      ],
      "obj_id": 7
    },
    {
      "cam_R_m2c": [
        -0.8390777960160027,
        0.5146664826346954,
        0.17626096335642513,
        0.3237977172519147,
        0.7328410536069327,
        -0.5984144041941891,
        -0.43715437939923846,
        -0.4450432335204503,
        -0.781557530232876
      ],
      "cam_t_m2c": [
        -72.11191694319253,
        -31.269258889281762,
        796.6900404902628
      ],
      "obj_id": 9
    }
  ],
  "190": [
    {
      "cam_R_m2c": [
        0.2278130968100937,
        0.8961456708362687,
        0.38082191122606895,
        0.5065260498956293,
        -0.44309038834238434,
        0.7396638886287559,
        0.8315848628697892,
        0.02439058745371366,
        -0.5548625430563372
      ],
      "cam_t_m2c": [
        -4.675900322470862,
        72.72522290666994,
        729.4825031147399
      ],
      "obj_id": 2
    },
    {
      "cam_R_m2c": [
        0.8855961824932841,
        0.45161501960133066,
        -0.10846297303708997,
        0.2887193117973839,
        -0.7182138445567599,
        -0.6330959348435915,
        -0.3638154292816043,
        0.5293513882701617,
        -0.7664374780421297
      ],
      "cam_t_m2c": [
        18.884684422153793,
        18.87054341247757,
        758.9175301378966
      ],
      "obj_id": 2
    },
    {
      "cam_R_m2c": [
        -0.31901484035475935,
        0.9454530228254887,
        -0.06594830263636772,
        0.742340962596217,
        0.2060083074727692,
        -0.6375664274700303,
        -0.5892025272812385,
        -0.2523493714494241,
        -0.7675682112526484
      ],
      "cam_t_m2c": [
        91.8109406211536,
        59.41200686138286,
        725.8382396551407
      ],
      "obj_id": 3
    },
    {
      "cam_R_m2c": [
        0.1808966771749963,
        0.20605244337148793,
        0.9616754741819917,
        0.8539730614177388,
        0.45212630782161917,
        -0.2575115482192598,
        -0.48785935332603886,
        0.8678278704374306,
        -0.09417559013851351
      ],
      "cam_t_m2c": [
        83.3054068200426,
        11.092061146681703,
        780.2290245736838
      ],
      "obj_id": 3
    },
    {
      "cam_R_m2c": [
        0.3714807023707533,
        0.9146798140524081,
        -0.15926041988085732,
        0.6836082558035902,
        -0.3855367789821703,
        -0.6197108813778969,
        -0.628237483541955,
        0.12133834471534331,
        -0.7685021985292616
      ],
      "cam_t_m2c": [
        -88.36172571571323,
        4.501501705977917,
        767.178303512051
      ],
      "obj_id": 7
    },
    {
      "cam_R_m2c": [
        -0.7896080109598191,
        -0.5972277912851477,
        0.14085197042573527,
        -0.5401382373594386,
        0.5675828243703286,
        -0.6213701319386982,
        0.2911544003370783,
        -0.566717684940275,
        -0.7707535069947968
      ],
      "cam_t_m2c": [
        -5.945446005506245,
        -63.918361633790525,
        819.3931473276051
      ],
      "obj_id": 9
    }
  ],
  "199": [
    {
      "cam_R_m2c": [
        0.45361347596623164,
        0.7420034682292472,
        -0.4936254481603442,
        0.7360461276906759,
        0.00036349549656526355,
        0.6769305950211766,
        0.5024644399269633,
        -0.670396243479786,
        -0.545984228365163
      ],
      "cam_t_m2c": [
        -71.21659487698044,
        56.87892031518406,
        737.4846728804714
      ],
      "obj_id": 2
    },
    {
      "cam_R_m2c": [
        0.3509781168149036,
        0.9344781131769303,
        0.059711027888668715,
        0.8340336234400333,
        -0.28298984292437435,
        -0.4736072676004669,
        -0.4256784564663904,
        0.21602702955976355,
        -0.8787095631386032
      ],
      "cam_t_m2c": [
        -9.980475315160344,
        27.080759661841093,
        750.1463605910203
      ],
      "obj_id": 2
    },
    {
      "cam_R_m2c": [
        -0.8856214530660843,
        0.4638849088543948,
        -0.022041733708031485,
        0.37907408868094294,
        0.6946565383770709,
        -0.611354412068641,
        -0.2682868210687548,
        -0.5497844065847971,
        -0.7910497405006128
      ],
      "cam_t_m2c": [
        3.7012427781604123,
        99.48913601419235,
        699.9458339567364
      ],
      "obj_id": 3
    },
    {
      "cam_R_m2c": [
        -0.3200354219338318,
        0.29343468673631834,
        0.9008184119159134,
        0.8816441986718694,
        0.44030898529529455,
        0.16979590551726184,
        -0.3468148169051053,
        0.8485422429921461,
        -0.3996197003923744
      ],
      "cam_t_m2c": [
        47.07399952602196,
        60.110977828358756,
        743.1516060217348
      ],
      "obj_id": 3
    },
    {
      "cam_R_m2c": [
        -0.3884593788502888,
        0.9080536767233834,
        -0.15664688993896983,
        0.7894291788868598,
        0.2402687084639494,
        -0.5648642458342518,
        -0.47529009254342236,
        -0.34308865172301806,
        -0.8101789202252097
      ],
      "cam_t_m2c": [
        -78.14152152637236,
        -38.46575980022103,
        799.0848385661851
      ],
      "obj_id": 7
    },
    {
      "cam_R_m2c": [
        -0.25688131750095106,
        -0.9502923159082615,
        0.17594573346017087,
        -0.7959334652843643,
        0.1047599481176789,
        -0.5962502624826294,
        0.548180349514175,
        -0.29320682931875003,
        -0.7832805822266339
      ],
      "cam_t_m2c": [
        47.14484661679014,
        -44.14763025408975,
        805.8838515081013
      ],
      "obj_id": 9
    }
  ],
  "2": [
    {
      "cam_R_m2c": [
        -0.2240919280722831,
        -0.339635816349263,
        -0.9134714721113097,
        0.4821226469773765,
        0.7759453528491994,
        -0.40677593819013197,
        0.8469592229509072,
        -0.531560721791054,
        -0.010136843153754372
      ],
      "cam_t_m2c": [
        -77.7792384515467,
        -41.173560566458825,
        799.116618925735
      ],
      "obj_id": 2
    },
    {
      "cam_R_m2c": [
        -0.8949128506053552,
        0.4439579893131236,
        0.045078802492103935,
        0.3897395622348593,
        0.8268031657670791,
        -0.4055852859836199,
        -0.21733449156485415,
        -0.3453948783627709,
        -0.9129446013314959
      ],
      "cam_t_m2c": [
        -51.89848564185835,
        10.318162487768992,
        770.6924119272359
      ],
      "obj_id": 2
    },
    {
      "cam_R_m2c": [
        -0.08162368835383822,
        -0.993248474893087,
        0.08243204382883097,
        -0.9624708266396615,
        0.05707571024986068,
        -0.2653149963785965,
        0.25881924022747643,
        -0.10099465986971336,
        -0.9606311875989078
      ],
      "cam_t_m2c": [
        -137.61758610660394,
        18.06757596825698,
        773.8112187195696
      ],
      "obj_id": 3
    },
    {
      "cam_R_m2c": [
        -0.8488379025465956,
        -0.10631995164743087,
        -0.5178514990520581,
        -0.5154979779595862,
        0.3836298315755405,
        0.7662179333580159,
        0.11719912442749991,
        0.9173458968956422,
        -0.3804476477830302
      ],
      "cam_t_m2c": [
        -85.38682199981514,
        67.01458080122651,
        762.9605487422076
      ],
      "obj_id": 3
    },
    {
      "cam_R_m2c": [
        -0.8765788718080526,
        -0.4473874987783151,
        -0.17735224616009554,
        -0.3895581325123263,
        0.8760018018251943,
        -0.28436807825374394,
        0.2825836577776559,
        -0.18018237799056938,
        -0.9421678961804538
      ],
      "cam_t_m2c": [
        43.27285415803498,
        -47.834267369080116,
        784.9544143776394
      ],
      "obj_id": 7
    },
    {
      "cam_R_m2c": [
        0.9802785845368275,
        -0.14743773864884172,
        0.1315898820117018,
        -0.12295129486475519,
        -0.9763223633620272,
        -0.1779820068005425,
        0.15471558585797787,
        0.15829321527979442,
        -0.9751953014387728
      ],
      "cam_t_m2c": [
        32.57555608899672,
        76.04549509076341,
        755.1486857822375
      ],
      "obj_id": 9
    }
  ],
  "207": [
    {
      "cam_R_m2c": [
        -0.01664329395552853,
        0.38039824901665575,
        -0.9246735660374966,
        0.8301940300242672,
        0.520653251219506,
        0.19924692203616065,
        0.5572267590328347,
        -0.7643417858708742,
        -0.3244690395975544
      ],
      "cam_t_m2c": [
        -101.39042052980618,
        10.382791368065275,
        775.8536219475757
      ],
      "obj_id": 2
    },
    {
      "cam_R_m2c": [
        -0.36068575734624453,
        0.9324113308779037,
        0.02271193679890665,
        0.6668525275292917,
        0.2748312852730093,
        -0.6926591078999398,
        -0.6520846159002016,
        -0.2346871240603458,
        -0.7209077459637135
      ],
      "cam_t_m2c": [
        -34.26058618105641,
        19.64706822210083,
        759.9820506176507
      ],
      "obj_id": 2
    },
    {
      "cam_R_m2c": [
        -0.9164208628946726,
        -0.3898399057094598,
        -0.09054589613200262,
        -0.2182481305249509,
        0.6764306249667664,
        -0.7034277043200532,
        0.33547249219084474,
        -0.6248737817711079,
        -0.7049761382550848
      ],
      "cam_t_m2c": [
        -80.45249702888638,
        82.63631250888749,
        711.7209310190777
      ],
      "obj_id": 3
    },
    {
      "cam_R_m2c": [
        -0.9493730086883897,
        0.20396881927172097,
        0.23893193826611359,
        0.3104211207333334,
        0.7259501808857088,
        0.6137069956715723,
        -0.04827512263028279,
        0.6568055243188271,
        -0.7525134089889649
      ],
      "cam_t_m2c": [
        -9.418005042777981,
        70.33341900828677,
        730.3495971009696
      ],
      "obj_id": 3
    },
    {
      "cam_R_m2c": [
        -0.8669167783116497,
        0.4949171467230204,
        0.05927346606220137,
        0.30616519815792925,
        0.6225465582329534,
        -0.7202081629394141,
        -0.39334319211511504,
        -0.6062129327328482,
        -0.6912216057653199
      ],
      "cam_t_m2c": [
        -33.59458018539841,
        -72.09496275330241,
        820.9313048894907
      ],
      "obj_id": 7
    },
    {
      "cam_R_m2c": [
        0.4722547550215921,
        -0.8716643002684547,
        0.13106430730692087,
        -0.7307365811813763,
        -0.4703029756947764,
        -0.49481353305647796,
        0.49295055189114756,
        0.13790479367950695,
        -0.8590588832406675
      ],
      "cam_t_m2c": [
        67.22074282582234,
        -2.6051620072232664,
        773.3103077768494
      ],
      "obj_id": 9
    }
  ],
  "215": [
    {
      "cam_R_m2c": [
        -0.22002913414549083,
        -0.2792805795149686,
        -0.9346603925738253,
        0.7615699439726697,
        0.5495664733511108,
        -0.3434946180540093,
        0.6095893792028115,
        -0.787387344213153,
        0.0917708937243853
      ],
      "cam_t_m2c": [
        -86.89439959704795,
        -34.439076938368984,
        808.8619300094508
      ],
      "obj_id": 2
    },
    {
      "cam_R_m2c": [
        -0.8777093613719794,
        0.4691125583202925,
        -0.09777614016239512,
        0.4391968698508479,
        0.7059164294162662,
        -0.5556876927609031,
        -0.19165790965504498,
        -0.5306746853018698,
        -0.8256218885152267
      ],
      "cam_t_m2c": [
        -51.598821458027054,
        -0.7160488787062544,
        777.572983105812
      ],
      "obj_id": 2
    },
    {
      "cam_R_m2c": [
        -0.561968285865951,
        -0.8217266913203817,
        -0.09464364031703969,
        -0.6822637540230614,
        0.5251740941999195,
        -0.5086344394984412,
        0.46766226142585315,
        -0.22126418692892272,
        -0.8557651994385417
      ],
      "cam_t_m2c": [
        -125.939177054051,
        23.935069895379073,
        752.4842380972666
      ],
      "obj_id": 3
    },
    {
      "cam_R_m2c": [
        -0.8932128751257977,
        0.07486943473652606,
        -0.4433574448579598,
        -0.23112617156385487,
        0.7693449156673503,
        0.595558443749639,
        0.3856836632411168,
        0.634431747302983,
        -0.6698837860962998
      ],
      "cam_t_m2c": [
        -66.6114917253816,
        61.188302891796035,
        742.4832433992324
      ],
      "obj_id": 3
    },
    {
      "cam_R_m2c": [
        -0.9569427500299492,
        -0.24837794722317516,
        0.15023143129449223,
        -0.2871104342844731,
        0.7336371644095983,
        -0.6159097864282211,
        0.04276291614068983,
        -0.6325227291039286,
        -0.7733602913904961
      ],
      "cam_t_m2c": [
        25.70953964363702,
        -63.64897376984283,
        821.7476014657615
      ],
      "obj_id": 7
    },
    {
      "cam_R_m2c": [
        0.8459181680577782,
        -0.5202259105911851,
        0.11742206864687524,
        -0.3549386396022261,
        -0.7135037978047516,
        -0.6040957138815839,
        0.39804706715650445,
        0.4693372665388237,
        -0.7882137492654069
      ],
      "cam_t_m2c": [
        46.97427747249944,
        36.53699008909595,
        748.2942185408014
      ],
      "obj_id": 9
    }
  ],
  "221": [
    {
      "cam_R_m2c": [
        -0.1797005949847238,
        -0.6959223077959674,
        -0.6952702441102082,
        0.8611573963873266,
        0.23035669010807816,
        -0.45314829953004987,
        0.47551549662234355,
        -0.6801680990038902,
        0.5579034962550676
      ],
      "cam_t_m2c": [
        -56.256882429479305,
        -62.52217943672589,
        847.5857488879404
      ],
      "obj_id": 2
    },
    {
      "cam_R_m2c": [
        -0.9847633977780013,
        0.09156025182416169,
        -0.14784668149493657,
        0.1684137032799537,
        0.7140252044451038,
        -0.6795620141260521,
        0.04334523417637882,
        -0.6941074040364827,
        -0.7185652306840807
      ],
      "cam_t_m2c": [
        -44.08908878429704,
        -27.681106721718827,
        794.1513139933655
      ],
      "obj_id": 2
    },
    {
      "cam_R_m2c": [
        0.16106551238785527,
        -0.9865702411716805,
        -0.02716602848336571,
