{
    "1": [
        {
            "cam_R_m2c": [
                0.7086068670365773,
                0.5809616033750481,
                0.4004491288657723,
                0.5278352344869065,
                -0.8130726172553712,
                0.24556515402063106,
                0.4682583290855428,
                0.03736202938989216,
                -0.8828010639299455
            ],
            "cam_t_m2c": [
                -50.221646574362126,
                101.69403444099133,
                733.0643947292674
            ],
            "obj_id": 2
        },
        {
            "cam_R_m2c": [
                -0.1922031766470459,
                -0.4781641488186633,
                -0.8569810436732612,
                0.84184618943938,
                -0.5291208880278406,
                0.1064213342390278,
                -0.5043335262647309,
                -0.7009918774952423,
                0.5042396112700523
            ],
            "cam_t_m2c": [
                -62.71449400105526,
                -26.88163642479256,
                772.6380236474752
            ],
            "obj_id": 25
        },
        {
            "cam_R_m2c": [
                -0.7615123272231461,
                -0.12235883849893926,
                0.6364958065649134,
                -0.30459579399654496,
                -0.7992638015566971,
                -0.5180716489172763,
                0.5721188069320045,
                -0.5883920098407031,
                0.5713792794220655
            ],
            "cam_t_m2c": [
                34.55637503962937,
                -28.095718610849595,
                768.0117015653431
            ],
            "obj_id": 29
        },
        {
            "cam_R_m2c": [
                -0.3605575270307833,
                -0.8953799789915249,
                0.2613284801670561,
                -0.6486767064599078,
                0.03938447757073646,
                -0.7600439894932889,
                0.6702359452668661,
                -0.4435573287514863,
                -0.5950126281374858
            ],
            "cam_t_m2c": [
                41.511940692522494,
                78.63100550627723,
                760.3984223280074
            ],
            "obj_id": 30
        }
    ],
    "17": [
        {
            "cam_R_m2c": [
                -0.7572740925084699,
                0.6101628406069421,
                -0.2328893294010649,
                0.653071894158787,
                0.7106208799566822,
                -0.2617539766391605,
                0.005783199579984522,
                -0.35031301856672326,
                -0.9366145756446951
            ],
            "cam_t_m2c": [
                -96.32196861086375,
                -4.850503720946129,
                762.5291212444735
            ],
            "obj_id": 2
        },
        {
            "cam_R_m2c": [
                -0.9567750471912683,
                0.2906656049050669,
                -0.009742725622766759,
                0.08883233407017374,
                0.26017897522733907,
                -0.9614656133280329,
                -0.2769302468858599,
                -0.920771335460662,
                -0.2747531136963295
            ],
            "cam_t_m2c": [
                7.295331571362723,
                -60.163602154201826,
                765.7654918014898
            ],
            "obj_id": 25
        },
        {
            "cam_R_m2c": [
                0.8547922236899705,
                0.10027245300198812,
                0.5091912863616869,
                -0.510849654629342,
                -0.010321176008823067,
                0.8596082468955638,
                0.09145075787607806,
                -0.9949062038866714,
                0.0424016360655805
            ],
            "cam_t_m2c": [
                54.30013745211805,
                51.837160983470085,
                729.0349121413435
            ],
            "obj_id": 29
        },
        {
            "cam_R_m2c": [
                0.6632478852625306,
                -0.6025992528919042,
                0.44382000456393056,
                -0.20968416236759066,
                -0.7188984919713203,
                -0.6627346512150941,
                0.7184253279267494,
                0.34649570994241913,
                -0.6031633551311488
            ],
            "cam_t_m2c": [
                -88.95521479906284,
                69.6758200034796,
                746.3131687444293
            ],
            "obj_id": 30
        }
    ],
    "30": [
        {
            "cam_R_m2c": [
                -0.9645309867115962,
                -0.24401640377092815,
                0.10067908423524217,
                -0.24079475590508473,
                0.6570633772783119,
                -0.7143424169095856,
                0.10815837425001011,
                -0.7132478320693352,
                -0.6925166569217762
            ],
            "cam_t_m2c": [
                -33.39184361521371,
                -96.12232154628956,
                793.0244829082259
            ],
            "obj_id": 2
        },
        {
            "cam_R_m2c": [
                -0.21983058054294982,
                -0.2895608375902165,
                0.9315737394786475,
                -0.7613974397278478,
                -0.5460663795033134,
                -0.34940586140590985,
                0.6098750259273219,
                -0.7861085970963478,
                -0.1004288243436045
            ],
            "cam_t_m2c": [
                56.855094978410634,
                -25.808463761993806,
                774.0927261387681
            ],
            "obj_id": 25
        },
        {
            "cam_R_m2c": [
                0.796671064319208,
                -0.5207721857120927,
                -0.30677741592007834,
                0.2367952485964287,
                -0.1980620417111365,
                0.951156189096138,
                -0.556096618375517,
                -0.8304025446138262,
                -0.03447405594170101
            ],
            "cam_t_m2c": [
                -19.09019497524508,
                56.453348128239185,
                725.8820833267964
            ],
            "obj_id": 29
        },
        {
            "cam_R_m2c": [
                0.6105846477818784,
                0.504121284867964,
                0.6107767815779543,
                0.6805849848324375,
                -0.7283765905992785,
                -0.07918521374164372,
                0.40495682120176635,
                0.46403538400290945,
                -0.7878338097103692
            ],
            "cam_t_m2c": [
                -101.92273248981837,
                -29.738451784803075,
                785.9844022109139
            ],
            "obj_id": 30
        }
    ],
    "38": [
        {
            "cam_R_m2c": [
                -0.7572354486607739,
                -0.34328991653809676,
                0.5556500953937994,
                -0.6406295500269973,
                0.5561005045737769,
                -0.5294763983751167,
                -0.12723372866941715,
                -0.7569049497097952,
                -0.6410203893534465
            ],
            "cam_t_m2c": [
                40.83851047524702,
                -57.800941146480156,
                778.4461149631456
            ],
            "obj_id": 2
        },
        {
            "cam_R_m2c": [
                -0.47704563968922986,
                0.24147753505343594,
                0.8450541274034007,
                -0.6474889605496267,
                -0.7467343704478853,
                -0.15213541044633358,
                0.5942940609698271,
                -0.6197384919853313,
                0.5125811469512291
            ],
            "cam_t_m2c": [
                57.953944159561274,
                32.390966487662226,
                766.9967450838951
            ],
            "obj_id": 25
        },
        {
            "cam_R_m2c": [
                0.8348874099400619,
                -0.38676308487636046,
                -0.3916344224797401,
                0.4897944668811125,
                0.19740760214363604,
                0.8491949562871206,
                -0.2511261221059194,
                -0.9008018370716386,
                0.3542478164997936
            ],
            "cam_t_m2c": [
                -81.20114978687576,
                46.668120881614485,
                736.4774231723197
            ],
            "obj_id": 29
        },
        {
            "cam_R_m2c": [
                -0.2427957573094171,
                0.9516889695726827,
                0.18798788417781584,
                0.9515661206310945,
                0.27132462788641104,
                -0.14458397302497306,
                -0.18860507593059872,
                0.14377878199295133,
                -0.9714707688144456
            ],
            "cam_t_m2c": [
                -43.22711748537901,
                -54.58426329968695,
                786.1615630575751
            ],
            "obj_id": 30
        }
    ],
    "57": [
        {
            "cam_R_m2c": [
                0.8467579732379898,
                -0.4832161314260292,
                -0.2224928781289234,
                -0.4787463908601575,
                -0.5098179566490059,
                -0.7147644457447462,
                0.23195471340966575,
                0.7117498691126494,
                -0.6630305136640294
            ],
            "cam_t_m2c": [
                51.4943750380713,
                54.08255325714071,
                742.3705221140596
            ],
            "obj_id": 2
        },
        {
            "cam_R_m2c": [
                0.9461191226808007,
                0.27764619127604806,
                -0.16664731644081732,
                0.3206454649873944,
                -0.7313942945670524,
                0.601871633199507,
                0.04522237076710027,
                -0.6228769831155957,
                -0.781011810490864
            ],
            "cam_t_m2c": [
                -44.11068844648075,
                65.9573931175236,
                757.7550751437008
            ],
            "obj_id": 25
        },
        {
            "cam_R_m2c": [
                -0.2879168993763564,
                -0.4326524479232256,
                -0.8543511514043225,
                0.9182167859685684,
                -0.3781042348065296,
                -0.11796404466114258,
                -0.27199615333965793,
                -0.8184435183248981,
                0.506131117923261
            ],
            "cam_t_m2c": [
                -28.15670534743881,
                -54.5225310105222,
                770.981476285294
            ],
            "obj_id": 29
        },
        {
            "cam_R_m2c": [
                -0.6161833331517417,
                0.5924606292051562,
                -0.5189496137446731,
                0.7754293101337519,
                0.5717479886842126,
                -0.2679812163402572,
                0.13794011165990086,
                -0.5675340195652733,
                -0.8117130785268425
            ],
            "cam_t_m2c": [
                78.06483357488857,
                -12.64354019716443,
                778.937358771546
            ],
            "obj_id": 30
        }
    ],
    "67": [
        {
            "cam_R_m2c": [
                0.9933148845555517,
                0.11526302190626794,
                0.006402573284731168,
                0.10497855606959333,
                -0.9249715384113362,
                0.36524909115325604,
                0.048022390314544215,
                -0.36213433861072597,
                -0.9308876867214125
            ],
            "cam_t_m2c": [
                -0.7810161705376637,
                99.83629880111991,
                750.229641240255
            ],
            "obj_id": 2
        },
        {
            "cam_R_m2c": [
                0.8079522648149651,
                0.3796773703230963,
                -0.4506206876667493,
                0.4336156629921818,
                0.13471626392161307,
                0.8909705843341167,
                0.39898710281204547,
                -0.9152575643729777,
                -0.05579075376955606
            ],
            "cam_t_m2c": [
                -74.53401153104402,
                21.266603964070566,
                772.2978318393509
            ],
            "obj_id": 25
        },
        {
            "cam_R_m2c": [
                -0.9779107515447003,
                0.166015405423415,
                -0.1270057060359703,
                0.1827198412563583,
                0.38385735094342177,
                -0.9051335656601733,
                -0.10151434769469914,
                -0.908345892737381,
                -0.4057115529601349
            ],
            "cam_t_m2c": [
                14.245431910255402,
                -70.33568844616451,
                784.5126335947245
            ],
            "obj_id": 29
        },
        {
            "cam_R_m2c": [
                -0.7625821517953163,
                -0.5081806250319704,
                -0.4002774842265977,
                -0.6222633724714711,
                0.7453667451512214,
                0.23919918723321548,
                0.17679770345753773,
                0.43148638325222544,
                -0.8846250399297342
            ],
            "cam_t_m2c": [
                55.82064595419878,
                38.12325163756246,
                759.5209433587562
            ],
            "obj_id": 30
        }
    ],
    "76": [
        {
            "cam_R_m2c": [
                0.31658890307977633,
                0.8012615389606423,
                0.5076914722919378,
                0.9214486639706398,
                -0.1327290708184576,
                -0.3651234024784786,
                -0.2251746428697004,
                0.5834059218618994,
                -0.7803423009033278
            ],
            "cam_t_m2c": [
                -78.99933781292522,
                42.03089539607495,
                728.3299516484344
            ],
            "obj_id": 2
        },
        {
            "cam_R_m2c": [
                0.5646641421178622,
                -0.06329382883573711,
                -0.8228900251768217,
                0.7618571218767228,
                -0.3434432762718517,
                0.5491993358374465,
                -0.31737746698041375,
                -0.9370381189253414,
                -0.1457089099890261
            ],
            "cam_t_m2c": [
                -67.11450062682741,
                -52.58289989863046,
                782.8770369506208
            ],
            "obj_id": 25
        },
        {
            "cam_R_m2c": [
                -0.44132002210215887,
                -0.1605350425684048,
                0.8828726215877714,
                -0.8905732010149076,
                0.19904145595019618,
                -0.4089772350732958,
                -0.1100729095499685,
                -0.9667527301573492,
                -0.2308090989531067
            ],
            "cam_t_m2c": [
                45.41005288266052,
                -35.34360143879626,
                758.0936409692462
            ],
            "obj_id": 29
        },
        {
            "cam_R_m2c": [
                -0.36927785799059076,
                -0.7256706260927397,
                -0.5805473248555573,
                -0.8206667244688152,
                0.5477615874272743,
                -0.16267539604023892,
                0.43605088499388883,
                0.416363183028966,
                -0.7978103507605823
            ],
            "cam_t_m2c": [
                15.160174438350378,
                87.81167562656371,
                723.575512476882
            ],
            "obj_id": 30
        }
    ],
    "89": [
        {
            "cam_R_m2c": [
                -0.7378000865171266,
                0.6108528833056314,
                -0.2872460365196154,
                0.6059105194426837,
                0.4117440737262867,
                -0.6806902734583978,
                -0.29752979832577653,
                -0.6762590626377468,
                -0.6739063990895776
            ],
            "cam_t_m2c": [
                -87.05317977472863,
                -41.48165802069991,
                784.5750510557372
            ],
            "obj_id": 2
        },
        {
            "cam_R_m2c": [
                -0.7552396495647757,
                0.6385395936637374,
                -0.14792055604927173,
                -0.06336432274789972,
                -0.29574864150898755,
                -0.9531621931956781,
                -0.6523792805783737,
                -0.7104922919169601,
                0.26382174371773637
            ],
            "cam_t_m2c": [
                -11.622340769123673,
                -60.3991027660621,
                793.9694006659404
            ],
            "obj_id": 25
        },
        {
            "cam_R_m2c": [
                0.7539475931105775,
                0.32368176010785793,
                0.5716587122194371,
                -0.2303641962857464,
                -0.6846684456522918,
                0.6914922566686488,
                0.6152202045661228,
                -0.6530379839765954,
                -0.44163956852724756
            ],
            "cam_t_m2c": [
                53.92774547513836,
                44.84433484835195,
                729.934462719646
            ],
            "obj_id": 29
        },
        {
            "cam_R_m2c": [
                0.7463405900164376,
                -0.3984643986050007,
                0.5331062067380039,
                0.031228488147235164,
                -0.7791367447018165,
                -0.6260757328213132,
                0.6648316412537992,
                0.48391393781231534,
                -0.5690573940479552
            ],
            "cam_t_m2c": [
                -63.95994316343808,
                58.23681432628714,
                742.0024295572078
            ],
            "obj_id": 30
        }
    ],
    "101": [
        {
            "cam_R_m2c": [
                -0.7624890101747285,
                0.07479986446386962,
                0.6426629515231351,
                -0.1924077031030016,
                0.9221410284956703,
                -0.3356111731091402,
                -0.6177299818058503,
                -0.37955231129501205,
                -0.6887299735167397
            ],
            "cam_t_m2c": [
                -31.710218210018038,
                -91.34090737261586,
                790.5779712467636
            ],
            "obj_id": 2
        },
        {
            "cam_R_m2c": [
                -0.6644033331484647,
                -0.6192553342380203,
                0.41843913708948965,
                -0.20646268152788483,
                -0.3860132937550369,
                -0.8990921760069099,
                0.7182904745646422,
                -0.6837514757093334,
                0.1286145282463483
            ],
            "cam_t_m2c": [
                62.07816875879587,
                -12.350684839944371,
                778.9181385266602
            ],
            "obj_id": 25
        },
        {
            "cam_R_m2c": [
                0.852656725202854,
                -0.19684634435892018,
                -0.48397112809718773,
                0.44055387619129077,
                -0.22709127324931733,
                0.8685282969442141,
                -0.2808725220222277,
                -0.953771802768092,
                -0.10690878833498103
            ],
            "cam_t_m2c": [
                -21.179039545480553,
                67.37612106405496,
                724.6705696853544
            ],
            "obj_id": 29
        },
        {
            "cam_R_m2c": [
                0.6509444497215735,
                0.581775614912406,
                -0.48765620007694666,
                0.12600572040576122,
                -0.7162868293310012,
                -0.686334974684562,
                -0.7485947842798638,
                0.3853175869950539,
                -0.5395694934368922
            ],
            "cam_t_m2c": [
                -91.7529558476659,
                -43.14111897907715,
                790.327310281887
            ],
            "obj_id": 30
        }
    ],
    "109": [
        {
            "cam_R_m2c": [
                -0.588207596067799,
                -0.5451796505425887,
                0.5973196648152082,
                -0.7571273891126449,
                0.6308044732000101,
                -0.16983512115075647,
                -0.2842014613865323,
                -0.5521452531558717,
                -0.7838145571941078
            ],
            "cam_t_m2c": [
                45.095572624760486,
                -87.80195985931381,
                811.8778667712626
            ],
            "obj_id": 2
        },
        {
            "cam_R_m2c": [
                -0.39976407655885127,
                -0.5719412225847189,
                0.7162907125930214,
                -0.6910461576369388,
                -0.3253406205860543,
                -0.6454518769477037,
                0.6021991484758716,
                -0.7530184168867791,
                -0.2651784664029143
            ],
            "cam_t_m2c": [
                58.346465680101346,
                18.43240383315011,
                739.8383364220213
            ],
            "obj_id": 25
        },
        {
            "cam_R_m2c": [
                0.26552657120095485,
                0.003596314175259078,
                -0.9640966739194387,
                0.7379651764840214,
                -0.644259063907046,
                0.200842895255624,
                -0.6204059620743646,
                -0.7647988709374248,
                -0.17372186869931433
            ],
            "cam_t_m2c": [
                -49.511309481723956,
                34.17807380538211,
                739.6866633473533
            ],
            "obj_id": 29
        },
        {
            "cam_R_m2c": [
                -0.022687066886449576,
                0.9598617238787115,
                0.2795540732122817,
                0.9990118071023139,
                0.011075999320973001,
                0.043045996655066296,
                0.03822197098864085,
                0.2802545865335882,
                -0.9591645180796848
            ],
            "cam_t_m2c": [
                -43.17731932013651,
                -65.71800803448699,
                789.8871074475095
            ],
            "obj_id": 30
        }
    ],
    "127": [
        {
            "cam_R_m2c": [
                -0.10215398006873537,
                -0.9552925105989475,
                -0.27745417153749974,
                -0.7394744996343248,
                0.25948584795772045,
                -0.6211640697309299,
                0.6653881510734005,
                0.1417155110616815,
                -0.7329217917590581
            ],
            "cam_t_m2c": [
                85.52411400713012,
                26.005186731668353,
                735.9571485726799
            ],
            "obj_id": 2
        },
        {
            "cam_R_m2c": [
                0.9187847832999086,
                0.25189318077018924,
                -0.30394814436838524,
                0.3051304126305759,
                0.0353505210018121,
                0.9516538877652025,
                0.25045981828154074,
                -0.9671091702150545,
                -0.04438012343528921
            ],
            "cam_t_m2c": [
                -27.913132812920878,
                49.54670457664681,
                751.6302939133367
            ],
            "obj_id": 25
        },
        {
            "cam_R_m2c": [
                -0.3470678379452409,
                0.5690738093156286,
                -0.745452177765139,
                0.8749952334869673,
                -0.08958663399457333,
                -0.4757697954253994,
                -0.33753041842571796,
                -0.8173916928175881,
                -0.4668447370645556
            ],
            "cam_t_m2c": [
                -51.84640431527444,
                -47.950052672791685,
                791.1002864541973
            ],
            "obj_id": 29
        },
        {
            "cam_R_m2c": [
                -0.8866344828339952,
                -0.045789014826088416,
                0.4601987455779846,
                -0.13737241005007106,
                0.9762488761021981,
                -0.16753091822956878,
                -0.4415972185239347,
                -0.21175660188201975,
                -0.8718660892987907
            ],
            "cam_t_m2c": [
                65.74591186638656,
                -40.847006410413414,
                772.6376228847864
            ],
            "obj_id": 30
        }
    ],
    "135": [
        {
            "cam_R_m2c": [
                0.7542953415819615,
                -0.32700972232737413,
                -0.5692997155437869,
                -0.6516435882639637,
                -0.4785592626064109,
                -0.5885080047271347,
                -0.0799959020340009,
                0.8148900398745551,
                -0.5740688510534778
            ],
            "cam_t_m2c": [
                14.037203324824866,
                77.65691889434288,
                718.2176671696953
            ],
            "obj_id": 2
        },
        {
            "cam_R_m2c": [
                0.6613558406676283,
                0.6479016422741003,
                -0.37793128232533024,
                0.6666775285056649,
                -0.2768549285392808,
                0.6920204505194512,
                0.34372861015566725,
                -0.7096292660921176,
                -0.615041522068724
            ],
            "cam_t_m2c": [
                -61.398705528883944,
                24.858900845213622,
                732.9308767856995
            ],
            "obj_id": 25
        },
        {
            "cam_R_m2c": [
                -0.6432180594220636,
                0.48181327352332703,
                -0.5950854548538325,
                0.4996463516403286,
                -0.3247965890304736,
                -0.8030323208404938,
                -0.5801931706335424,
                -0.8138563036367392,
                -0.03182066281332094
            ],
            "cam_t_m2c": [
                -10.432916333683472,
                -59.61123820370343,
                779.7980068097054
            ],
            "obj_id": 29
        },
        {
            "cam_R_m2c": [
                -0.9665843694053972,
                0.21392915212493768,
                -0.14123942945483564,
                0.20390657209952937,
                0.9755376684224109,
                0.08215095004111278,
                0.15535959501077942,
                0.05060614642444467,
                -0.9865604535306617
            ],
            "cam_t_m2c": [
                64.7024638143064,
                8.36578053539971,
                767.8863190127053
            ],
            "obj_id": 30
        }
    ],
    "142": [
        {
            "cam_R_m2c": [
                0.887460163353191,
                0.19668050352417524,
                0.4168101706004564,
                0.45999640648014845,
                -0.4340959709843888,
                -0.7745727752589014,
                0.028592032128368583,
                0.879134214452458,
                -0.47571576478849387
            ],
            "cam_t_m2c": [
                -27.918419819405713,
                60.803069760283634,
                720.621759540549
            ],
            "obj_id": 2
        },
        {
            "cam_R_m2c": [
                0.866831266261485,
                0.21248329377859568,
                -0.45105918237245013,
                0.49840844458099004,
                -0.3440984450619301,
                0.7957287446065145,
                0.013869887454392842,
                -0.9145743785949741,
                -0.4041791669276441
            ],
            "cam_t_m2c": [
                -64.1995200108235,
                -23.33267578963948,
                773.7798775651245
            ],
            "obj_id": 25
        },
        {
            "cam_R_m2c": [
                -0.9587881236116056,
                0.27472277749231394,
                -0.07247509116896049,
                -0.17784948023567046,
                -0.7792386333010115,
                -0.6009620787965463,
                -0.2215732682013498,
                -0.5633061359194517,
                0.7959844835499793
            ],
            "cam_t_m2c": [
                19.920359020056125,
                -58.48563414062866,
                784.3269775660985
            ],
            "obj_id": 29
        },
        {
            "cam_R_m2c": [
                -0.4041086707022557,
                -0.8322512587031365,
                -0.37954400860408105,
                -0.3254950045719632,
                0.5186102229526061,
                -0.7906295642241012,
                0.8548386229824012,
                -0.195960803308037,
                -0.48046896784715765
            ],
            "cam_t_m2c": [
                49.470671978260114,
                51.39471010034282,
                755.5911297827663
            ],
            "obj_id": 30
        }
    ],
    "157": [
        {
            "cam_R_m2c": [
                0.12875139256198972,
                0.9869418778890254,
                -0.09679231168106114,
                0.21950587730447368,
                -0.12354645518918561,
                -0.9677567837819533,
                -0.9670780621272057,
                0.10335385534584109,
                -0.2325475158002248
            ],
            "cam_t_m2c": [
                -87.62129823448396,
                -16.466571571660253,
                772.3390265720208
            ],
            "obj_id": 2
        },
        {
            "cam_R_m2c": [
                -0.33480435829974875,
                0.3285262576302517,
                -0.8831628356612572,
                0.8315802726619442,
                -0.3377657913986227,
                -0.4408943774956809,
                -0.4431483669314485,
                -0.8820346069277494,
                -0.1601097078918425
            ],
            "cam_t_m2c": [
                -22.59006855851839,
                -80.24404228093316,
                810.4752171459664
            ],
            "obj_id": 25
        },
        {
            "cam_R_m2c": [
                0.41923247756555265,
                0.4964344356741625,
                0.7601293955564133,
                -0.4927390159574569,
                -0.5787987714303172,
                0.6497687155186332,
                0.7625301404873231,
                -0.6469506285756715,
                0.001961514786313107
            ],
            "cam_t_m2c": [
                46.141597549844434,
                -9.189080834038249,
                749.6494044263936
            ],
            "obj_id": 29
        },
        {
            "cam_R_m2c": [
                0.20076761326481202,
                -0.8791410692882837,
                -0.43220706558771194,
                -0.6257324242953898,
                0.22438042347660803,
                -0.7470688358221748,
                0.7537581881928673,
                0.4204331688108835,
                -0.5050598957161118
            ],
            "cam_t_m2c": [
                -49.28057194263876,
                45.05697879193579,
                739.4822208203432
            ],
            "obj_id": 30
        }
    ],
    "168": [
        {
            "cam_R_m2c": [
                -0.6770976893938154,
                0.6469040240946493,
                -0.35078941061268226,
                0.702370071928634,
                0.710340000198683,
                -0.045756388678838814,
                0.21958021032682967,
                -0.2773646152932879,
                -0.9353360883348659
            ],
            "cam_t_m2c": [
                -77.33183854910557,
                -81.9389500445399,
                818.0111763147348
            ],
            "obj_id": 2
        },
        {
            "cam_R_m2c": [
                -0.8869426043005348,
                0.29221073694799166,
                -0.35769306525124056,
                0.12540146596769972,
                -0.5929939325171949,
                -0.7953828468044034,
                -0.44452918224186494,
                -0.7503142856686575,
                0.4893079013279101
            ],
            "cam_t_m2c": [
                29.009107203409886,
                -63.235031774438426,
                799.0102095241771
            ],
            "obj_id": 25
        },
        {
            "cam_R_m2c": [
                0.9981274156387409,
                0.0611624958046875,
                0.001040982906077109,
                0.055912392990683735,
                -0.9191000457070355,
                0.3900378354736653,
                0.024812999857129172,
                -0.3892489736772608,
                -0.9207977227318165
            ],
            "cam_t_m2c": [
                -1.476220783705588,
                20.415821243222176,
                720.4388458820637
            ],
            "obj_id": 29
        },
        {
            "cam_R_m2c": [
                0.795272599726719,
                0.4874294503034959,
                -0.3604914384137472,
                0.24898769421798947,
                -0.8047631334498857,
                -0.5388522696845747,
                -0.5527621317731282,
                0.33877546645755174,
                -0.7613702188361847
            ],
            "cam_t_m2c": [
                -90.9177998158401,
                1.8518457468680545,
                752.3000778855561
            ],
            "obj_id": 30
        }
    ],
    "176": [
        {
            "cam_R_m2c": [
                -0.912882744943912,
                -0.24724567047823895,
                -0.32483102394966684,
                0.2152145405332855,
                0.3846691546146689,
                -0.8976153555926819,
                0.3468838518662134,
                -0.889325286463036,
                -0.29794669840735655
            ],
            "cam_t_m2c": [
                6.068192927145109,
                -97.79370032551877,
                836.1030383663805
            ],
            "obj_id": 2
        },
        {
            "cam_R_m2c": [
                -0.12336174469125827,
                0.5217907444455253,
                0.8441073454683964,
                -0.8561247752694341,
                -0.48610322095088565,
                0.17536982394214226,
                0.5018291696665007,
                -0.7010269916365892,
                0.5066841274910965
            ],
            "cam_t_m2c": [
                52.56207902631297,
                -4.718234517676919,
                764.6299372453592
            ],
            "obj_id": 25
        },
        {
            "cam_R_m2c": [
                0.9240503442359722,
                -0.1741427054111751,
                0.34030239124966283,
                -0.31346804551924906,
                -0.8546907476446514,
                0.41381461394749774,
                0.21879056001018637,
                -0.48905914359514524,
                -0.8443648645079044
            ],
            "cam_t_m2c": [
                -47.650831862917244,
                37.20234974895601,
                733.969758568803
            ],
            "obj_id": 29
        },
        {
            "cam_R_m2c": [
                0.5676282880595523,
                0.7746601008314842,
                -0.2787478963993033,
                0.7837553082504325,
                -0.6121121370569956,
                -0.10510294789527261,
                -0.252043853587839,
                -0.1588110874402101,
                -0.9545961116642456
            ],
            "cam_t_m2c": [
                -93.93200474205312,
                -48.707611560692726,
                794.4927093236178
            ],
            "obj_id": 30
        }
    ],
    "181": [
        {
            "cam_R_m2c": [
                -0.8774502104355134,
                0.030612319953807043,
                -0.4786889808096111,
                0.26639304906069816,
                0.8610075004432689,
                -0.43324439989532615,
                0.398892123352037,
                -0.5076702183009156,
                -0.7636461593244639
            ],
            "cam_t_m2c": [
                37.26822045752711,
                -96.49835529326538,
                815.8167748359587
            ],
            "obj_id": 2
        },
        {
            "cam_R_m2c": [
                -0.35848950236685406,
                -0.283636180859662,
                0.8894014319763296,
                -0.22078703465534733,
                -0.8999363721940142,
                -0.37598811662320364,
                0.907049120008798,
                -0.33115608364276045,
                0.2599950301006136
            ],
            "cam_t_m2c": [
                55.21865464228469,
                -12.719634224817344,
                756.9867141744206
            ],
            "obj_id": 25
        },
        {
            "cam_R_m2c": [
                0.9682689226494899,
                0.24623473585353994,
                0.04269478711075922,
                0.13759355005486631,
                -0.6678828848471696,
                0.7314371382867346,
                0.2086202069266016,
                -0.7023533415205665,
                -0.680571008340387
            ],
            "cam_t_m2c": [
                -53.19263714972681,
                23.33838572413549,
                729.6384648521874
            ],
            "obj_id": 29
        },
        {
            "cam_R_m2c": [
                0.2767084137212525,
                0.8462388019361554,
                -0.45531493173389026,
                0.9035759576661,
                -0.39040042307456324,
                -0.17645922261605537,
                -0.32708164336438034,
                -0.3625839013710721,
                -0.8726681859298586
            ],
            "cam_t_m2c": [
                -61.326480272906394,
                -78.3803500933642,
                804.6157242305787
            ],
            "obj_id": 30
        }
    ],
    "197": [
        {
            "cam_R_m2c": [
                0.6389370169580754,
                -0.6337929772613093,
                0.4359655832510422,
                -0.2867622967513109,
                -0.7221224488846144,
                -0.6295288476168597,
                0.7138111079408579,
                0.2772107364974185,
                -0.6431393059247794
            ],
            "cam_t_m2c": [
                92.90051974830072,
                19.57865839546805,
                751.8286761845526
            ],
            "obj_id": 2
        },
        {
            "cam_R_m2c": [
                0.6110277554418212,
                -0.2285103700420154,
                0.7579103148390632,
                -0.5589505371712968,
                -0.8025164861346546,
                0.2086667955983094,
                0.5605528192550892,
                -0.5511361311813461,
                -0.6180854383201619
            ],
            "cam_t_m2c": [
                -30.920800470078216,
                38.30240620762113,
                739.1676363047868
            ],
            "obj_id": 25
        },
        {
            "cam_R_m2c": [
