{
  "1": [
    {
      "cam_R_m2c": [
        0.9716765253443684,
        0.2350299683511182,
        -0.02460208065451012,
        0.21798654541965343,
        -0.931645929801639,
        -0.2907182664046127,
        -0.09124793502280393,
        0.27712120494045417,
        -0.9564920780437973
      ],
      "cam_t_m2c": [
        -52.67651991905785,
        89.1080647581108,
        737.2125080066105
      ],
      "obj_id": 2
    },
    {
      "cam_R_m2c": [
        0.1994294014734805,
        -0.056305047667854866,
        -0.9782930374957753,
        0.9707236644513608,
        -0.12504336985819958,
        0.20508312520500627,
        -0.13387626602011765,
        -0.9905520566526418,
        0.02971934914728136
      ],
      "cam_t_m2c": [
        -69.93099694285434,
        -17.768003697296496,
        767.6356215021364
      ],
      "obj_id": 25
    },
    {
      "cam_R_m2c": [
        -0.8110550674368868,
        -0.19323909015558166,
        0.5521303794487282,
        -0.4914921180107229,
        -0.2867217146149151,
        -0.8223293331904701,
        0.31721400819758616,
        -0.9383223217456681,
        0.1375715741124757
      ],
      "cam_t_m2c": [
        42.74566878625851,
        -43.03388568167951,
        763.7055888079609
      ],
      "obj_id": 29
    },
    {
      "cam_R_m2c": [
        -0.5624042882071743,
        -0.8138442977033487,
        -0.14614549266983592,
        -0.7733314793296159,
        0.5802747759721433,
        -0.25541920794007394,
        0.2926760355991696,
        -0.030629907080492267,
        -0.9557206659594277
      ],
      "cam_t_m2c": [
        42.25982375869045,
        75.35260845837148,
        744.4638969961378
      ],
      "obj_id": 30
    }
  ],
  "101": [
    {
      "cam_R_m2c": [
        -0.9564706879561982,
        0.2896186032898005,
        0.035853161525005985,
        0.21357152806506893,
        0.7784018181290527,
        -0.590319956487653,
        -0.19887576713369234,
        -0.5569656428632753,
        -0.8063723736448113
      ],
      "cam_t_m2c": [
        -26.01945354465242,
        -86.07110231230423,
        808.918383656918
      ],
      "obj_id": 2
    },
    {
      "cam_R_m2c": [
        -0.6514580727556807,
        0.05010362344025288,
        0.757028778618019,
        -0.6732512400351977,
        -0.4981857587937885,
        -0.5463913022635798,
        0.3497641791912039,
        -0.8656212157322396,
        0.35827883336290933
      ],
      "cam_t_m2c": [
        55.74198490379266,
        -25.019020509633116,
        775.1904739039572
      ],
      "obj_id": 25
    },
    {
      "cam_R_m2c": [
        0.9974142100822005,
        0.07022027820431925,
        0.015316036851526205,
        0.01045130180160257,
        -0.3525484745253081,
        0.9357349005216961,
        0.07110728728270396,
        -0.9331550069885223,
        -0.35236991842174836
      ],
      "cam_t_m2c": [
        -24.139811236506517,
        48.42666588693179,
        727.3855971666104
      ],
      "obj_id": 29
    },
    {
      "cam_R_m2c": [
        0.8622658492963248,
        0.5007141244994785,
        -0.07604961308177476,
        0.38797214991338025,
        -0.7495708415969224,
        -0.5363030259652776,
        -0.32553876156026396,
        0.43292984394917877,
        -0.8405920686558308
      ],
      "cam_t_m2c": [
        -89.84051035162524,
        -34.25832983515507,
        781.9346068353259
      ],
      "obj_id": 30
    }
  ],
  "109": [
    {
      "cam_R_m2c": [
        -0.8809828985362336,
        -0.46138762572228736,
        -0.10483750370360487,
        -0.40696689873395764,
        0.8519409579456388,
        -0.32950603360760233,
        0.24134540785395353,
        -0.2476238646868682,
        -0.938314916248283
      ],
      "cam_t_m2c": [
        36.60881013693629,
        -79.45455704350968,
        805.5864486773258
      ],
      "obj_id": 2
    },
    {
      "cam_R_m2c": [
        -0.26428220205677067,
        0.06300906883445573,
        0.96238512257004,
        -0.9169540788781966,
        -0.3256880051648268,
        -0.23048248721156184,
        0.29891480094076134,
        -0.9433754280253771,
        0.14385002047533582
      ],
      "cam_t_m2c": [
        51.69043847067351,
        17.846680300194055,
        757.0780941676809
      ],
      "obj_id": 25
    },
    {
      "cam_R_m2c": [
        0.7890929228855439,
        -0.11824200350378815,
        -0.6027864671247348,
        0.5079696166670705,
        -0.42616411786853425,
        0.7485657364401597,
        -0.34539795466867657,
        -0.8968851437825995,
        -0.2762197787643934
      ],
      "cam_t_m2c": [
        -63.76749426453104,
        24.403358689276477,
        738.2597128750182
      ],
      "obj_id": 29
    },
    {
      "cam_R_m2c": [
        0.39194288552259715,
        0.9120505732076651,
        0.12060153697747834,
        0.8829875288116624,
        -0.33612801684362487,
        -0.3276442690591768,
        -0.2582905558693373,
        0.23490753118157745,
        -0.9370723091906982
      ],
      "cam_t_m2c": [
        -53.74644382808429,
        -70.80833387585389,
        798.1478741347001
      ],
      "obj_id": 30
    }
  ],
  "127": [
    {
      "cam_R_m2c": [
        0.49424034891032365,
        -0.8660857620449148,
        -0.0749806289491501,
        -0.8332695179478689,
        -0.4473934841904536,
        -0.32480854286672856,
        0.24776551578079806,
        0.223012320868728,
        -0.9428028889575713
      ],
      "cam_t_m2c": [
        73.78208831569403,
        37.19985478416821,
        747.123775022454
      ],
      "obj_id": 2
    },
    {
      "cam_R_m2c": [
        0.9711547411297115,
        -0.08519584815166881,
        0.22271130747498316,
        -0.23115457757526764,
        -0.5656396811000207,
        0.7915928902655734,
        0.0585337283663909,
        -0.820239842723126,
        -0.5690163104195873
      ],
      "cam_t_m2c": [
        -26.26020233387779,
        47.528706841613655,
        736.4861978102134
      ],
      "obj_id": 25
    },
    {
      "cam_R_m2c": [
        -0.6259676899178049,
        -0.10926079621826187,
        -0.7721571688900954,
        0.7418911003296681,
        -0.38857683528068315,
        -0.5464479710213107,
        -0.24033637376422654,
        -0.914915332924135,
        0.32429581803827573
      ],
      "cam_t_m2c": [
        -47.468161491806434,
        -57.19196413348878,
        779.0387884500075
      ],
      "obj_id": 29
    },
    {
      "cam_R_m2c": [
        -0.8109973669840602,
        0.578402358319267,
        0.08794397091804049,
        0.469011171973537,
        0.7326143134360479,
        -0.4932592302287599,
        -0.3497310107929768,
        -0.35878453150812883,
        -0.8654254222270444
      ],
      "cam_t_m2c": [
        67.238264494361,
        -44.70847942542498,
        791.8845277211036
      ],
      "obj_id": 30
    }
  ],
  "135": [
    {
      "cam_R_m2c": [
        0.9533233532818701,
        -0.29943614162714904,
        -0.03889119963793675,
        -0.29452074927707306,
        -0.8937186849008322,
        -0.33841449712574734,
        0.06657540936935917,
        0.3340733643323651,
        -0.9401925261465652
      ],
      "cam_t_m2c": [
        25.001115866294786,
        70.48317873184334,
        722.8347550218655
      ],
      "obj_id": 2
    },
    {
      "cam_R_m2c": [
        0.8192772305883826,
        -0.12152872469832418,
        -0.5603707627598413,
        0.43011967061148826,
        -0.5160182870127741,
        0.740757662214637,
        -0.37918560208906776,
        -0.8479120127430707,
        -0.37049038594825184
      ],
      "cam_t_m2c": [
        -64.71556582045258,
        23.27950609364097,
        745.2621217631438
      ],
      "obj_id": 25
    },
    {
      "cam_R_m2c": [
        -0.9891030374871377,
        0.02562157321928018,
        -0.1449783419267299,
        0.10964697256613018,
        -0.5289576830203161,
        -0.8415348120540238,
        -0.09824859573947964,
        -0.8482607160053439,
        0.5203850516188147
      ],
      "cam_t_m2c": [
        -7.35103205723655,
        -73.0662390457228,
        789.3565312934304
      ],
      "obj_id": 29
    },
    {
      "cam_R_m2c": [
        -0.9956700627508868,
        -0.06626625387695372,
        0.0651908694721975,
        -0.08769217412246791,
        0.9022447585067843,
        -0.42221377204201416,
        -0.03083903087717789,
        -0.42610278811574354,
        -0.904148530237993
      ],
      "cam_t_m2c": [
        79.17879039852073,
        8.659179823579617,
        765.7335599860438
      ],
      "obj_id": 30
    }
  ],
  "142": [
    {
      "cam_R_m2c": [
        0.9976563116246614,
        0.04770071481942429,
        -0.0490534297092953,
        0.015971811862506582,
        -0.8594701321933816,
        -0.5109352671302694,
        -0.06653213446190549,
        0.5089550404363337,
        -0.8582179823289858
      ],
      "cam_t_m2c": [
        -28.542613395304677,
        79.33643801486159,
        720.2416196962057
      ],
      "obj_id": 2
    },
    {
      "cam_R_m2c": [
        0.4590713611315591,
        0.17935935225448618,
        -0.8701053605391025,
        0.8296976442079146,
        -0.43666732165828515,
        0.3477391086415556,
        -0.31757692006942706,
        -0.8815617147801129,
        -0.34927581344287506
      ],
      "cam_t_m2c": [
        -73.8991021399914,
        -13.57549197413902,
        764.4517205965536
      ],
      "obj_id": 25
    },
    {
      "cam_R_m2c": [
        -0.9386973625421773,
        -0.1408955923224826,
        0.31463529172036225,
        -0.21109990408968543,
        -0.486628158284268,
        -0.8477197190030701,
        0.2725507454216089,
        -0.8621720956371656,
        0.427054174855066
      ],
      "cam_t_m2c": [
        36.95203586412441,
        -62.090070544788034,
        780.153473649889
      ],
      "obj_id": 29
    },
    {
      "cam_R_m2c": [
        -0.6589146659690083,
        -0.7328140122974591,
        0.16974890854901992,
        -0.6974139870671263,
        0.5105923391612588,
        -0.5028997682320138,
        0.28186003742031,
        -0.4497537592587428,
        -0.8475118421091019
      ],
      "cam_t_m2c": [
        52.904731473977336,
        50.455360658962505,
        738.3719247177594
      ],
      "obj_id": 30
    }
  ],
  "157": [
    {
      "cam_R_m2c": [
        0.03050534823677913,
        0.9946695239383297,
        -0.09849865894622183,
        0.8651630059258838,
        -0.07562665123254576,
        -0.4957544626335572,
        -0.5005618107804586,
        -0.07009396626975593,
        -0.8628590952328884
      ],
      "cam_t_m2c": [
        -99.93187554299244,
        -12.309570960294826,
        768.3053774976672
      ],
      "obj_id": 2
    },
    {
      "cam_R_m2c": [
        -0.7738226685965991,
        0.1704370385770431,
        -0.6100407071004373,
        0.4416687836125245,
        -0.5451537561873306,
        -0.7125551847787347,
        -0.4540124959506077,
        -0.8208281656996169,
        0.34657612336554533
      ],
      "cam_t_m2c": [
        -17.54114340599721,
        -66.96591922762647,
        801.0340575949919
      ],
      "obj_id": 25
    },
    {
      "cam_R_m2c": [
        0.009087076647082642,
        -0.11410153468070805,
        0.9934274959062441,
        -0.7161747997418588,
        -0.6940741897385962,
        -0.0731681764495985,
        0.6978616657309742,
        -0.7108038699029737,
        -0.0880236191509965
      ],
      "cam_t_m2c": [
        59.462248111270554,
        0.43280961199634516,
        741.3314962006899
      ],
      "obj_id": 29
    },
    {
      "cam_R_m2c": [
        0.6749852315850601,
        -0.7354865930486214,
        0.05877456824431899,
        -0.5834387292846174,
        -0.5808094399247626,
        -0.5676781256580673,
        0.45165727485699014,
        0.34888323193479026,
        -0.8211500392975984
      ],
      "cam_t_m2c": [
        -54.14048636094983,
        45.183941590470134,
        724.8502948745513
      ],
      "obj_id": 30
    }
  ],
  "168": [
    {
      "cam_R_m2c": [
        -0.8280282066636108,
        0.5453594640064681,
        -0.13019906800902048,
        0.4957469492122147,
        0.6036325349760225,
        -0.6243906319879733,
        -0.2619250255452493,
        -0.5815579763238641,
        -0.7701850408958432
      ],
      "cam_t_m2c": [
        -60.09501319891742,
        -74.97106272247784,
        810.8343602954595
      ],
      "obj_id": 2
    },
    {
      "cam_R_m2c": [
        -0.9861779813777659,
        0.0662122165929987,
        0.15188171133511374,
        -0.16444794501338822,
        -0.5030149724301709,
        -0.8484890609168073,
        0.0202179940012053,
        -0.861737968267199,
        0.5069503757645919
      ],
      "cam_t_m2c": [
        34.26310415127426,
        -52.15008435352726,
        794.6186734770776
      ],
      "obj_id": 25
    },
    {
      "cam_R_m2c": [
        0.9278335636164324,
        -0.0013466655406892665,
        0.3729914009179738,
        -0.3140813020165747,
        -0.5422134396546626,
        0.7793318354856218,
        0.2011915317599897,
        -0.8402400137879148,
        -0.5035060555488395
      ],
      "cam_t_m2c": [
        4.979977972740637,
        35.56235401584806,
        716.0122491705976
      ],
      "obj_id": 29
    },
    {
      "cam_R_m2c": [
        0.9996698810293123,
        0.02308571769304954,
        -0.011250488051341823,
        0.007618794330891973,
        -0.6849786475763933,
        -0.728523971034686,
        -0.024524212652867645,
        0.728197286907738,
        -0.6849282487903009
      ],
      "cam_t_m2c": [
        -97.79568788153597,
        -10.135202280335383,
        763.025265997746
      ],
      "obj_id": 30
    }
  ],
  "17": [
    {
      "cam_R_m2c": [
        -0.343681194878317,
        0.9390855101087768,
        0.0012568221328847608,
        0.8555405472700657,
        0.31365710911729316,
        -0.41190973977745776,
        -0.38721312450109846,
        -0.14049042910174442,
        -0.9112234819296403
      ],
      "cam_t_m2c": [
        -97.62407158110346,
        -21.395952700153998,
        766.3618495549496
      ],
      "obj_id": 2
    },
    {
      "cam_R_m2c": [
        -0.9655538012019722,
        -0.034392295226265565,
        -0.25792051495765733,
        0.25071758090186125,
        -0.3881710559451077,
        -0.8868280557992723,
        -0.06961743858842342,
        -0.9209450833718138,
        0.38342316989443803
      ],
      "cam_t_m2c": [
        2.848604725237274,
        -56.80866520941619,
        780.4733736234689
      ],
      "obj_id": 25
    },
    {
      "cam_R_m2c": [
        0.29541720371087193,
        -0.07208569138291307,
        0.9526448830681701,
        -0.8732110480350677,
        -0.42492072711628026,
        0.2386312877254175,
        0.3875970817395555,
        -0.9023555146405694,
        -0.1884750335219861
      ],
      "cam_t_m2c": [
        42.784978203219076,
        42.24278050994345,
        740.8962267775167
      ],
      "obj_id": 29
    },
    {
      "cam_R_m2c": [
        0.8704585687877467,
        -0.4916304103463539,
        0.024522854111830462,
        -0.4654401978732572,
        -0.8382564488714911,
        -0.28406287490123344,
        0.16021067157766117,
        0.2358513173612846,
        -0.9584917110097719
      ],
      "cam_t_m2c": [
        -74.81283709862306,
        60.76309442826403,
        750.4414021771283
      ],
      "obj_id": 30
    }
  ],
  "176": [
    {
      "cam_R_m2c": [
        -0.9897929812367711,
        0.1047769329660682,
        -0.09660337785711431,
        0.14230752365969274,
        0.7631834485886804,
        -0.6303177204966753,
        0.007683369254203472,
        -0.6376308205719609,
        -0.7703039104290466
      ],
      "cam_t_m2c": [
        -0.7006238249917907,
        -93.4851142081187,
        823.6532846103311
      ],
      "obj_id": 2
    },
    {
      "cam_R_m2c": [
        -0.5260031188352334,
        -0.15095860813310186,
        0.8369783692046736,
        -0.620685667871869,
        -0.6046637651515713,
        -0.49913106694516113,
        0.581438119739013,
        -0.7820447526543026,
        0.22435681038979935
      ],
      "cam_t_m2c": [
        59.03894056273495,
        -19.155216864573386,
        773.6697274968044
      ],
      "obj_id": 25
    },
    {
      "cam_R_m2c": [
        0.9401013217863634,
        0.08443914466645186,
        -0.33027293714459804,
        0.2924133521432796,
        -0.6977439571550569,
        0.6539484445881241,
        -0.17522699466038433,
        -0.7113537818785481,
        -0.6806405038145031
      ],
      "cam_t_m2c": [
        -41.39452543338702,
        25.642775606887817,
        725.8579280575166
      ],
      "obj_id": 29
    },
    {
      "cam_R_m2c": [
        0.8636344227402765,
        0.5037493460127616,
        0.01930704868003456,
        0.37845070311508394,
        -0.6225685321498001,
        -0.6849703300086264,
        -0.3330330462841855,
        0.5988702036461888,
        -0.7283156188679124
      ],
      "cam_t_m2c": [
        -78.70167762932044,
        -56.10441627516177,
        797.9159272840963
      ],
      "obj_id": 30
    }
  ],
  "181": [
    {
      "cam_R_m2c": [
        -0.8183357721521735,
        -0.5660232955350447,
        0.09971739549271927,
        -0.5164542227693928,
        0.6480642463427229,
        -0.5597208139955759,
        0.2521917013964727,
        -0.5095394410897996,
        -0.822659321017205
      ],
      "cam_t_m2c": [
        34.270766653819216,
        -77.9290300265009,
        819.6577162121199
      ],
      "obj_id": 2
    },
    {
      "cam_R_m2c": [
        -0.1852725008970742,
        -0.15758271823740264,
        0.9699695898770606,
        -0.7766558612849938,
        -0.5812598916833324,
        -0.24278059046169662,
        0.6020627190176115,
        -0.7983131804355865,
        -0.014695792909028161
      ],
      "cam_t_m2c": [
        51.74021774479408,
        2.745797459989842,
        758.6447061882093
      ],
      "obj_id": 25
    },
    {
      "cam_R_m2c": [
        0.7929686876948827,
        -0.12799287607438448,
        -0.5956657687015589,
        0.39863741545052667,
        -0.6303661217311566,
        0.6661280301944507,
        -0.46074716891369244,
        -0.7656733543787283,
        -0.44883824357045865
      ],
      "cam_t_m2c": [
        -65.87742363455524,
        12.134609527588317,
        731.6322028344665
      ],
      "obj_id": 29
    },
    {
      "cam_R_m2c": [
        0.39718789015131156,
        0.905429246414039,
        -0.1497963202381931,
        0.7056265245417304,
        -0.40565802634315085,
        -0.58097551668636,
        -0.5867984719668191,
        0.12505651192197084,
        -0.8000173863700237
      ],
      "cam_t_m2c": [
        -48.95692018219286,
        -74.84123224432317,
        814.6574674209372
      ],
      "obj_id": 30
    }
  ],
  "197": [
    {
      "cam_R_m2c": [
        0.1870197553389871,
        -0.9783003368976116,
        -0.08917545549670669,
        -0.7286082600984786,
        -0.07725113507443684,
        -0.6805600416648387,
        0.6589029053861725,
        0.19225211206652318,
        -0.7272458280476746
      ],
      "cam_t_m2c": [
        83.14521982239421,
        11.704984901497813,
        752.4127332963286
      ],
      "obj_id": 2
    },
    {
      "cam_R_m2c": [
        0.9016968537644264,
        0.16295328840171713,
        0.4004862561476481,
        -0.25167617286538824,
        -0.5553531227833017,
        0.7926168797711778,
        0.351570721224544,
        -0.8154936355619803,
        -0.4597485470632662
      ],
      "cam_t_m2c": [
        -23.468970790087894,
        33.21523831371959,
        728.7868914724411
      ],
      "obj_id": 25
    },
    {
      "cam_R_m2c": [
        -0.29061714515708986,
        0.03734504420468167,
        -0.9561104650065998,
        0.7290610898343137,
        -0.6385029998406987,
        -0.24654309323378182,
        -0.6196863089081085,
        -0.7687132167439137,
        0.15833298908430457
      ],
      "cam_t_m2c": [
        -62.74859707595527,
        -59.339183697132,
        789.6875881195842
      ],
      "obj_id": 29
    },
    {
      "cam_R_m2c": [
        -0.8090605836291603,
        0.5794370960194859,
        0.098355684693557,
        0.4732068632179168,
        0.7414785667315961,
        -0.47569341015224437,
        -0.34856293970478036,
        -0.3383221521972372,
        -0.8740953411458215
      ],
      "cam_t_m2c": [
        61.06304127827792,
        -55.56443456638333,
        803.5630758303099
      ],
      "obj_id": 30
    }
  ],
  "212": [
    {
      "cam_R_m2c": [
        0.9930832224376331,
        0.03996193810606663,
        0.11040595385788125,
        0.1066969365263191,
        -0.6996451446752521,
        -0.706478980407489,
        0.049012981437062265,
        0.7133725392778858,
        -0.6990686775847464
      ],
      "cam_t_m2c": [
        -11.300658336900085,
        57.43170792446923,
        714.8783684023736
      ],
      "obj_id": 2
    },
    {
      "cam_R_m2c": [
        0.43412828330863273,
        0.07481587675420744,
        -0.897739381261236,
        0.7293406846354229,
        -0.614126971481817,
        0.3015137624879633,
        -0.5287678761588603,
        -0.7856523900553503,
        -0.321176372656141
      ],
      "cam_t_m2c": [
        -71.22332406620214,
        -8.728640240423385,
        764.5068657684865
      ],
      "obj_id": 25
    },
    {
      "cam_R_m2c": [
        -0.9465001314496694,
        -0.12349010380572109,
        0.29814180016131125,
        -0.19239313922659138,
        -0.5257955276013586,
        -0.8285676241345189,
        0.2590813768279228,
        -0.8415986520125558,
        0.47390700257283946
      ],
      "cam_t_m2c": [
        23.734224390701073,
        -68.78106937996807,
        801.8072342174698
      ],
      "obj_id": 29
    },
    {
      "cam_R_m2c": [
        -0.8703054213822824,
        -0.4923516153439851,
        0.012614978548459698,
        -0.42159471151091577,
        0.7315015574914593,
        -0.5358766177576761,
        0.25461161257275167,
        -0.47169494332087974,
        -0.844201488533262
      ],
      "cam_t_m2c": [
        64.78872369612462,
        31.047853677819816,
        744.1303583953236
      ],
      "obj_id": 30
    }
  ],
  "220": [
    {
      "cam_R_m2c": [
        0.7801107864837236,
        0.6039824512735011,
        0.16319307172720987,
        0.5370470668724416,
        -0.51265118350034,
        -0.6699028072198756,
        -0.32094888964713464,
        0.6102407072258176,
        -0.7242916072748653
      ],
      "cam_t_m2c": [
        -68.54216720133248,
        19.467494560763498,
        720.8438967349626
      ],
      "obj_id": 2
    },
    {
      "cam_R_m2c": [
        -0.015929736745750406,
        0.1389583731878927,
        -0.9901699030206048,
        0.5900422483696994,
        -0.7981769993406661,
        -0.12150735634749812,
        -0.8072156229396092,
        -0.5861775607529505,
        -0.06927608161315928
      ],
      "cam_t_m2c": [
        -58.35412953414006,
        -50.61696545760293,
        795.2752290258152
      ],
      "obj_id": 25
    },
    {
      "cam_R_m2c": [
        -0.5934474727608288,
        0.0240705783487231,
        0.8045124183379073,
        -0.6573737487046937,
        -0.5912402916793593,
        -0.46722079813484163,
        0.46441429868082057,
        -0.8061362206889271,
        0.36669339605193557
      ],
      "cam_t_m2c": [
        55.80536547931081,
        -50.828586912535094,
        784.7779644007564
      ],
      "obj_id": 29
    },
    {
      "cam_R_m2c": [
        -0.1919674114458456,
        -0.9776567366665821,
        0.0856467335869628,
        -0.7827624060966792,
        0.09988758364694131,
        -0.6142524567351547,
        0.5919733463927297,
        -0.18495725464511334,
        -0.7844479833426501
      ],
      "cam_t_m2c": [
        15.618444172019526,
        38.196955268097355,
        710.5950093228795
      ],
      "obj_id": 30
    }
  ],
  "230": [
    {
      "cam_R_m2c": [
        -0.10506300324758329,
        0.9875968955545821,
        -0.11667446938834569,
        0.640891602901538,
        -0.022469826889226333,
        -0.7673022574357498,
        -0.7604074058512464,
        -0.15539082975674393,
        -0.6305821480490152
      ],
      "cam_t_m2c": [
        -105.29502205246173,
        -26.996210513135402,
        772.3521068255809
      ],
      "obj_id": 2
    },
    {
      "cam_R_m2c": [
        -0.694366655066372,
        0.014247656871962363,
        -0.7194794816986128,
        0.46373742742450313,
        -0.7556636654619814,
        -0.46251464310140034,
        -0.5502744333328704,
        -0.6548045181717016,
        0.5181009576410467
      ],
      "cam_t_m2c": [
        -12.263343808386475,
        -68.54392563998321,
        814.8243613590887
      ],
      "obj_id": 25
    },
    {
      "cam_R_m2c": [
        0.07293519680193457,
        -0.07706936649418415,
        0.9943538225562781,
        -0.7697685649071189,
        -0.6382846408068343,
        0.0069900524535877005,
        0.634142400297416,
        -0.7659324462638264,
        -0.10587928252134238
      ],
      "cam_t_m2c": [
        57.94714961171941,
        -10.848554515388704,
        742.7676993776123
      ],
      "obj_id": 29
    },
    {
      "cam_R_m2c": [
        0.48565650975999664,
        -0.8680906396178999,
        0.1027388704958484,
        -0.5107442311156754,
        -0.377172374508613,
        -0.7725807442004491,
        0.7094207031110044,
        0.3227359901937141,
        -0.6265486810225342
      ],
      "cam_t_m2c": [
        -59.88783607767057,
        28.107967227737667,
        717.8420369563175
      ],
      "obj_id": 30
    }
  ],
  "236": [
    {
      "cam_R_m2c": [
        -0.3841036574723002,
        0.9223630362510903,
        -0.04136371213062993,
        0.5690309301082096,
        0.2012078890989914,
        -0.7973202799437332,
        -0.7270961484231602,
        -0.3297906841276572,
        -0.6021375891276605
      ],
      "cam_t_m2c": [
        -90.7344576915824,
        -59.741470069554914,
        810.2432273220445
      ],
      "obj_id": 2
    },
    {
      "cam_R_m2c": [
        -0.9731098511683369,
        0.17246832364076112,
        -0.15268281449992535,
        -0.034360482863375154,
        -0.7641258622700914,
        -0.6441517350033078,
        -0.22776484339906602,
        -0.621583955398787,
        0.7495044818261021
      ],
      "cam_t_m2c": [
        21.094335263392573,
        -65.67850302380492,
        812.326801972355
      ],
      "obj_id": 25
    },
    {
      "cam_R_m2c": [
        0.7046667769803833,
        -0.16307592568444274,
        0.6905441561084859,
        -0.5172520771652892,
        -0.784257470762139,
        0.3426236429029358,
        0.48569087563045976,
        -0.5986206956823704,
        -0.6369912843541511
      ],
      "cam_t_m2c": [
        32.21450841585835,
        13.059009026437813,
        724.0905818954813
      ],
      "obj_id": 29
    },
    {
      "cam_R_m2c": [
        0.9668314914957443,
        -0.24168343717877241,
        0.08262104207139852,
        -0.09370561678192803,
        -0.6365566294006286,
        -0.7655163842982207,
        0.23760581121973737,
        0.7323831562957066,
        -0.6380898765136971
      ],
      "cam_t_m2c": [
        -88.61354730256471,
        4.558468304579956,
        749.2343075619292
      ],
      "obj_id": 30
    }
  ],
  "246": [
    {
      "cam_R_m2c": [
        -0.9996007067761452,
        0.010909213739704476,
        -0.02606281712127691,
        0.027091285349392775,
        0.6320058687968662,
        -0.7744893722807911,
        0.008022226701179906,
        -0.774886321966113,
        -0.6320490640789361
      ],
      "cam_t_m2c": [
        -18.051410627800504,
        -85.6910960567908,
        838.1421579328739
      ],
      "obj_id": 2
    },
    {
      "cam_R_m2c": [
        -0.670486381078248,
        0.08579633265312832,
        0.7369441730949768,
        -0.4654757121257459,
        -0.8221238191040807,
        -0.32778634165926895,
        0.577736267253143,
        -0.5628059048643325,
        0.5911596194957431
      ],
      "cam_t_m2c": [
        55.809060225291745,
        -32.21295181686747,
        783.6159788334556
      ],
      "obj_id": 25
    },
    {
      "cam_R_m2c": [
        0.9921219627782524,
        0.06710164978534942,
        -0.1057882548967107,
        0.11301916813991635,
        -0.8437028905318587,
        0.5247772919696871,
        -0.054039826375370185,
        -0.5325991675877413,
        -0.8446402388614354
      ],
      "cam_t_m2c": [
        -25.203478226515806,
        16.55592865197879,
        718.5967009333006
      ],
      "obj_id": 29
    },
    {
      "cam_R_m2c": [
        0.930798440706953,
        0.3432260750170087,
        0.12573601879847054,
        0.308994435005694,
        -0.555045510217512,
        -0.7722992399354346,
        -0.19528361254595672,
        0.7577073719615443,
        -0.6226904649881115
      ],
      "cam_t_m2c": [
        -87.9346198245326,
        -43.695021035654406,
        797.7893232315665
      ],
      "obj_id": 30
    }
  ],
  "252": [
    {
      "cam_R_m2c": [
        -0.9296899483732619,
        -0.3679302535472346,
        -0.01743487077476509,
        -0.28176249312436397,
        0.7408523485948634,
        -0.6097103638876787,
        0.23724782573773678,
        -0.5619297324137074,
        -0.7924323286432865
      ],
      "cam_t_m2c": [
        27.313536869513417,
        -85.42915311172712,
        840.0800193290555
      ],
      "obj_id": 2
    },
    {
      "cam_R_m2c": [
        -0.3705586437288216,
        -0.03508584429743401,
        0.9281461734722444,
        -0.706492827693967,
        -0.6380579937445456,
        -0.30618445888610574,
        0.6029544684379631,
        -0.7691883307436397,
        0.21165016800429123
      ],
      "cam_t_m2c": [
        49.72263579954806,
        -13.326024419537262,
        761.2010373964171
      ],
      "obj_id": 25
    },
    {
      "cam_R_m2c": [
        0.899125951620123,
        0.01657253061040331,
        -0.43737618845949583,
        0.33927457702190256,
        -0.6577149669344617,
        0.6725346270209303,
        -0.2765236212915429,
        -0.7530843230175585,
        -0.5969918280549048
      ],
      "cam_t_m2c": [
        -60.37322282290533,
        -0.2880800046236256,
        727.9370924451431
      ],
      "obj_id": 29
    },
    {
      "cam_R_m2c": [
        0.6700424072937786,
        0.7414668786414365,
        0.035638612507555796,
        0.5437994805497542,
        -0.45760353438277174,
        -0.703477167549244,
        -0.5052971789187256,
        0.49074012739092926,
        -0.70982354290727
      ],
      "cam_t_m2c": [
        -56.804000148823164,
        -69.13146207451874,
        825.6691821953448
      ],
      "obj_id": 30
    }
  ],
  "267": [
    {
      "cam_R_m2c": [
        0.07728239615907272,
        -0.9966743345390727,
        0.02585404870879732,
        -0.790471997935617,
        -0.07705564157834668,
        -0.6076314811131469,
        0.6076021223393703,
        0.026522523021392345,
        -0.7937979043306718
      ],
      "cam_t_m2c": [
        83.56127603163476,
        -11.49293712486072,
        765.9275497262344
      ],
      "obj_id": 2
    },
    {
      "cam_R_m2c": [
        0.8958755376077512,
        0.011336228834862511,
        0.4441611991011816,
        -0.2388130986043286,
        -0.8307047687490383,
        0.5028892923958137,
        0.3746669618088975,
        -0.5565973666062607,
        -0.7415003735545849
      ],
      "cam_t_m2c": [
        -4.639459826191584,
        18.017835722183026,
        723.1151864836318
      ],
      "obj_id": 25
    },
    {
      "cam_R_m2c": [
        -0.19628364288008185,
        0.10335253802144065,
        -0.9750855024089543,
        0.7602702751796684,
        -0.6119686153413351,
        -0.2179061796842315,
        -0.6192420773093453,
        -0.78409963349658,
        0.04154357872254205
      ],
      "cam_t_m2c": [
        -70.44567891589548,
        -54.641812094018974,
        792.7158553937808
      ],
      "obj_id": 29
    },
    {
      "cam_R_m2c": [
        -0.7463151851040748,
        0.6565422904117627,
        0.10939168619381319,
        0.4424838232947183,
        0.6121761021989072,
        -0.6553229371627992,
        -0.49721342646316413,
        -0.4406731075713639,
        -0.7473853548298602
      ],
      "cam_t_m2c": [
        48.68816414243255,
        -65.35516191282541,
        829.9403443759289
      ],
      "obj_id": 30
    }
  ],
  "273": [
    {
      "cam_R_m2c": [
        0.4983974413801302,
        -0.8667803029371141,
        0.017081941665180633,
        -0.4793804545717407,
        -0.2919531900277366,
        -0.8276219716396703,
        0.7223536479142477,
        0.40429584270218194,
        -0.5610255102002244
      ],
      "cam_t_m2c": [
        70.06933511924358,
        17.501172389446058,
        730.9957320206955
      ],
      "obj_id": 2
    },
    {
      "cam_R_m2c": [
        0.9841226534690913,
        0.14332282844082386,
        0.10469509367733386,
        0.04855968181861057,
        -0.7847793852732236,
        0.6178703220261763,
        0.1707175822454778,
        -0.6029754715617373,
        -0.7792788845966491
      ],
      "cam_t_m2c": [
        -41.55304608350104,
        12.413309194111058,
        734.4463320561537
      ],
      "obj_id": 25
    },
    {
      "cam_R_m2c": [
        -0.7403200165110524,
        -0.10587915453239231,
        -0.6638642818341526,
        0.5459321730736113,
        -0.6709374835789903,
        -0.5017983654356001,
        -0.39228139443732124,
        -0.7339155321832112,
        0.5545111434112721
      ],
      "cam_t_m2c": [
        -42.13292275520867,
        -69.84038434527226,
        811.9560427967434
      ],
      "obj_id": 29
    },
    {
      "cam_R_m2c": [
        -0.9900373248847669,
        0.14070531043811665,
        0.005303242423907407,
        0.09709640123527807,
        0.7094993635973906,
        -0.6979853054706369,
        -0.10197291647286813,
        -0.6905163999019758,
        -0.7160921258707325
      ],
      "cam_t_m2c": [
        74.23836946258025,
        -43.159969804441694,
        803.6767101336075
      ],
      "obj_id": 30
    }
  ],
  "283": [
    {
      "cam_R_m2c": [
        0.9999496443730862,
        0.004586612983637543,
        0.008960401249401824,
        0.009987656285586956,
        -0.5629017017844229,
        -0.826463671707952,
        0.0012534614074276055,
        0.8265112849985237,
        -0.5629193249645549
      ],
      "cam_t_m2c": [
        -3.45485443708868,
        39.69493324692608,
        708.2497279760855
      ],
      "obj_id": 2
    },
    {
      "cam_R_m2c": [
        0.6894916736166394,
        -0.02825901136615405,
        -0.7237424917292153,
        0.5596736357604398,
        -0.6134810905984127,
        0.5571414380486289,
        -0.45974639364247977,
        -0.7892040467402848,
        -0.40717443471888426
      ],
      "cam_t_m2c": [
        -72.24630089008663,
        -19.763500038487322,
        760.6238534725591
      ],
      "obj_id": 25
    },
    {
      "cam_R_m2c": [
        -0.9974336697977788,
        0.014932474191477918,
        -0.07002521479208601,
        0.03578142422883637,
        -0.7431729209484178,
        -0.6681421897725811,
        -0.06201813759112969,
        -0.6689332644381075,
        0.7407312870654303
      ],
      "cam_t_m2c": [
        18.39313448197113,
        -71.7311922196696,
        817.5262298188242
      ],
      "obj_id": 29
    },
    {
      "cam_R_m2c": [
        -0.7713941571050135,
        -0.6263810245260775,
        0.11224293327022367,
        -0.45846064695534217,
        0.4247094925014891,
        -0.7806637571276627,
        0.4413219667433332,
        -0.6536584272785287,
        -0.6147896210089333
      ],
      "cam_t_m2c": [
        69.55217589007938,
        8.750291768164098,
        741.533332161459
      ],
      "obj_id": 30
    }
  ],
  "292": [
    {
      "cam_R_m2c": [
        0.6831671426462608,
        0.720290936342715,
        -0.12026472223593697,
        0.3247913711967167,
        -0.44719836794583645,
        -0.8333810160488165,
        -0.6540592454574107,
        0.5302774127807053,
        -0.5394556252614251
      ],
      "cam_t_m2c": [
        -67.49898942234866,
        7.012366268350463,
        718.8363877421781
      ],
      "obj_id": 2
    },
    {
      "cam_R_m2c": [
        -0.18296104188641898,
        -0.10879386179158639,
        -0.9770819490081049,
        0.5101255982994847,
        -0.8600997423303633,
        0.0002459104302741456,
        -0.8404146923271635,
        -0.49838963160006655,
        0.21286361041021692
      ],
      "cam_t_m2c": [
        -57.0816846589683,
        -56.56009924332034,
        808.5089722910963
      ],
      "obj_id": 25
    },
    {
      "cam_R_m2c": [
        -0.7080247603171916,
        -0.15237902488765045,
        0.6895518130428329,
        -0.2904782042759972,
        -0.8271714394937024,
        -0.48105044908034394,
        0.64367971513998,
        -0.5408955045636556,
        0.5413948278697327
      ],
      "cam_t_m2c": [
        54.98345338310774,
        -53.85668847567526,
        800.1064898715169
      ],
      "obj_id": 29
    },
    {
      "cam_R_m2c": [
        -0.3660210859744111,
        -0.9303617749540092,
        0.02134696466615898,
        -0.4494381219166582,
        0.15663762398275782,
        -0.8794713069750847,
        0.8148827293464019,
        -0.3314989060389982,
        -0.4754728386125942
      ],
      "cam_t_m2c": [
        14.09439502553635,
        15.865236217192663,
        710.7778681777352
      ],
      "obj_id": 30
    }
  ],
  "30": [
    {
      "cam_R_m2c": [
        -0.9508746535348667,
        0.30509851673399124,
        0.05246285717500542,
        0.2587019292533316,
        0.876195457985754,
        -0.4066371334746841,
        -0.17003257859654816,
        -0.3730886912158253,
        -0.9120825494489603
      ],
      "cam_t_m2c": [
        -21.459075714586838,
        -82.02792409665356,
        790.2083247955483
      ],
      "obj_id": 2
    },
    {
      "cam_R_m2c": [
        -0.7542657901146649,
        -0.021336793647996743,
        0.6562225703047235,
        -0.6497302933251171,
        -0.11961774740948547,
        -0.7506936743227747,
        0.09451326052031626,
        -0.9925910697059972,
        0.0763608694588395
      ],
      "cam_t_m2c": [
        50.59004931181578,
        -10.8239271686064,
        763.1590441471478
      ],
      "obj_id": 25
    },
    {
      "cam_R_m2c": [
        0.9979206980629902,
        0.05102048956010274,
        0.03938718181054849,
        -0.02983995110609503,
        -0.17595691740460268,
        0.9839449019898381,
        0.057132137589012845,
        -0.9830751246683893,
        -0.1740690071919498
      ],
      "cam_t_m2c": [
        -25.136077192822274,
        65.4565158593591,
        731.4637966389101
      ],
      "obj_id": 29
    },
    {
      "cam_R_m2c": [
        0.8919692340541148,
        0.41963650593833873,
        -0.16821531145397237,
        0.37012827621654437,
        -0.8914772915095414,
        -0.261289379063121,
        -0.2596064432367087,
        0.1708010737769478,
        -0.9504904818534691
      ],
