{
  "1": [
    {
      "cam_R_m2c": [
        0.9171947738312465,
        0.3981308148172452,
        -0.01565957601707013,
        0.37697878671094165,
        -0.8798486316805049,
        -0.2894006895316237,
        -0.1289974060274895,
        0.2595334783599931,
        -0.9570796658230507
      ],
      "cam_t_m2c": [
        -49.23171764062078,
        85.60146680277612,
        737.4867583915207
      ],
      "obj_id": 2
    },
    {
      "cam_R_m2c": [
        0.23018462273012497,
        -0.014157139453086009,
        -0.9730437957400393,
        0.9326510460121176,
        -0.28223278054732087,
        0.22473554626158793,
        -0.2778064782047589,
        -0.9592412171420628,
        -0.05176196469052611
      ],
      "cam_t_m2c": [
        -69.71671348864216,
        -13.037602952824432,
        766.1613823218698
      ],
      "obj_id": 25
    },
    {
      "cam_R_m2c": [
        -0.8425559863215015,
        -0.025226077934243873,
        0.5380173645249203,
        -0.515904699378328,
        -0.249163409141467,
        -0.8196092410697778,
        0.1547297726737051,
        -0.9681325878303614,
        0.19691986583924476
      ],
      "cam_t_m2c": [
        44.42579429743082,
        -40.76572262109052,
        765.1158804561858
      ],
      "obj_id": 29
    },
    {
      "cam_R_m2c": [
        -0.4784693397132751,
        -0.8780854652550008,
        -0.005712864596144815,
        -0.8427967920575405,
        0.46104735478841297,
        -0.27771977033234035,
        0.24649559911255625,
        -0.1280656085452038,
        -0.9606448670029077
      ],
      "cam_t_m2c": [
        38.63060202769456,
        77.8103306241351,
        743.8181845528305
      ],
      "obj_id": 30
    }
  ],
  "101": [
    {
      "cam_R_m2c": [
        -0.9684815480879282,
        0.24826630311805517,
        0.02019687326713002,
        0.2136577886449764,
        0.8696747738271166,
        -0.44498965463297613,
        -0.1280405624675822,
        -0.42664819661296943,
        -0.8953076559352914
      ],
      "cam_t_m2c": [
        -26.693593008717738,
        -86.89985240461606,
        805.9983635713736
      ],
      "obj_id": 2
    },
    {
      "cam_R_m2c": [
        -0.7587379418928142,
        0.006689548725843929,
        0.6513620798269137,
        -0.5878076768015728,
        -0.4379468519868841,
        -0.6802090359850648,
        0.280711069318914,
        -0.8989757044799201,
        0.33621846708486125
      ],
      "cam_t_m2c": [
        52.92197094985221,
        -24.423718806241173,
        772.6958093149783
      ],
      "obj_id": 25
    },
    {
      "cam_R_m2c": [
        0.9967828341375061,
        0.006855961339421372,
        0.07985956655308273,
        -0.06585084701639686,
        -0.497985222973821,
        0.8646814795804412,
        0.045697155316026715,
        -0.8671581718018859,
        -0.49593077435088495
      ],
      "cam_t_m2c": [
        -23.417311763370208,
        51.43190646535077,
        724.0146175296583
      ],
      "obj_id": 29
    },
    {
      "cam_R_m2c": [
        0.9158213731137611,
        0.40088866600724565,
        0.02366581497136809,
        0.36986670466062005,
        -0.8190628833784237,
        -0.43855929969823965,
        -0.15642922546900195,
        0.41039444607135206,
        -0.8983903244394502
      ],
      "cam_t_m2c": [
        -89.84287455453956,
        -30.639186277487724,
        780.2775968292387
      ],
      "obj_id": 30
    }
  ],
  "109": [
    {
      "cam_R_m2c": [
        -0.9019020055898161,
        -0.43153542337838297,
        0.018714977466042716,
        -0.393478538665994,
        0.8029458293786909,
        -0.4477190201705383,
        0.17817952181149027,
        -0.4111626062891042,
        -0.8939784331943466
      ],
      "cam_t_m2c": [
        37.701157641248244,
        -78.33558616431147,
        801.09279312195
      ],
      "obj_id": 2
    },
    {
      "cam_R_m2c": [
        -0.16131134495399913,
        0.018203701400711446,
        0.986735806885804,
        -0.8893810791219453,
        -0.4360455450914943,
        -0.1373509821700926,
        0.4277614632079527,
        -0.8997404767636434,
        0.08652909656563922
      ],
      "cam_t_m2c": [
        52.30526534365029,
        15.225784053931523,
        754.6180467302801
      ],
      "obj_id": 25
    },
    {
      "cam_R_m2c": [
        0.8133551935345457,
        0.040400552590049356,
        -0.5803631908089063,
        0.5218806728021439,
        -0.49151067532741,
        0.6971782453292279,
        -0.2570883350138821,
        -0.8699339281110965,
        -0.4208569993422137
      ],
      "cam_t_m2c": [
        -64.78517008254455,
        27.96812726718652,
        736.147837026645
      ],
      "obj_id": 29
    },
    {
      "cam_R_m2c": [
        0.4429502691636014,
        0.8965448670523737,
        0.0016315196483081345,
        0.7960591921540416,
        -0.39246500241306,
        -0.4607175727804699,
        -0.41241366906898874,
        0.20537371605062063,
        -0.8875453040242789
      ],
      "cam_t_m2c": [
        -52.305464669742356,
        -70.98542750985993,
        801.1835987348734
      ],
      "obj_id": 30
    }
  ],
  "127": [
    {
      "cam_R_m2c": [
        0.4384807606941635,
        -0.8987406751091365,
        -4.9098588918483685e-05,
        -0.8076823757535292,
        -0.3940309174532201,
        -0.4386212505841365,
        0.3941867136781755,
        0.19236633584803287,
        -0.898672002339506
      ],
      "cam_t_m2c": [
        75.63489534091013,
        34.43339671246591,
        743.9425212683319
      ],
      "obj_id": 2
    },
    {
      "cam_R_m2c": [
        0.9828934333062437,
        -0.0024816882534644943,
        0.18415900101654162,
        -0.1662191905930923,
        -0.4425966252329848,
        0.8811805744353397,
        0.07932116206429378,
        -0.8967173743847385,
        -0.43543707869465487
      ],
      "cam_t_m2c": [
        -31.011481479447227,
        46.58133215846773,
        736.113427150316
      ],
      "obj_id": 25
    },
    {
      "cam_R_m2c": [
        -0.5975111014525343,
        0.06293145241634443,
        -0.7993874616900457,
        0.7068838161325924,
        -0.4292868083463104,
        -0.5621636016765962,
        -0.37854363058218166,
        -0.9009730370012679,
        0.21201798777823563
      ],
      "cam_t_m2c": [
        -51.04710329787944,
        -60.104533144417715,
        780.1460362161891
      ],
      "obj_id": 29
    },
    {
      "cam_R_m2c": [
        -0.8881760031682094,
        0.4593656727245578,
        0.011258849699257934,
        0.40225508496405044,
        0.7891304041934513,
        -0.46418086692885185,
        -0.22211308520223647,
        -0.4077447048214897,
        -0.8856688617898842
      ],
      "cam_t_m2c": [
        67.66005292397452,
        -43.653425584934794,
        787.461064966785
      ],
      "obj_id": 30
    }
  ],
  "135": [
    {
      "cam_R_m2c": [
        0.9170065697035528,
        -0.39836508104820384,
        0.020104251024215702,
        -0.34508063040578285,
        -0.8176090355593644,
        -0.4609063196523074,
        0.20004620076194002,
        0.41571724835868445,
        -0.8872204162953704
      ],
      "cam_t_m2c": [
        27.902193177935608,
        73.37600884103387,
        725.5309222190069
      ],
      "obj_id": 2
    },
    {
      "cam_R_m2c": [
        0.8676186659613822,
        0.01915487282403153,
        -0.4968610459790834,
        0.44803154361557535,
        -0.46349793528175565,
        0.7644849274481698,
        -0.2156511507968142,
        -0.8858903090389063,
        -0.4107217168095245
      ],
      "cam_t_m2c": [
        -63.05775076027323,
        22.821738319116726,
        748.5587689832374
      ],
      "obj_id": 25
    },
    {
      "cam_R_m2c": [
        -0.9669158099588501,
        0.03234889089224704,
        -0.253036198063933,
        0.21781946571009655,
        -0.41158317415516316,
        -0.884959777659084,
        -0.1327725902939633,
        -0.9107973307870161,
        0.39092075395133025
      ],
      "cam_t_m2c": [
        -4.68318236623687,
        -72.64335167332139,
        787.9061705909928
      ],
      "obj_id": 29
    },
    {
      "cam_R_m2c": [
        -0.9706507388262388,
        -0.23979468143539698,
        0.018319442993944803,
        -0.2232225469289583,
        0.869982940042396,
        -0.4396603359638247,
        0.08949119981735368,
        -0.430846378058753,
        -0.8979766536411614
      ],
      "cam_t_m2c": [
        80.18374028351342,
        9.179840942012138,
        761.8573337352176
      ],
      "obj_id": 30
    }
  ],
  "142": [
    {
      "cam_R_m2c": [
        0.9813924249166939,
        0.1919334456824573,
        -0.005486497989030217,
        0.1695988060038384,
        -0.8798788372548021,
        -0.4439014298406746,
        -0.09002717996780699,
        0.43471172481535364,
        -0.8960583743717712
      ],
      "cam_t_m2c": [
        -28.19150125113412,
        76.73467322376287,
        722.301236117135
      ],
      "obj_id": 2
    },
    {
      "cam_R_m2c": [
        0.4110202068815718,
        0.011372009892967409,
        -0.9115550970959542,
        0.8176632880654948,
        -0.4467396079093062,
        0.3631108165413907,
        -0.40309915958865816,
        -0.8945912944621448,
        -0.19291775408945083
      ],
      "cam_t_m2c": [
        -70.32497013984364,
        -11.906668537198643,
        765.0252198978707
      ],
      "obj_id": 25
    },
    {
      "cam_R_m2c": [
        -0.9366779877256389,
        -0.018675700591484844,
        0.3496930355667993,
        -0.3117704206679242,
        -0.4102822535545371,
        -0.857010304690364,
        0.1594784276539702,
        -0.9117669359502193,
        0.3784804824219467
      ],
      "cam_t_m2c": [
        36.03138883311927,
        -59.35399442201181,
        780.9943565746497
      ],
      "obj_id": 29
    },
    {
      "cam_R_m2c": [
        -0.659103383382293,
        -0.7520520066609376,
        0.0003820924590437821,
        -0.6704793079338967,
        0.5873818749915993,
        -0.45325382456963037,
        0.3406466126750586,
        -0.2989977752520041,
        -0.8913809600136833
      ],
      "cam_t_m2c": [
        55.605440591820695,
        53.17047255757779,
        740.148069311346
      ],
      "obj_id": 30
    }
  ],
  "157": [
    {
      "cam_R_m2c": [
        0.0793161005297217,
        0.9968251527324344,
        0.006967128372495523,
        0.7859601033459548,
        -0.05823591614403628,
        -0.6155275261404771,
        -0.6131683305999626,
        0.05429741510055764,
        -0.7880847764974498
      ],
      "cam_t_m2c": [
        -102.13889358512223,
        -13.69000664754477,
        764.1120253438504
      ],
      "obj_id": 2
    },
    {
      "cam_R_m2c": [
        -0.7641756963126636,
        -0.0023128571752211906,
        -0.6450039820606428,
        0.5101758097862895,
        -0.6140302771075263,
        -0.6022344216108638,
        -0.3946597668942062,
        -0.7892792592592355,
        0.47040740801425573
      ],
      "cam_t_m2c": [
        -17.61333689992459,
        -66.85263663045694,
        804.8134508085831
      ],
      "obj_id": 25
    },
    {
      "cam_R_m2c": [
        0.10994721920948798,
        -0.03725404900451445,
        0.9932390102674542,
        -0.7800530777794725,
        -0.6225328947280074,
        0.06299855937410259,
        0.6159777821309503,
        -0.7817066031198422,
        -0.09750579057505095
      ],
      "cam_t_m2c": [
        57.03687532654483,
        0.7994902068429524,
        745.3278216970837
      ],
      "obj_id": 29
    },
    {
      "cam_R_m2c": [
        0.5530031573593308,
        -0.83316584753646,
        -0.004707941073136344,
        -0.6636848878192552,
        -0.4370820159992724,
        -0.6070259605870848,
        0.5036963224497304,
        0.3388120797346425,
        -0.7946682387799257
      ],
      "cam_t_m2c": [
        -52.131597510233874,
        47.37578390182094,
        724.2000999796293
      ],
      "obj_id": 30
    }
  ],
  "168": [
    {
      "cam_R_m2c": [
        -0.7807805298255588,
        0.6247968910487834,
        -0.0031474973300713335,
        0.4989926952288106,
        0.6205199784398444,
        -0.6049480571406979,
        -0.3760166512858972,
        -0.47390153342408475,
        -0.796259001372507
      ],
      "cam_t_m2c": [
        -64.64074929965118,
        -75.97733000150218,
        812.6292432265898
      ],
      "obj_id": 2
    },
    {
      "cam_R_m2c": [
        -0.9651555592969556,
        -0.0019792355921300084,
        0.26166799455750345,
        -0.20604147222579045,
        -0.6106830085948962,
        -0.7646006009995014,
        0.16130890532172776,
        -0.7918729643751709,
        0.5889959302040081
      ],
      "cam_t_m2c": [
        37.59330215671326,
        -50.63405584019287,
        795.1115285771166
      ],
      "obj_id": 25
    },
    {
      "cam_R_m2c": [
        0.878767850373911,
        -0.010119996946773456,
        0.47714143835784567,
        -0.3761961619355434,
        -0.6298952086253032,
        0.6794919759653841,
        0.29367283053716114,
        -0.7766145248662409,
        -0.5573380888966375
      ],
      "cam_t_m2c": [
        7.592441677154282,
        32.77802371509323,
        718.7738859572066
      ],
      "obj_id": 29
    },
    {
      "cam_R_m2c": [
        0.9989691967064295,
        -0.03880733547351513,
        0.0235334087290923,
        -0.01608685410644218,
        -0.7876130976911453,
        -0.6159608225916207,
        0.04243950078791777,
        0.6149468153552656,
        -0.7874254882529099
      ],
      "cam_t_m2c": [
        -96.37874997800542,
        -7.535522637098615,
        764.2350915371363
      ],
      "obj_id": 30
    }
  ],
  "17": [
    {
      "cam_R_m2c": [
        -0.23467874013874687,
        0.9720323651165186,
        0.008882282495955449,
        0.9257491315625165,
        0.22627298809808827,
        -0.30296740784844334,
        -0.2965043504911721,
        -0.06287729390186188,
        -0.9529592342721913
      ],
      "cam_t_m2c": [
        -100.32613919963846,
        -20.05147521823044,
        768.9451862684749
      ],
      "obj_id": 2
    },
    {
      "cam_R_m2c": [
        -0.927628080310611,
        0.006881415984500765,
        -0.3734417410816875,
        0.3549245864694301,
        -0.29518474262276373,
        -0.887070846970818,
        -0.11633880987541041,
        -0.9554151239476841,
        0.27137962022412976
      ],
      "cam_t_m2c": [
        -0.31966835129257365,
        -54.671520091770844,
        779.1960190617916
      ],
      "obj_id": 25
    },
    {
      "cam_R_m2c": [
        0.4137282998893529,
        -0.041351311219263255,
        0.9094607790311046,
        -0.8720579471301426,
        -0.3048600487144005,
        0.38285176858671255,
        0.2614272119533442,
        -0.9514987471330316,
        -0.16219006650450193
      ],
      "cam_t_m2c": [
        44.82861508647863,
        45.375234005244565,
        739.6905464439387
      ],
      "obj_id": 29
    },
    {
      "cam_R_m2c": [
        0.7748659673555954,
        -0.6319202213660049,
        0.01610880664112893,
        -0.6003117969595699,
        -0.7436120278653429,
        -0.29439272536102845,
        0.19801170704007423,
        0.21844487678989577,
        -0.9555484691780366
      ],
      "cam_t_m2c": [
        -74.7554868787957,
        63.07061933519547,
        747.5034508461976
      ],
      "obj_id": 30
    }
  ],
  "176": [
    {
      "cam_R_m2c": [
        -0.9998550197293126,
        -0.01666100094439944,
        0.003600928647353906,
        -0.015357721810032695,
        0.7888710925198079,
        -0.6143674019121638,
        0.007395340541674399,
        -0.6143330169044264,
        -0.7890123475512817
      ],
      "cam_t_m2c": [
        -2.0385682732748966,
        -89.12172188413317,
        824.1901336273821
      ],
      "obj_id": 2
    },
    {
      "cam_R_m2c": [
        -0.5654860893361239,
        0.002099542302644401,
        0.8247555301963054,
        -0.6591435921297752,
        -0.602218961682119,
        -0.4504029448322087,
        0.49573730355216683,
        -0.7983286788807711,
        0.3419299541890116
      ],
      "cam_t_m2c": [
        55.39107983714545,
        -18.278845746742295,
        770.6788458862426
      ],
      "obj_id": 25
    },
    {
      "cam_R_m2c": [
        0.9773386626256252,
        0.03428921938680652,
        -0.20888758363298496,
        0.18134189614041094,
        -0.6446780999638444,
        0.7426345190298386,
        -0.10920081792368902,
        -0.7636852746728615,
        -0.6362862761143762
      ],
      "cam_t_m2c": [
        -39.71102790013938,
        27.4039114182012,
        722.8504338943638
      ],
      "obj_id": 29
    },
    {
      "cam_R_m2c": [
        0.7762979137268862,
        0.6303501268250742,
        0.004570457963835325,
        0.5060071087244251,
        -0.6188088495043084,
        -0.6008603601004177,
        -0.3759238164990197,
        0.4687588154194399,
        -0.7993414129030268
      ],
      "cam_t_m2c": [
        -79.91377910204288,
        -54.62509677957395,
        800.4819532331072
      ],
      "obj_id": 30
    }
  ],
  "181": [
    {
      "cam_R_m2c": [
        -0.900878453783625,
        -0.43368738323223077,
        0.018234410784517898,
        -0.3520138475634053,
        0.7053533168158383,
        -0.6152744650316677,
        0.2539750324057697,
        -0.5607067260023686,
        -0.7881016089207956
      ],
      "cam_t_m2c": [
        36.85660963798999,
        -81.4553750007094,
        817.9519572324618
      ],
      "obj_id": 2
    },
    {
      "cam_R_m2c": [
        -0.1679146098228858,
        0.029991443776058373,
        0.9853448295804391,
        -0.7851017734887453,
        -0.608545880389635,
        -0.11526849622237152,
        0.5961708087123403,
        -0.7929512807133997,
        0.12573037547926466
      ],
      "cam_t_m2c": [
        51.493508827571056,
        2.3972254542951212,
        755.4796354414243
      ],
      "obj_id": 25
    },
    {
      "cam_R_m2c": [
        0.7962895703024713,
        0.040603496895127024,
        -0.6035507521277742,
        0.4862225099217426,
        -0.6365374285442693,
        0.598671438030241,
        -0.35987452451723967,
        -0.7701758029566251,
        -0.5266108889851913
      ],
      "cam_t_m2c": [
        -62.983080344332365,
        12.977899596467035,
        734.3760684326296
      ],
      "obj_id": 29
    },
    {
      "cam_R_m2c": [
        0.4536584229853037,
        0.8911752119362784,
        -0.00010300640956806112,
        0.7064240529180211,
        -0.3596804756219954,
        -0.6095857164275638,
        -0.5432849635648399,
        0.2764713056707147,
        -0.792719717653966
      ],
      "cam_t_m2c": [
        -52.342424459467246,
        -73.46114330007937,
        817.724994732244
      ],
      "obj_id": 30
    }
  ],
  "197": [
    {
      "cam_R_m2c": [
        0.28961895132932375,
        -0.9571361791439119,
        0.0033776021494568323,
        -0.7556358866953437,
        -0.23081027989379233,
        -0.6129768313868182,
        0.5874816542379606,
        0.1749774582837778,
        -0.7900941226039694
      ],
      "cam_t_m2c": [
        81.27718008179187,
        9.245932706803266,
        751.3746711966015
      ],
      "obj_id": 2
    },
    {
      "cam_R_m2c": [
        0.9380238164633782,
        0.008418533544845747,
        0.34646882542627616,
        -0.26728651463673486,
        -0.6187937713553505,
        0.738682460723083,
        0.22061124844396623,
        -0.7855088361393339,
        -0.578192927331327
      ],
      "cam_t_m2c": [
        -19.892820404112463,
        33.74614112011556,
        729.9463816656279
      ],
      "obj_id": 25
    },
    {
      "cam_R_m2c": [
        -0.4557566857011668,
        0.05313054078318925,
        -0.888517418974082,
        0.7047825289661124,
        -0.5881539370925614,
        -0.39668135463914966,
        -0.5436606933746719,
        -0.8070023758624267,
        0.23060952410963645
      ],
      "cam_t_m2c": [
        -58.13363047495967,
        -59.599733211789285,
        788.2735786004573
      ],
      "obj_id": 29
    },
    {
      "cam_R_m2c": [
        -0.8074258019716974,
        0.5896387779783459,
        0.01974567764645515,
        0.4644800824230319,
        0.6559625881187889,
        -0.5949545263642708,
        -0.36376051690252315,
        -0.47121002358386943,
        -0.8035172346375581
      ],
      "cam_t_m2c": [
        59.02301063948972,
        -58.701120536153894,
        805.6821544804432
      ],
      "obj_id": 30
    }
  ],
  "212": [
    {
      "cam_R_m2c": [
        0.9995662967432253,
        0.008830278666886836,
        0.028107359225154515,
        0.024021536422985365,
        -0.7966322642360043,
        -0.6039870015162304,
        0.017058121334955156,
        0.6044003032076576,
        -0.7964977832623147
      ],
      "cam_t_m2c": [
        -11.587052125790905,
        58.950626015378525,
        711.9271176955103
      ],
      "obj_id": 2
    },
    {
      "cam_R_m2c": [
        0.5820237964166911,
        7.827120875701719e-05,
        -0.8131722485340398,
        0.64972737704212,
        -0.6013712322109597,
        0.46498093872126045,
        -0.4889819049997545,
        -0.7989691267241203,
        -0.350063464002601
      ],
      "cam_t_m2c": [
        -70.06608719830585,
        -11.83233026427925,
        763.5483976831371
      ],
      "obj_id": 25
    },
    {
      "cam_R_m2c": [
        -0.9825576017131625,
        0.01238126585264342,
        0.18554796999067,
        -0.15918795624895632,
        -0.5717796526195142,
        -0.8048151991596925,
        0.096127688912793,
        -0.8203132125957034,
        0.563777557099259
      ],
      "cam_t_m2c": [
        25.959969412002064,
        -69.02664168532475,
        798.3520197874459
      ],
      "obj_id": 29
    },
    {
      "cam_R_m2c": [
        -0.7761383414572068,
        -0.6305267811218604,
        0.006786322365795145,
        -0.5042163269492664,
        0.6141233881256657,
        -0.6071397294948374,
        0.37865006414380575,
        -0.474646398642093,
        -0.7945655008132705
      ],
      "cam_t_m2c": [
        65.85698334236213,
        26.950308475052324,
        742.217224349082
      ],
      "obj_id": 30
    }
  ],
  "220": [
    {
      "cam_R_m2c": [
        0.7555537343522122,
        0.6550787000556291,
        0.003165238786895231,
        0.4468261579465492,
        -0.5118137491009063,
        -0.7337530365666107,
        -0.47904646963674385,
        0.5558042291228219,
        -0.6794089672224969
      ],
      "cam_t_m2c": [
        -71.1789698740835,
        22.98303499049295,
        720.8075017989584
      ],
      "obj_id": 2
    },
    {
      "cam_R_m2c": [
        -0.07645861463106803,
        0.022101231898754292,
        -0.9968275573129511,
        0.6676282142610629,
        -0.7414154555842427,
        -0.06764710534466134,
        -0.7405587897412484,
        -0.6706822960650906,
        0.04193256607993898
      ],
      "cam_t_m2c": [
        -59.679478541240876,
        -49.35152190590769,
        797.9521973561222
      ],
      "obj_id": 25
    },
    {
      "cam_R_m2c": [
        -0.6278960254919617,
        -0.03185552659323423,
        0.7776447625598341,
        -0.5353688125683393,
        -0.7075463078867392,
        -0.4612579552371879,
        0.5649138030992331,
        -0.7059486731874165,
        0.42721104172462093
      ],
      "cam_t_m2c": [
        57.5376156205562,
        -49.16196795273726,
        788.4408148844907
      ],
      "obj_id": 29
    },
    {
      "cam_R_m2c": [
        -0.20771093069991778,
        -0.9781554501372983,
        0.008224921411316125,
        -0.659682814102118,
        0.13386461685786108,
        -0.7395263911493669,
        0.7222711875334448,
        -0.1590332980304124,
        -0.6730773726779197
      ],
      "cam_t_m2c": [
        17.896875718358636,
        36.44501901585445,
        713.9542477747118
      ],
      "obj_id": 30
    }
  ],
  "230": [
    {
      "cam_R_m2c": [
        0.011606749847342716,
        0.9996589866118093,
        0.02336753715565579,
        0.6806826181117883,
        0.009219269428935303,
        -0.7325202029721051,
        -0.732486287211569,
        0.024407924111165345,
        -0.680343767485339
      ],
      "cam_t_m2c": [
        -100.88124084229264,
        -27.277235466397727,
        773.7283844226432
      ],
      "obj_id": 2
    },
    {
      "cam_R_m2c": [
        -0.8124327290438961,
        0.005336998176315691,
        -0.5830295166359394,
        0.38660147129202754,
        -0.7436021467261189,
        -0.5455225118564554,
        -0.43645362687838585,
        -0.6686006968876314,
        0.6020638618669754
      ],
      "cam_t_m2c": [
        -14.061319581373208,
        -68.09584548105934,
        817.4800632353582
      ],
      "obj_id": 25
    },
    {
      "cam_R_m2c": [
        0.18706446656941972,
        -0.024310112213939535,
        0.982046213909907,
        -0.6596018903269514,
        -0.7439268835669323,
        0.10722769108233018,
        0.7279642861644254,
        -0.6678183080239352,
        -0.15519749915249975
      ],
      "cam_t_m2c": [
        54.63764640457745,
        -9.49584665016486,
        743.0416156327716
      ],
      "obj_id": 29
    },
    {
      "cam_R_m2c": [
        0.612711957439192,
        -0.7898355178335764,
        0.027253995151101263,
        -0.5196311446041213,
        -0.4286048031509244,
        -0.7391082745542293,
        0.5954554390222332,
        0.43869882098715607,
        -0.6730347017390216
      ],
      "cam_t_m2c": [
        -56.208759688741964,
        27.433162683676983,
        720.4863516324414
      ],
      "obj_id": 30
    }
  ],
  "236": [
    {
      "cam_R_m2c": [
        -0.512427198871139,
        0.8585048401437998,
        0.01969764791750736,
        0.5656526063032373,
        0.3547094528809539,
        -0.7444587217016103,
        -0.6461084452277649,
        -0.3703386613654504,
        -0.6673780608322185
      ],
      "cam_t_m2c": [
        -86.39111203875648,
        -58.58607283453321,
        808.9469436626734
      ],
      "obj_id": 2
    },
    {
      "cam_R_m2c": [
        -0.9931823878856203,
        0.021932343558975404,
        -0.11448976644987724,
        0.06008394485858758,
        -0.7453180725077364,
        -0.6639964984709704,
        -0.09989450973960327,
        -0.6663484169396892,
        0.7389189476697343
      ],
      "cam_t_m2c": [
        19.518037550595142,
        -63.34875380825591,
        815.4524751287977
      ],
      "obj_id": 25
    },
    {
      "cam_R_m2c": [
        0.6514947241124431,
        -0.035897234532122776,
        0.7578035413590739,
        -0.5059003596755772,
        -0.7649230972202679,
        0.3986952922764479,
        0.5653494982010541,
        -0.6431207656227631,
        -0.516503577117385
      ],
      "cam_t_m2c": [
        31.45686755577184,
        9.673543178672073,
        723.1421920591238
      ],
      "obj_id": 29
    },
    {
      "cam_R_m2c": [
        0.9277800604990385,
        -0.3724309148129418,
        0.022794066810039277,
        -0.23855435997507132,
        -0.6390290433491842,
        -0.7312551946867885,
        0.28690830201832984,
        0.673006247603927,
        -0.681723208122693
      ],
      "cam_t_m2c": [
        -87.39877391381329,
        5.196058038241872,
        746.0569564581436
      ],
      "obj_id": 30
    }
  ],
  "246": [
    {
      "cam_R_m2c": [
        -0.9863304285180519,
        0.1646288900568516,
        0.007017312277915531,
        0.1047011991457641,
        0.6590334559966949,
        -0.7447897584232213,
        -0.12723919021799673,
        -0.7338742900142858,
        -0.667261605887469
      ],
      "cam_t_m2c": [
        -19.623484317529087,
        -87.04074318028009,
        841.7877528691038
      ],
      "obj_id": 2
    },
    {
      "cam_R_m2c": [
        -0.7176966389541509,
        0.01658913199031252,
        0.6961580048640246,
        -0.4714918320063551,
        -0.7472717786678073,
        -0.4682729452369334,
        0.5124507850273793,
        -0.6643107410629648,
        0.5441367261839866
      ],
      "cam_t_m2c": [
        54.600297103806,
        -34.913439547414406,
        785.5120121948561
      ],
      "obj_id": 25
    },
    {
      "cam_R_m2c": [
        0.999519778706375,
        0.02318653018393407,
        -0.020548741371309943,
        0.030966232648423353,
        -0.7683147489888693,
        0.6393221031852587,
        -0.0009636591793313254,
        -0.6396513921778676,
        -0.7686640955266902
      ],
      "cam_t_m2c": [
        -28.8344208500297,
        13.640942837263783,
        716.9880120544523
      ],
      "obj_id": 29
    },
    {
      "cam_R_m2c": [
        0.886245484414941,
        0.4632150280174809,
        0.0006407077930585181,
        0.3129748555369395,
        -0.5977788468892525,
        -0.738042288324034,
        -0.3414888996318045,
        0.6542877092988906,
        -0.6747534718356012
      ],
      "cam_t_m2c": [
        -88.92407659752465,
        -45.58633365828735,
        800.1034011964197
      ],
      "obj_id": 30
    }
  ],
  "252": [
    {
      "cam_R_m2c": [
        -0.9389299381639808,
        -0.34245016237938597,
        0.033741768708556115,
        -0.25651995696478447,
        0.63120538480236,
        -0.7319673838368229,
        0.22936459263231457,
        -0.6959220836754895,
        -0.6805034460408672
      ],
      "cam_t_m2c": [
        27.203350364176575,
        -82.8125330843225,
        838.1386364226689
      ],
      "obj_id": 2
    },
    {
      "cam_R_m2c": [
        -0.2635688627889549,
        0.029911711768134525,
        0.9641767458451064,
        -0.6630628214473376,
        -0.7315773241900084,
        -0.15856010808799748,
        0.7006276217912772,
        -0.6811017664296966,
        0.21265448668075485
      ],
      "cam_t_m2c": [
        54.18450604879114,
        -12.052378520213756,
        760.9795051019271
      ],
      "obj_id": 25
    },
    {
      "cam_R_m2c": [
        0.8574143754477315,
        0.0312999983902169,
        -0.5136739766765578,
        0.35060216490939083,
        -0.766199463102317,
        0.5385308642170737,
        -0.37672103652277816,
        -0.6418397906937064,
        -0.6679248097718621
      ],
      "cam_t_m2c": [
        -58.97394827717734,
        2.0535951997296342,
        731.6047828859594
      ],
      "obj_id": 29
    },
    {
      "cam_R_m2c": [
        0.5296204133746907,
        0.8478086731316185,
        0.026883695486666793,
        0.5790525948056603,
        -0.3382070943748853,
        -0.7418308642295788,
        -0.6198388918316602,
        0.40845613535708664,
        -0.6700477101097925
      ],
      "cam_t_m2c": [
        -60.94208238316081,
        -70.44382512516508,
        827.4878149621898
      ],
      "obj_id": 30
    }
  ],
  "267": [
    {
      "cam_R_m2c": [
        0.10199062726795037,
        -0.994425220759917,
        0.026778916123653133,
        -0.6795559978788832,
        -0.08930579355889667,
        -0.7281674317756613,
        0.7264987577718537,
        0.056068715062682614,
        -0.6848756402053149
      ],
      "cam_t_m2c": [
        84.50514121140985,
        -15.187337354468532,
        765.8213282226645
      ],
      "obj_id": 2
    },
    {
      "cam_R_m2c": [
        0.8630737942252035,
        0.013299694805360703,
        0.5049034066567278,
        -0.32864517686361117,
        -0.7442994983514518,
        0.5813865295600663,
        0.38353093834276913,
        -0.6677132066175382,
        -0.6380140032691161
      ],
      "cam_t_m2c": [
        -7.258082182593928,
        19.027931653118635,
        725.4603419912901
      ],
      "obj_id": 25
    },
    {
      "cam_R_m2c": [
        -0.2636659323435494,
        0.05534527035630688,
        -0.963025384926976,
        0.6619615369200761,
        -0.715790576771997,
        -0.2223745901440173,
        -0.7016310354126698,
        -0.6961180358109784,
        0.15209325668912949
      ],
      "cam_t_m2c": [
        -68.07455051953025,
        -57.516418666281375,
        793.8414042392424
      ],
      "obj_id": 29
    },
    {
      "cam_R_m2c": [
        -0.6676141276374367,
        0.7445038339475792,
        0.0024772216795387746,
        0.5059791398682065,
        0.45615924785508444,
        -0.7320543255467573,
        -0.5461464706897002,
        -0.48747608020580085,
        -0.681241432544434
      ],
      "cam_t_m2c": [
        46.86133860809823,
        -67.2948634885055,
        827.6756609736387
      ],
      "obj_id": 30
    }
  ],
  "273": [
    {
      "cam_R_m2c": [
        0.5865836706190248,
        -0.8098593280304829,
        0.006884866220520995,
        -0.5406967451517318,
        -0.3979288345471504,
        -0.7411479099146165,
        0.6029652142537949,
        0.4310225035788224,
        -0.6713061283896722
      ],
      "cam_t_m2c": [
        66.1926522841226,
        14.485040613418983,
        731.9035104847517
      ],
      "obj_id": 2
    },
    {
      "cam_R_m2c": [
        0.9991609749544922,
        0.023450063272683376,
        0.03357622529374017,
        -0.005663553271566268,
        -0.7328527311421187,
        0.6803641424533983,
        0.040561101432780154,
        -0.679982724043222,
        -0.7321049434457536
      ],
      "cam_t_m2c": [
        -38.353157872382305,
        12.217496429997425,
        731.2683870762647
      ],
      "obj_id": 25
    },
    {
      "cam_R_m2c": [
        -0.7042221126049478,
        0.06044414829731495,
        -0.7074020371997273,
        0.4613128919853662,
        -0.7184290460239362,
        -0.5206252771084933,
        -0.53968693579872,
        -0.6929687737418747,
        0.4780498624805489
      ],
      "cam_t_m2c": [
        -41.25547818241458,
        -73.5949899565801,
        811.2306324587223
      ],
      "obj_id": 29
    },
    {
      "cam_R_m2c": [
        -0.9511987666864906,
        0.30750204168405965,
        0.02575529136459377,
        0.1868582665588902,
        0.6404049577428131,
        -0.7449604152288857,
        -0.24557073515489602,
        -0.7037927353438191,
        -0.6666109723638978
      ],
      "cam_t_m2c": [
        74.64120928386812,
        -41.07518775470258,
        799.6371836414164
      ],
      "obj_id": 30
    }
  ],
  "283": [
    {
      "cam_R_m2c": [
        0.9974347957333949,
        -0.07095873726629562,
        0.009447449052733743,
        -0.040790962671510146,
        -0.6718438057628495,
        -0.7395689438788448,
        0.05882636611293382,
        0.7372862574224718,
        -0.673014991525758
      ],
      "cam_t_m2c": [
        -2.682082125550044,
        39.73398354335356,
        705.2172271884891
      ],
      "obj_id": 2
    },
    {
      "cam_R_m2c": [
        0.6524512913944285,
        0.004861417145324811,
        -0.7578154421866286,
        0.5119182714731377,
        -0.7401678000335573,
        0.43599488468800784,
        -0.5587907378517896,
        -0.6724051175097311,
        -0.48541220907938254
      ],
      "cam_t_m2c": [
        -69.51223027615255,
        -17.51261953988166,
        762.651718638604
      ],
      "obj_id": 25
    },
    {
      "cam_R_m2c": [
        -0.9951836662147014,
        0.029783989728596926,
        0.09339661937748829,
        -0.08788099164567283,
        -0.693221059974019,
        -0.7153472635192397,
        0.04343831446107611,
        -0.7201098231885535,
        0.6924996174459437
      ],
      "cam_t_m2c": [
        18.85915735122766,
        -75.25698000737408,
        814.092557646283
      ],
      "obj_id": 29
    },
    {
      "cam_R_m2c": [
        -0.8392543607571308,
        -0.5434337254442203,
        0.01823361729819504,
        -0.37524663927336305,
        0.5545943872275662,
        -0.7427080492152067,
        0.3935000208600442,
        -0.6301630996535316,
        -0.6693675706913617
      ],
      "cam_t_m2c": [
        70.77391486164734,
        8.507155320087437,
        745.0278693070372
      ],
      "obj_id": 30
    }
  ],
  "292": [
    {
      "cam_R_m2c": [
        0.7627884790284276,
        0.6457342375271166,
        0.03436693567205787,
        0.3676937650851812,
        -0.3894012966372293,
        -0.8444925631904441,
        -0.5319354355019026,
        0.6568055057920886,
        -0.5344633920108901
      ],
      "cam_t_m2c": [
        -69.99218438351888,
        4.750017954704343,
        721.4667466223995
      ],
      "obj_id": 2
    },
    {
      "cam_R_m2c": [
        -0.07340600698962371,
        0.035313809208342074,
        -0.9966767552685781,
        0.5424906798168226,
        -0.8371720574878415,
        -0.06961736711618216,
        -0.836848340153491,
        -0.5457982933717415,
        0.04229633423121552
      ],
      "cam_t_m2c": [
        -58.74731473638222,
        -52.221884804156424,
        809.7101743279788
      ],
      "obj_id": 25
    },
    {
      "cam_R_m2c": [
        -0.6467381646239068,
        -0.02859366871048092,
        0.762175979351562,
        -0.4145124824361081,
        -0.8256603955132757,
        -0.38270624323825453,
        0.6402416515565559,
        -0.5634422932186606,
        0.5221334168209361
      ],
      "cam_t_m2c": [
        59.00411238595921,
        -52.98479486192947,
        798.42623593459
      ],
      "obj_id": 29
    },
    {
      "cam_R_m2c": [
        -0.21310962422626198,
        -0.9770268653119447,
        0.0016886673301755796,
        -0.5286377729555762,
        0.11385269001362566,
        -0.8411774021488142,
        0.8216607064133052,
        -0.18015540980766337,
        -0.5407565251275847
      ],
      "cam_t_m2c": [
        18.171263840490443,
        18.190967201998625,
        710.9913531391697
      ],
      "obj_id": 30
    }
  ],
  "30": [
    {
      "cam_R_m2c": [
        -0.9814777246754446,
        0.19099117022330372,
        0.014968794062664187,
        0.17955138630153303,
        0.944301927798458,
        -0.27577881901543305,
        -0.06680679876891082,
        -0.2679832067017133,
        -0.9611049187781482
      ],
      "cam_t_m2c": [
        -23.941846829681893,
        -83.60484792583905,
        787.5250988757431
      ],
      "obj_id": 2
    },
    {
      "cam_R_m2c": [
        -0.7283041551036902,
        0.009428243416192236,
        0.6851893134135999,
        -0.6577012480037281,
        -0.2903003454117077,
        -0.6950924858370737,
        0.19235700831750882,
        -0.956889499157829,
        0.21762830180542428
      ],
      "cam_t_m2c": [
        50.96703470930193,
        -13.479419879525743,
        766.2375911102398
      ],
      "obj_id": 25
    },
    {
      "cam_R_m2c": [
        0.9998384707037423,
        0.006507670513196726,
        0.016759639787788824,
        -0.013406294266554127,
        -0.3512968973258591,
        0.9361674832869553,
        0.01198028484094168,
        -0.936241832024701,
        -0.35115309655179217
      ],
      "cam_t_m2c": [
        -27.328582483876247,
        67.99536484441991,
        733.8926797043266
      ],
      "obj_id": 29
    },
    {
      "cam_R_m2c": [
        0.9032196900626199,
        0.4288036459964941,
        0.017939586459816,
        0.4145117021726228,
        -0.86075703013083,
        -0.2954254216541854,
        -0.11123758793352581,
        0.27427054792148275,
        -0.9551977168057333
