{
  "106": [
    {
      "cam_R_m2c": [
        0.9222764608866388,
        0.35821611646965135,
        0.14521366992380402,
        0.37939098893073964,
        -0.7670506949561834,
        -0.517392878548142,
        -0.07395280279117604,
        0.532272301734135,
        -0.843336861920839
      ],
      "cam_t_m2c": [
        -88.7489958205485,
        -34.88032850216532,
        781.1845842511573
      ],
      "obj_id": 5
    },
    {
      "cam_R_m2c": [
        -0.9598960144525243,
        0.27192362011860116,
        -0.06824188889329161,
        0.26408147790569836,
        0.7952595361708192,
        -0.5457313080253932,
        -0.09412689977450807,
        -0.5418674576700738,
        -0.8351765366799578
      ],
      "cam_t_m2c": [
        3.281813372154311,
        65.24648386549607,
        735.3984512885658
      ],
      "obj_id": 8
    },
    {
      "cam_R_m2c": [
        -0.927070173814699,
        0.37352553780479436,
        0.03192152333499001,
        0.29062757520386867,
        0.7698801240607871,
        -0.568172400046643,
        -0.23680252922538728,
        -0.5174592530962729,
        -0.8222898728693645
      ],
      "cam_t_m2c": [
        52.01587418404958,
        -51.391467432858164,
        787.8971499514369
      ],
      "obj_id": 9
    },
    {
      "cam_R_m2c": [
        -0.9949946088310443,
        -0.08791366660739901,
        0.047498849416191785,
        -0.09991737165728218,
        0.8814035421300883,
        -0.461675586000761,
        -0.0012777839474144125,
        -0.46411138617844944,
        -0.8857759174726709
      ],
      "cam_t_m2c": [
        -34.63492326699929,
        -109.34545261959114,
        820.6027353838689
      ],
      "obj_id": 10
    }
  ],
  "114": [
    {
      "cam_R_m2c": [
        0.4820657707780962,
        0.864710554178841,
        0.14102672436692537,
        0.8283250813493213,
        -0.39737044217493145,
        -0.3949364279214377,
        -0.28546537033224584,
        0.3072010693721794,
        -0.9078192999693795
      ],
      "cam_t_m2c": [
        -43.09237744750963,
        -67.23384604088493,
        795.7152256975179
      ],
      "obj_id": 5
    },
    {
      "cam_R_m2c": [
        -0.8985155932906543,
        -0.4310268544212955,
        -0.08298123397418593,
        -0.3179057906886254,
        0.7693743098137098,
        -0.5540753814772169,
        0.30266492974320924,
        -0.47146476078944494,
        -0.8283198578634354
      ],
      "cam_t_m2c": [
        -41.87378313521024,
        59.372577204127836,
        738.0695031994995
      ],
      "obj_id": 8
    },
    {
      "cam_R_m2c": [
        -0.9658249862807003,
        -0.21295465107335299,
        0.1477588467843286,
        -0.25259950728044256,
        0.9011155402279765,
        -0.35239861435172093,
        -0.058102976422339046,
        -0.3776787056655094,
        -0.9241113019655997
      ],
      "cam_t_m2c": [
        79.21434920324047,
        -7.702328311579634,
        770.519430767046
      ],
      "obj_id": 9
    },
    {
      "cam_R_m2c": [
        -0.8815476800261878,
        -0.4716346456955455,
        -0.020851560011234054,
        -0.3822711808234931,
        0.7390390245644709,
        -0.5546985831257554,
        0.27702504184492815,
        -0.4810219145128957,
        -0.8317895736334288
      ],
      "cam_t_m2c": [
        52.881316270671945,
        -96.80642965058306,
        815.6261035105056
      ],
      "obj_id": 10
    }
  ],
  "12": [
    {
      "cam_R_m2c": [
        0.29637702178794983,
        -0.9541886749885952,
        -0.04105319870441208,
        -0.896016031879666,
        -0.2629136154552677,
        -0.35781612347280317,
        0.3306299318883563,
        0.14283250929228908,
        -0.9328896194400451
      ],
      "cam_t_m2c": [
        -26.382743294923714,
        101.79661648189288,
        737.9875394533454
      ],
      "obj_id": 5
    },
    {
      "cam_R_m2c": [
        0.5753541363554481,
        0.8172994240249487,
        -0.03146430906263381,
        0.7967639968866533,
        -0.5687576564177564,
        -0.20416247303794546,
        -0.18475674369103223,
        0.09239594979966173,
        -0.9784316364765612
      ],
      "cam_t_m2c": [
        52.31416988243883,
        -10.798971576985561,
        765.8829657452758
      ],
      "obj_id": 8
    },
    {
      "cam_R_m2c": [
        0.7231621436412361,
        0.6863917535343633,
        -0.07683515736225462,
        0.6006796661508856,
        -0.679936134727004,
        -0.4205609128126041,
        -0.3409118510067158,
        0.2579800097136062,
        -0.9040053523601409
      ],
      "cam_t_m2c": [
        -87.5196093041473,
        -19.233846019466878,
        773.2401106818364
      ],
      "obj_id": 9
    },
    {
      "cam_R_m2c": [
        0.4644524865001463,
        0.8796301245235967,
        -0.10264254451319743,
        0.8026207340183612,
        -0.46708127298005886,
        -0.37099286338639303,
        -0.37427813111503977,
        0.08992540586967478,
        -0.9229461461928218
      ],
      "cam_t_m2c": [
        -122.55733055467603,
        79.18743039982915,
        737.7805543780062
      ],
      "obj_id": 10
    }
  ],
  "138": [
    {
      "cam_R_m2c": [
        -0.9941492457731379,
        -0.01290090611037979,
        -0.107237780712706,
        0.04637326475487167,
        0.8456991760289325,
        -0.5316413495412051,
        0.09754918264014663,
        -0.5335034318265894,
        -0.8401539867256224
      ],
      "cam_t_m2c": [
        79.57314453401561,
        19.05456587857784,
        754.0772477405014
      ],
      "obj_id": 5
    },
    {
      "cam_R_m2c": [
        0.8204237149241939,
        -0.5708595717975706,
        -0.03198967493841469,
        -0.48266541903673366,
        -0.6615091369465169,
        -0.5739685666706856,
        0.30649404463262847,
        0.4863372418583324,
        -0.8182529760022085
      ],
      "cam_t_m2c": [
        -42.508598271637126,
        -43.78679438486287,
        783.8818409515183
      ],
      "obj_id": 8
    },
    {
      "cam_R_m2c": [
        0.6808316171344064,
        -0.7115034727614304,
        -0.17386862426542254,
        -0.7082009910638627,
        -0.5789204069285303,
        -0.40410680486387734,
        0.18686724411696906,
        0.3982621503562688,
        -0.8980359612665083
      ],
      "cam_t_m2c": [
        -40.657700579557826,
        79.57112696241789,
        719.6587623961516
      ],
      "obj_id": 9
    },
    {
      "cam_R_m2c": [
        0.9495329778666164,
        -0.2963378947767134,
        0.10281171092531935,
        -0.20651444058425575,
        -0.8373334458858372,
        -0.5061860469500336,
        0.2360898769961247,
        0.45940778252704345,
        -0.8562748539662044
      ],
      "cam_t_m2c": [
        63.83074113251972,
        101.24303843684147,
        709.4773469533872
      ],
      "obj_id": 10
    }
  ],
  "151": [
    {
      "cam_R_m2c": [
        -0.13343763794098887,
        -0.9892224463904702,
        -0.060275037694533296,
        -0.7694359556452104,
        0.14173831212968505,
        -0.6227988499079925,
        0.6246299330301642,
        -0.03672748768956212,
        -0.7800566986607412
      ],
      "cam_t_m2c": [
        14.955511497122671,
        61.14259714458531,
        710.833200866859
      ],
      "obj_id": 5
    },
    {
      "cam_R_m2c": [
        0.8118768449035558,
        0.5586175951272341,
        0.16971110298875935,
        0.542535759092184,
        -0.6144978515263433,
        -0.5727540139372044,
        -0.21566316440229036,
        0.5570804706690533,
        -0.8019669081592141
      ],
      "cam_t_m2c": [
        29.176444194119096,
        -44.80725746093035,
        796.3160936826663
      ],
      "obj_id": 8
    },
    {
      "cam_R_m2c": [
        0.8664916361551873,
        0.49002971165498466,
        -0.0951993181126208,
        0.33620627033405226,
        -0.7138406901911807,
        -0.6143261493798934,
        -0.36899487634776956,
        0.5003021965285311,
        -0.7832881947867818
      ],
      "cam_t_m2c": [
        -95.55991016557556,
        -3.1720318191547934,
        758.2562140467998
      ],
      "obj_id": 9
    },
    {
      "cam_R_m2c": [
        0.8346041436758737,
        0.5486632616413136,
        0.04903196437561847,
        0.44842438365227816,
        -0.6250235863779091,
        -0.6389529285301933,
        -0.3199237044351242,
        0.5552603113384393,
        -0.7676815500801409
      ],
      "cam_t_m2c": [
        -84.79554273688187,
        74.52020297594801,
        700.3278105282242
      ],
      "obj_id": 10
    }
  ],
  "174": [
    {
      "cam_R_m2c": [
        0.9577355950724931,
        0.27068738159353933,
        -0.09731781760551417,
        0.14986677838258886,
        -0.7583365367955829,
        -0.6344021172513001,
        -0.2455246647960526,
        0.5930052166890427,
        -0.7668519502719723
      ],
      "cam_t_m2c": [
        -96.7279229168999,
        -14.536752008907623,
        772.8490245219083
      ],
      "obj_id": 5
    },
    {
      "cam_R_m2c": [
        -0.9259469869937884,
        0.35863313497551824,
        0.11834087870886771,
        0.19126452145119338,
        0.715528725755048,
        -0.6718903549805282,
        -0.32563849798797967,
        -0.5995010989659152,
        -0.7311343959511909
      ],
      "cam_t_m2c": [
        22.583856949779985,
        38.63743105304477,
        730.571895110703
      ],
      "obj_id": 8
    },
    {
      "cam_R_m2c": [
        -0.7890261541424516,
        0.5975446176500404,
        0.14275248746211244,
        0.47064693558478904,
        0.7372592554290772,
        -0.4847069503071077,
        -0.3948796236010672,
        -0.31526100460572704,
        -0.8629482223056419
      ],
      "cam_t_m2c": [
        25.278778826945658,
        -67.61270156525778,
        812.0873613344461
      ],
      "obj_id": 9
    },
    {
      "cam_R_m2c": [
        -0.9155740080185889,
        0.39934811244893137,
        0.04738436579926438,
        0.24115892873947053,
        0.6395117826288027,
        -0.7299775141993936,
        -0.32181808370810977,
        -0.6569219999159146,
        -0.6818256876016299
      ],
      "cam_t_m2c": [
        -67.85558250910101,
        -94.54900601968384,
        827.634780092818
      ],
      "obj_id": 10
    }
  ],
  "179": [
    {
      "cam_R_m2c": [
        0.8736629029283267,
        0.4684896425283347,
        -0.1312677558775236,
        0.3196773283983618,
        -0.7561439286401168,
        -0.5710100243204798,
        -0.3667692406203694,
        0.4569064712009795,
        -0.8103802774090778
      ],
      "cam_t_m2c": [
        -77.94049637405372,
        -46.54208803908004,
        798.6133216977177
      ],
      "obj_id": 5
    },
    {
      "cam_R_m2c": [
        -0.9987619756401663,
        -0.043262252686316505,
        0.02456722866822506,
        -0.04770262135599942,
        0.6924983872033621,
        -0.7198404240698117,
        0.014129115051468508,
        -0.7201205048241932,
        -0.6937046062783255
      ],
      "cam_t_m2c": [
        -1.3047427475810753,
        49.991288510970215,
        723.6786946683004
      ],
      "obj_id": 8
    },
    {
      "cam_R_m2c": [
        -0.9098059847417833,
        0.4147822822180244,
        0.01446845599205577,
        0.29703525594963803,
        0.6750886418789203,
        -0.6752963538262162,
        -0.28986841156993265,
        -0.6100903770707061,
        -0.7374044689303857
      ],
      "cam_t_m2c": [
        60.42761126699773,
        -46.67245912067144,
        800.106037602452
      ],
      "obj_id": 9
    },
    {
      "cam_R_m2c": [
        -0.9908230084833828,
        -0.01584023982326559,
        0.1342366329860517,
        -0.08147960253018141,
        0.8623856046819981,
        -0.49965159317087104,
        -0.10784934875610867,
        -0.5060033126475583,
        -0.855762044862699
      ],
      "cam_t_m2c": [
        -16.604171265419684,
        -109.80898267638277,
        844.0012192028422
      ],
      "obj_id": 10
    }
  ],
  "185": [
    {
      "cam_R_m2c": [
        0.4947296752724458,
        0.8682398569523518,
        -0.03743820521460399,
        0.7586043600969277,
        -0.4524734844456681,
        -0.4688141017181292,
        -0.4239831028245776,
        0.20353587437642276,
        -0.8825036474717216
      ],
      "cam_t_m2c": [
        -43.91156574882351,
        -72.6648937043378,
        814.7804946358827
      ],
      "obj_id": 5
    },
    {
      "cam_R_m2c": [
        -0.7912157094976544,
        -0.607717432841613,
        0.06823983245813617,
        -0.5323017558196882,
        0.6294657470363506,
        -0.5660630128133644,
        0.3010516411234145,
        -0.48420253138249664,
        -0.8215332980294239
      ],
      "cam_t_m2c": [
        -38.50812508693228,
        38.58203833813597,
        731.3746539460502
      ],
      "obj_id": 8
    },
    {
      "cam_R_m2c": [
        -0.9493705542371152,
        -0.3133683155093089,
        -0.022256905048935544,
        -0.21413043623884123,
        0.6973057872134283,
        -0.6840413504208764,
        0.22987654350897602,
        -0.6446430358408589,
        -0.7291043033865928
      ],
      "cam_t_m2c": [
        76.62490429677436,
        -16.048010535322998,
        777.282884068446
      ],
      "obj_id": 9
    },
    {
      "cam_R_m2c": [
        -0.9152262677270352,
        -0.40293142676561106,
        -0.002578062896810511,
        -0.33539792618496506,
        0.7653437447035586,
        -0.5493238527855507,
        0.2233129674165646,
        -0.5018913240442657,
        -0.83560614366632
      ],
      "cam_t_m2c": [
        45.405233351334616,
        -100.40924913522036,
        834.2339183032304
      ],
      "obj_id": 10
    }
  ],
  "193": [
    {
      "cam_R_m2c": [
        -0.38811733574970503,
        0.9212838170045793,
        0.024532705597045217,
        0.6966317466985054,
        0.3106956960410634,
        -0.6466629175970383,
        -0.6033820597879109,
        -0.23389050661735938,
        -0.7623817210229891
      ],
      "cam_t_m2c": [
        19.70945511215717,
        -71.44431945188951,
        817.361354114266
      ],
      "obj_id": 5
    },
    {
      "cam_R_m2c": [
        -0.44268150595600486,
        -0.888481904623158,
        -0.12096924688791007,
        -0.7259656822058332,
        0.4343115570022129,
        -0.5332429356135074,
        0.5263147347487688,
        -0.1482373653603424,
        -0.8372688242820584
      ],
      "cam_t_m2c": [
        -69.62231911259843,
        18.343684091268777,
        747.834286670276
      ],
      "obj_id": 8
    },
    {
      "cam_R_m2c": [
        -0.5281678654947509,
        -0.8442835922308745,
        0.09068994945496284,
        -0.6676214512678154,
        0.3468914430296038,
        -0.6587476440515009,
        0.524709893966234,
        -0.40847593110195063,
        -0.7468785385650726
      ],
      "cam_t_m2c": [
        68.76153958138858,
        31.443570773039777,
        734.6979426433363
      ],
      "obj_id": 9
    },
    {
      "cam_R_m2c": [
        -0.18002025072423727,
        -0.9797912270099871,
        -0.0871929504708131,
        -0.7177023819093407,
        0.19144731542318297,
        -0.669516124057305,
        0.6726784774169674,
        -0.05794805318335254,
        -0.7376626737232117
      ],
      "cam_t_m2c": [
        112.81228905993862,
        -49.40663429374024,
        792.4857353507919
      ],
      "obj_id": 10
    }
  ],
  "204": [
    {
      "cam_R_m2c": [
        -0.9314238646348107,
        0.34736256518842845,
        -0.10857627166876677,
        0.3530868309781212,
        0.7902026311751502,
        -0.5009086915120545,
        -0.08820001943580785,
        -0.5048958093076222,
        -0.8586624901071617
      ],
      "cam_t_m2c": [
        72.55257074341962,
        -27.34778836013167,
        784.6324927306047
      ],
      "obj_id": 5
    },
    {
      "cam_R_m2c": [
        0.44599738399652805,
        -0.89349394444036,
        0.05248698731356762,
        -0.7616431480125356,
        -0.4096757476382341,
        -0.5020612448952302,
        0.47009194219442607,
        0.18394199114506615,
        -0.8632376373026358
      ],
      "cam_t_m2c": [
        -62.563134030156625,
        -30.091344425426243,
        784.0698481459747
      ],
      "obj_id": 8
    },
    {
      "cam_R_m2c": [
        0.2804135240729808,
        -0.9507526776443571,
        0.1320511251670547,
        -0.6790339057470293,
        -0.2937177091640263,
        -0.672787233708913,
        0.6784407125582408,
        0.09899166809753085,
        -0.7279556623743979
      ],
      "cam_t_m2c": [
        3.505661097083898,
        61.679270809019165,
        707.7090795869053
      ],
      "obj_id": 9
    },
    {
      "cam_R_m2c": [
        0.5783775636738228,
        -0.8076914867998094,
        -0.11451569287591586,
        -0.6366349745203363,
        -0.3591292724074118,
        -0.6824380932877261,
        0.5100741222361405,
        0.46761203174660354,
        -0.7219168933013008
      ],
      "cam_t_m2c": [
        101.89080470545308,
        48.317237663818844,
        720.0152523521194
      ],
      "obj_id": 10
    }
  ],
  "216": [
    {
      "cam_R_m2c": [
        -0.8927820944281423,
        -0.44935177247288377,
        -0.031985033449090046,
        -0.26724576646569376,
        0.585450691957812,
        -0.7653938633668387,
        0.3626569014527957,
        -0.6747822655569184,
        -0.6427669985890188
      ],
      "cam_t_m2c": [
        60.638375629156194,
        22.11136665357019,
        733.0722917289867
      ],
      "obj_id": 5
    },
    {
      "cam_R_m2c": [
        0.984006114335071,
        0.17761780257435533,
        0.013559076436600967,
        0.12348072871903146,
        -0.6252612153843344,
        -0.7705851507490662,
        -0.12839155299355678,
        0.7599350230406005,
        -0.637192984746941
      ],
      "cam_t_m2c": [
        -4.232638086432793,
        -57.32957079368239,
        819.1251586344013
      ],
      "obj_id": 8
    },
    {
      "cam_R_m2c": [
        0.9866459358793064,
        -0.15525884075349342,
        0.049238561841910986,
        -0.08395812105580987,
        -0.7438274833026853,
        -0.6630779750714948,
        0.13957381722674303,
        0.65008935507246,
        -0.7469293128125282
      ],
      "cam_t_m2c": [
        -76.21425858848836,
        18.08905748030682,
        724.3634779284507
      ],
      "obj_id": 9
    },
    {
      "cam_R_m2c": [
        0.9793423853068133,
        0.12106525776788589,
        0.16196180685786402,
        0.19876066056520925,
        -0.723633738147748,
        -0.6609455936356302,
        0.037183442957437814,
        0.6794838791822951,
        -0.7327479227486559
      ],
      "cam_t_m2c": [
        -7.456263355665229,
        70.3318437876293,
        671.042331262484
      ],
      "obj_id": 10
    }
  ],
  "226": [
    {
      "cam_R_m2c": [
        -0.08643558508441246,
        -0.9867400967275595,
        -0.13738146587113603,
        -0.7266872806246095,
        0.15677698328894749,
        -0.668839551038928,
        0.6815095678819492,
        0.04202168504568929,
        -0.7306025809196084
      ],
      "cam_t_m2c": [
        -7.419135754629001,
        46.49331424331004,
        701.4535086866723
      ],
      "obj_id": 5
    },
    {
      "cam_R_m2c": [
        0.6687304661498532,
        0.7220342511787269,
        0.17738917604464943,
        0.5841157559801768,
        -0.3625855960198112,
        -0.7261818769519752,
        -0.4600097651774621,
        0.5892361531969981,
        -0.6642236861584783
      ],
      "cam_t_m2c": [
        43.409379503036384,
        -40.12663633063241,
        797.4009558699098
      ],
      "obj_id": 8
    },
    {
      "cam_R_m2c": [
        0.8685274606710189,
        0.49156483366462406,
        0.06344187576027334,
        0.4082063403378477,
        -0.6368290446426622,
        -0.6540765573460469,
        -0.2811196819629502,
        0.5939813583560799,
        -0.7537632875968087
      ],
      "cam_t_m2c": [
        -96.66424154576738,
        -28.771875702357804,
        782.7513534052136
      ],
      "obj_id": 9
    },
    {
      "cam_R_m2c": [
        0.47248793555685237,
        0.8737770471785266,
        -0.11519414712032565,
        0.5736925551193579,
        -0.404141944967089,
        -0.7124225047153377,
        -0.6690535442970108,
        0.27052537600413973,
        -0.6922316279177045
      ],
      "cam_t_m2c": [
        -100.71808937203363,
        39.26461949545473,
        703.5555927695387
      ],
      "obj_id": 10
    }
  ],
  "23": [
    {
      "cam_R_m2c": [
        0.9459185488137436,
        -0.31939906775100896,
        -0.0567674829462182,
        -0.316507200161415,
        -0.8702746032792271,
        -0.37741926457615405,
        0.07114401822230788,
        0.37497464607357633,
        -0.9243013115708918
      ],
      "cam_t_m2c": [
        -87.24866523578511,
        48.31605054585361,
        751.3751215549474
      ],
      "obj_id": 5
    },
    {
      "cam_R_m2c": [
        -0.5331462813438124,
        0.8420919806513523,
        -0.08146378938330569,
        0.7856397729429444,
        0.4570682112980972,
        -0.41696384186511654,
        -0.3138870241138395,
        -0.2863034704117508,
        -0.9052654685567761
      ],
      "cam_t_m2c": [
        53.44508889879322,
        44.15235525657444,
        748.9390270332715
      ],
      "obj_id": 8
    },
    {
      "cam_R_m2c": [
        -0.15257639254379834,
        0.9873235846624989,
        -0.043735119806690086,
        0.9027164326425043,
        0.12121557349494745,
        -0.4128073346317904,
        -0.4022725597241796,
        -0.1024647298956595,
        -0.9097681497676852
      ],
      "cam_t_m2c": [
        -24.827543373869837,
        -70.3531730447116,
        782.4960474161929
      ],
      "obj_id": 9
    },
    {
      "cam_R_m2c": [
        -0.423460796918337,
        0.8985130067898758,
        0.1155656168223158,
        0.8545715863038362,
        0.43853327113059626,
        -0.2782011212284859,
        -0.3006464302998806,
        -0.01904780123893295,
        -0.9535457447446429
      ],
      "cam_t_m2c": [
        -122.29958711700293,
        -39.48197915250358,
        776.5891109743482
      ],
      "obj_id": 10
    }
  ],
  "242": [
    {
      "cam_R_m2c": [
        0.9790806991526856,
        -0.1933196018426939,
        -0.06347867937719116,
        -0.1593882956382826,
        -0.5347434741513232,
        -0.8298468946439448,
        0.1264802552537856,
        0.822604118129543,
        -0.5543694876810402
      ],
      "cam_t_m2c": [
        -95.6481538430302,
        -1.3015610613491662,
        751.1630135265426
      ],
      "obj_id": 5
    },
    {
      "cam_R_m2c": [
        -0.6615963320059772,
        0.7383953590319376,
        -0.13062775426874698,
        0.5175883341244152,
        0.32363290270237416,
        -0.7920638324000445,
        -0.5425799145962211,
        -0.5916376988395847,
        -0.5962987635203245
      ],
      "cam_t_m2c": [
        42.16577154219682,
        13.443018581592415,
        740.4734867017115
      ],
      "obj_id": 8
    },
    {
      "cam_R_m2c": [
        -0.5663784763985453,
        0.8216025140290032,
        0.06469714280484819,
        0.5843414917748498,
        0.4556965598185154,
        -0.671480950168747,
        -0.5811718270269597,
        -0.342507191930584,
        -0.7381927664496107
      ],
      "cam_t_m2c": [
        -5.714762122377278,
        -76.72910493572444,
        835.3692446882791
      ],
      "obj_id": 9
    },
    {
      "cam_R_m2c": [
        -0.6733829069305235,
        0.73754047826666,
        0.05089857780993119,
        0.5557757329519817,
        0.5504246973209822,
        -0.6230143723623021,
        -0.4875132902838275,
        -0.39123876019935483,
        -0.7805532440290944
      ],
      "cam_t_m2c": [
        -109.00254909803047,
        -73.10002667333043,
        821.3397842339485
      ],
      "obj_id": 10
    }
  ],
  "251": [
    {
      "cam_R_m2c": [
        0.7630584602252461,
        0.6413357180194701,
        0.08018531485228317,
        0.47984463589666376,
        -0.4790158330464387,
        -0.7350459029671321,
        -0.43300087762758377,
        0.5993596504614803,
        -0.6732592612082761
      ],
      "cam_t_m2c": [
        -78.908446629257,
        -45.84785281764635,
        802.2261436321758
      ],
      "obj_id": 5
    },
    {
      "cam_R_m2c": [
        -0.9967470587946362,
        0.07555824762269392,
        0.028026814748074485,
        0.01702280378437027,
        0.537326065574226,
        -0.8432026536494623,
        -0.07877081384832245,
        -0.8399826426212017,
        -0.5368649546422468
      ],
      "cam_t_m2c": [
        1.8309622948728708,
        28.372486873638394,
        719.4149334754735
      ],
      "obj_id": 8
    },
    {
      "cam_R_m2c": [
        -0.8804354545156982,
        0.46759597343802806,
        -0.0786545235738064,
        0.3852879955278352,
        0.6088078200128961,
        -0.6934738006992899,
        -0.27638036075918715,
        -0.640863480297856,
        -0.716175786375664
      ],
      "cam_t_m2c": [
        56.055190087859735,
        -51.3634106691303,
        813.2769267671719
      ],
      "obj_id": 9
    },
    {
      "cam_R_m2c": [
        -0.9899681854901369,
        0.009864034686977262,
        0.1409430780079051,
        -0.10909072200181517,
        0.5805617800423549,
        -0.8068747818153701,
        -0.089785543847966,
        -0.8141559946465894,
        -0.5736622109059445
      ],
      "cam_t_m2c": [
        -19.41021810672745,
        -103.78022221862494,
        863.2069020311596
      ],
      "obj_id": 10
    }
  ],
  "262": [
    {
      "cam_R_m2c": [
        0.05172846261373895,
        0.9982003048213296,
        0.03035248472915648,
        0.5397349069741915,
        -0.0023726780371150676,
        -0.841831587171814,
        -0.840244468214541,
        0.05992863993340114,
        -0.5388858616372771
      ],
      "cam_t_m2c": [
        -9.32519401379753,
        -76.70610009438728,
        832.1620946808141
      ],
      "obj_id": 5
    },
    {
      "cam_R_m2c": [
        -0.7585326082996969,
        -0.651365891418296,
        0.018753108155520257,
        -0.44460022831257345,
        0.49628088843079815,
        -0.7456781914674971,
        0.47640267847901535,
        -0.5739585723680097,
        -0.6660420572803718
      ],
      "cam_t_m2c": [
        -62.06458399733697,
        11.278463781988822,
        737.7491287365734
      ],
      "obj_id": 8
    },
    {
      "cam_R_m2c": [
        -0.7915916493817152,
        -0.6013680566436658,
        -0.1083509460524572,
        -0.28874932332080233,
        0.5244083859661942,
        -0.8010116082187297,
        0.5385231853362926,
        -0.6027875867522665,
        -0.5887615107169933
      ],
      "cam_t_m2c": [
        76.19194105996539,
        -1.7986954678076836,
        759.0589246775249
      ],
      "obj_id": 9
    },
    {
      "cam_R_m2c": [
        -0.6490491958304203,
        -0.7592825993202945,
        -0.047179808484948925,
        -0.5612810989314702,
        0.5198119023204242,
        -0.6440180563119582,
        0.5135165205793831,
        -0.39151789425094125,
        -0.7635538456307392
      ],
      "cam_t_m2c": [
        87.81886456564573,
        -74.35819343811545,
        835.4491853194952
      ],
      "obj_id": 10
    }
  ],
  "281": [
    {
      "cam_R_m2c": [
        -0.9938945083175299,
        -0.040838057180976085,
        0.10249964701440643,
        -0.09615247807091046,
        0.7762240700184082,
        -0.623082175660435,
        -0.054116637315098824,
        -0.6291332739609127,
        -0.7754113919933991
      ],
      "cam_t_m2c": [
        78.91044209456643,
        -8.712143306148992,
        764.3396606607138
      ],
      "obj_id": 5
    },
    {
      "cam_R_m2c": [
        0.861919497248862,
        -0.5036449938071026,
        -0.05862226033084649,
        -0.3277285655691333,
        -0.4651464024664627,
        -0.8223340610897576,
        0.38689589021644205,
        0.7279981431025007,
        -0.5659774948372851
      ],
      "cam_t_m2c": [
        -47.61337227048458,
        -50.279025270833415,
        805.0388009494883
      ],
      "obj_id": 8
    },
    {
      "cam_R_m2c": [
        0.6404574311841361,
        -0.7531957047306576,
        -0.15003535962394007,
        -0.6236483122688624,
        -0.39605163569953905,
        -0.6739482994547608,
        0.44819272020819856,
        0.5252048201938634,
        -0.7233833535148635
      ],
      "cam_t_m2c": [
        -29.160361731303386,
        40.02220011553405,
        703.1655447410865
      ],
      "obj_id": 9
    },
    {
      "cam_R_m2c": [
        0.8310442910497546,
        -0.5398080516276756,
        -0.1340627855699942,
        -0.42993846361696186,
        -0.4705288352595569,
        -0.770555634693865,
        0.35287108486274993,
        0.6980047292415051,
        -0.6231144240536474
      ],
      "cam_t_m2c": [
        73.58637865259442,
        51.691492434652524,
        690.4493041869098
      ],
      "obj_id": 10
    }
  ],
  "293": [
    {
      "cam_R_m2c": [
        -0.4257205923207556,
        -0.8900465028652892,
        0.16302924019715717,
        -0.47591531235176227,
        0.06700926501452685,
        -0.8769345537936957,
        0.7695881350704623,
        -0.45091719521091733,
        -0.452113530020502
      ],
      "cam_t_m2c": [
        29.134158201108686,
        24.780114347173377,
        705.7863030464249
      ],
      "obj_id": 5
    },
    {
      "cam_R_m2c": [
        0.8885013485039708,
        0.44139461299936245,
        0.1254409955615178,
        0.37288848849610706,
        -0.5351933027349923,
        -0.7579725095184242,
        -0.2674298312429869,
        0.7202349503030622,
        -0.6401106312748504
      ],
      "cam_t_m2c": [
        20.94015645508792,
        -51.70212294600718,
        823.2035241677003
      ],
      "obj_id": 8
    },
    {
      "cam_R_m2c": [
        0.9800677220082955,
        0.11530166946396622,
        0.1617778477003574,
        0.1984287399463794,
        -0.5287346341606669,
        -0.8252670541850723,
        -0.009617166785892353,
        0.8409189081537184,
        -0.5410745329034783
      ],
      "cam_t_m2c": [
        -96.05214705687452,
        -13.885689701559674,
        758.7547071575019
      ],
      "obj_id": 9
    },
    {
      "cam_R_m2c": [
        0.880361776233443,
        0.4650619767055931,
        0.09316518643407455,
        0.363076052838343,
        -0.534396412906992,
        -0.7632799698356588,
        -0.3051853604951303,
        0.7057884108529182,
        -0.6393147304016933
      ],
      "cam_t_m2c": [
        -65.9129020778852,
        37.63151021375246,
        675.172659619627
      ],
      "obj_id": 10
    }
  ],
  "312": [
    {
      "cam_R_m2c": [
        0.9238350684140992,
        -0.3803573102767166,
        -0.04310288740402983,
        -0.18563707099111085,
        -0.34669487514029645,
        -0.9194240683506958,
        0.3347656898577451,
        0.8573974663594719,
        -0.39089821997566154
      ],
      "cam_t_m2c": [
        -90.06653459297323,
        -6.931924198739156,
        751.3736163360757
      ],
      "obj_id": 5
    },
    {
      "cam_R_m2c": [
        -0.6199025465061571,
        0.7768737546813028,
        -0.11040239047126221,
        0.43383153392026613,
        0.2220829281756272,
        -0.8731942797359511,
        -0.6538428091495256,
        -0.589191653201809,
        -0.4747030195394743
      ],
      "cam_t_m2c": [
        46.15462936700817,
        -5.015359337930803,
        746.0099972969184
      ],
      "obj_id": 8
    },
    {
      "cam_R_m2c": [
        -0.17361306399045026,
        0.9834105723672024,
        -0.052563102778953444,
        0.49263353885738265,
        0.04050637289894936,
        -0.8692930344758992,
        -0.8527425020118461,
        -0.1768151227781427,
        -0.4914943369156612
      ],
      "cam_t_m2c": [
        -11.928940511165386,
        -72.76998776947835,
        847.3708880732795
      ],
      "obj_id": 9
    },
    {
      "cam_R_m2c": [
        -0.5043403996401393,
        0.8634974372881854,
        0.0037098738253303065,
        0.5413202300508047,
        0.3195083563646441,
        -0.7777438176134454,
        -0.6727649507427248,
        -0.3902395746031844,
        -0.628570350673267
      ],
      "cam_t_m2c": [
        -115.23074534638761,
        -62.08080207944251,
        829.4522865340343
      ],
      "obj_id": 10
    }
  ],
  "32": [
    {
      "cam_R_m2c": [
        0.9024748058343337,
        0.4205679939394454,
        0.09306510000855034,
        0.42228578712290327,
        -0.821260978424781,
        -0.3836728690899995,
        -0.0849300016757227,
        0.3855552431324382,
        -0.9187677463277545
      ],
      "cam_t_m2c": [
        -89.09884422790807,
        -14.75216457060775,
        765.8450547847331
      ],
      "obj_id": 5
    },
    {
      "cam_R_m2c": [
        -0.9701589510827185,
        0.24183700983191844,
        0.01748461780901605,
        0.20888440976421144,
        0.8702229046796129,
        -0.44618295110064343,
        -0.12311897606911988,
        -0.42921629175989867,
        -0.8947710418284266
      ],
      "cam_t_m2c": [
        13.414281598955895,
        80.16486231516451,
        740.4780880801645
      ],
      "obj_id": 8
    },
    {
      "cam_R_m2c": [
        -0.8663051817306526,
        0.4746430881327629,
        0.1556553582658897,
        0.4530447106375259,
        0.8778413825550864,
        -0.15538590435010693,
        -0.21039340247990226,
        -0.06409299585792344,
        -0.9755136035224058
      ],
      "cam_t_m2c": [
        39.154136157932776,
        -51.091768645915074,
        782.429632913544
      ],
      "obj_id": 9
    },
    {
      "cam_R_m2c": [
        -0.9782149564038825,
        0.12887366566283806,
        0.16274653881640763,
        0.07278535090690023,
        0.9471221230159644,
        -0.3125087640709918,
        -0.19441480509317438,
        -0.2938553665817634,
        -0.9358696444963022
      ],
      "cam_t_m2c": [
        -53.5081248101484,
        -100.61419852702123,
        793.8625896068586
      ],
      "obj_id": 10
    }
  ],
  "322": [
    {
      "cam_R_m2c": [
        0.8565966812230059,
        0.5149780604991614,
        0.03222988044689208,
        0.36608721314696896,
        -0.5625428196692915,
        -0.7412998719338807,
        -0.3636225582409126,
        0.6467947286439812,
        -0.6703997264591037
      ],
      "cam_t_m2c": [
        -81.31196694038303,
        -44.555089072310466,
        812.122334602645
      ],
      "obj_id": 5
    },
    {
      "cam_R_m2c": [
        -0.9778829031810606,
        0.13512621681378068,
        0.15964000486768865,
        -0.0808585042904028,
        0.4596793904346574,
        -0.88439614675818,
        -0.19288865746334252,
        -0.877744836649525,
        -0.43858703013698214
      ],
      "cam_t_m2c": [
        0.0017676169136202624,
        13.366194187588743,
        722.2486726725576
      ],
      "obj_id": 8
    },
    {
      "cam_R_m2c": [
        -0.9653839655045943,
        0.25621996179685697,
        -0.04882906515111005,
        0.19593907795976823,
        0.588817206936918,
        -0.784156839850999,
        -0.17216586159534483,
        -0.766580424834021,
        -0.6186387122801146
      ],
      "cam_t_m2c": [
        54.21440627528338,
        -55.058915822381536,
        824.0847838183804
      ],
      "obj_id": 9
    },
    {
      "cam_R_m2c": [
        -0.9852971730168545,
        0.09307512896426776,
        0.1432672051768603,
        -0.08750308994597,
        0.44531056302018196,
        -0.8910900651863694,
        -0.14673698359410514,
        -0.8905255891527238,
        -0.43061939367173585
      ],
      "cam_t_m2c": [
        -24.44633832727183,
        -92.7587092064276,
        882.5254939412147
      ],
      "obj_id": 10
    }
  ],
  "331": [
    {
      "cam_R_m2c": [
        0.35164347860371276,
        0.9285267457074399,
        0.11910066146896037,
        0.6252259389870842,
        -0.1382577337645341,
        -0.7680995505199266,
        -0.6967350265887066,
        0.34456248570461956,
        -0.6291565176318471
      ],
      "cam_t_m2c": [
        -30.68354952770411,
        -67.19494670650327,
        850.2158967721392
      ],
      "obj_id": 5
    },
    {
      "cam_R_m2c": [
        -0.7776027464277351,
        -0.6111249099284013,
        -0.14785216606141743,
        -0.258734134916898,
        0.5253312240751377,
        -0.8106068710386859,
        0.5730534999527018,
        -0.592076419890003,
        -0.5666180798083559
      ],
      "cam_t_m2c": [
        -45.2508979533971,
        1.122699083658313,
        727.7736056442953
      ],
      "obj_id": 8
    },
    {
      "cam_R_m2c": [
        -0.9047308519398987,
        -0.42596641913273164,
        0.0038465576251274737,
        -0.2978247993939433,
        0.6260583487676153,
        -0.7206600746421167,
        0.3045688298926986,
        -0.6531497174880208,
        -0.6932777867662484
      ],
      "cam_t_m2c": [
        78.49694228119915,
        -22.436482373165596,
        778.5846069559267
      ],
      "obj_id": 9
    },
    {
      "cam_R_m2c": [
        -0.7976958387735126,
        -0.5857701251467473,
        0.1433691141415636,
        -0.4314880304528814,
        0.38830107805070024,
        -0.814272615391245,
        0.42130648720518005,
        -0.7114046872365222,
        -0.5624990806072975
      ],
      "cam_t_m2c": [
        70.0736213798877,
        -77.93874241737504,
        865.3126321310947
      ],
      "obj_id": 10
    }
  ],
  "346": [
    {
      "cam_R_m2c": [
        -0.9139791615341242,
        0.40361304416261007,
        0.041696732079552434,
        0.2191256805132882,
        0.5774578760653923,
        -0.7864640443678894,
        -0.34150502305109726,
        -0.7096760151471426,
        -0.6162261495375123
      ],
      "cam_t_m2c": [
        67.85895794290545,
        -47.5168407731225,
        814.9603840197354
      ],
      "obj_id": 5
    },
    {
      "cam_R_m2c": [
        0.4819306214930077,
        -0.8756922768474295,
        0.030099319224765723,
        -0.556839298013299,
        -0.332613699840524,
        -0.7611159780580767,
        0.6765152518100821,
        0.3500456229764121,
        -0.6479162575907035
      ],
      "cam_t_m2c": [
        -68.98696353737846,
        -36.424687382704185,
        790.4045533453035
      ],
      "obj_id": 8
    },
    {
      "cam_R_m2c": [
        0.07696646887035292,
        -0.9936639558749724,
        -0.08190441755212687,
        -0.6608140885162695,
        0.010673974693026589,
        -0.7504732826459733,
        0.7465931297556572,
        0.11188568726508598,
        -0.6558052061542577
      ],
      "cam_t_m2c": [
        20.637988973960827,
        23.67108961105756,
        699.9177517204002
      ],
      "obj_id": 9
    },
    {
      "cam_R_m2c": [
        0.3624026138060041,
        -0.9247388300823014,
        -0.11628714401973106,
        -0.5586877836591967,
        -0.11567222321579537,
        -0.8212716199377753,
        0.746010863448257,
        0.36260020526227943,
        -0.5585599380048273
      ],
      "cam_t_m2c": [
        117.70497204776902,
