{
    "4": [
        {
            "cam_R_m2c": [
                -0.3141799701844644,
                -0.9149658396290539,
                -0.2532347674232552,
                -0.49704849917303995,
                0.38579326005952735,
                -0.7772427268354956,
                0.8088478983527373,
                -0.11832455702089063,
                -0.5759909200820229
            ],
            "cam_t_m2c": [
                46.31407021954873,
                102.3168724685809,
                742.0705258178245
            ],
            "obj_id": 5
        },
        {
            "cam_R_m2c": [
                0.9313908457079745,
                0.028733909101453722,
                -0.3628846100767237,
                -0.20392222993150574,
                -0.7845906703185647,
                -0.5855194699955941,
                -0.30154093070318133,
                0.6193484711816652,
                -0.7249009269500661
            ],
            "cam_t_m2c": [
                6.994776444306446,
                -32.09743088778315,
                771.740637028125
            ],
            "obj_id": 8
        },
        {
            "cam_R_m2c": [
                0.8995789777393793,
                -0.1775655339146415,
                0.3990341658414851,
                0.17734598040601157,
                -0.6864159882603499,
                -0.7052529077901323,
                0.3991312316922463,
                0.7051983697701364,
                -0.5859946170414054
            ],
            "cam_t_m2c": [
                -84.2407464226853,
                49.525378796787976,
                759.4372212991011
            ],
            "obj_id": 9
        },
        {
            "cam_R_m2c": [
                0.9894590514258512,
                -0.048734107786885424,
                0.1363679992321286,
                0.05793402004993658,
                -0.7298264374165656,
                -0.6811732229241575,
                0.13272043887547386,
                0.6818936047651518,
                -0.7193097059153759
            ],
            "cam_t_m2c": [
                -45.89759200008125,
                136.88889716424097,
                710.6024683831552
            ],
            "obj_id": 10
        }
    ],
    "12": [
        {
            "cam_R_m2c": [
                -0.4256371153953626,
                -0.8570522328959244,
                0.290335724840563,
                -0.8099520374580326,
                0.21776704487069418,
                -0.5445696042080272,
                0.40349840557959255,
                -0.46694722039581527,
                -0.7868607872133276
            ],
            "cam_t_m2c": [
                -10.613030187694438,
                91.80984375018141,
                738.6379483137046
            ],
            "obj_id": 5
        },
        {
            "cam_R_m2c": [
                0.8061363792964723,
                0.5848821831403719,
                -0.08976446397715879,
                0.5881849668512016,
                -0.7754529056395623,
                0.229589601389366,
                0.0646752351403324,
                -0.237878655546952,
                -0.9691396913452289
            ],
            "cam_t_m2c": [
                58.922694078199754,
                -8.54254586110314,
                782.3440339369934
            ],
            "obj_id": 8
        },
        {
            "cam_R_m2c": [
                0.5406318594931951,
                0.8363757594493944,
                0.09051785444134283,
                0.7660301870229583,
                -0.5339027955267597,
                0.3579740835275213,
                0.34772889231447796,
                -0.12419285798091945,
                -0.9293341021604677
            ],
            "cam_t_m2c": [
                -98.29993604422738,
                -19.84514484022731,
                781.5081750905022
            ],
            "obj_id": 9
        },
        {
            "cam_R_m2c": [
                0.08683087603579487,
                0.8021508316394033,
                -0.5907750717217314,
                0.9437930251447675,
                -0.2560821103758729,
                -0.20899079852526598,
                -0.31892851703517056,
                -0.5394225117702718,
                -0.7792999718747043
            ],
            "cam_t_m2c": [
                -107.67487284262438,
                84.2414092535506,
                736.3000750389098
            ],
            "obj_id": 10
        }
    ],
    "23": [
        {
            "cam_R_m2c": [
                0.7708900639625187,
                -0.6265905899415912,
                0.11451106768718486,
                -0.6235903366985767,
                -0.705751915385942,
                0.3362276658188011,
                -0.12986062271817472,
                -0.3306026335599224,
                -0.9347935253734412
            ],
            "cam_t_m2c": [
                -88.94458239793545,
                47.58049591436623,
                764.7573948513018
            ],
            "obj_id": 5
        },
        {
            "cam_R_m2c": [
                0.14276566942923802,
                0.9576208662548596,
                0.2501599399645337,
                0.9722733836506925,
                -0.08839483924911495,
                -0.21649677011463325,
                -0.18520881492108723,
                0.27413237629617365,
                -0.9436895230592515
            ],
            "cam_t_m2c": [
                51.07366112243392,
                34.28100395968811,
                762.3075207353838
            ],
            "obj_id": 8
        },
        {
            "cam_R_m2c": [
                -0.017826347486821596,
                0.7532991799501865,
                0.6574364698615841,
                0.9174022912293355,
                0.27377751247760046,
                -0.28882313928485837,
                -0.39756129466281864,
                0.5979852139552116,
                -0.6959592120746755
            ],
            "cam_t_m2c": [
                -16.825327214911876,
                -58.12313591901638,
                795.5757841905364
            ],
            "obj_id": 9
        },
        {
            "cam_R_m2c": [
                -0.5448246695565163,
                0.8355528387698884,
                0.07083559288254536,
                0.4257949705919096,
                0.34843307185680583,
                -0.8350411532060479,
                -0.7224019941541527,
                -0.424789030050369,
                -0.5456091588291172
            ],
            "cam_t_m2c": [
                -121.26073758357482,
                -30.9354013361768,
                786.6350903089487
            ],
            "obj_id": 10
        }
    ],
    "32": [
        {
            "cam_R_m2c": [
                0.6239213302046914,
                0.6884002937160806,
                0.36990128497745256,
                0.6998895679371526,
                -0.7027954369171113,
                0.1274078735603306,
                0.3476721627693548,
                0.1793975673650342,
                -0.9202936640738099
            ],
            "cam_t_m2c": [
                -104.04295351859493,
                -10.309617800256175,
                777.6855678293742
            ],
            "obj_id": 5
        },
        {
            "cam_R_m2c": [
                -0.9766343451663899,
                0.1941809011114818,
                0.09207844964172525,
                0.21476750742542128,
                0.8972770040337135,
                0.38570557372591785,
                -0.0077228798035667776,
                0.3964686922587967,
                -0.9180157539584335
            ],
            "cam_t_m2c": [
                4.882970949024388,
                62.696137040015955,
                744.8602260028537
            ],
            "obj_id": 8
        },
        {
            "cam_R_m2c": [
                -0.617482439741058,
                0.5577709539184086,
                0.5546230039086844,
                0.23988870846844856,
                0.805048025620837,
                -0.5425410743840217,
                -0.7491117444666443,
                -0.20196213894048476,
                -0.6309062264920131
            ],
            "cam_t_m2c": [
                39.500301417425646,
                -37.385463437102786,
                782.7338098712722
            ],
            "obj_id": 9
        },
        {
            "cam_R_m2c": [
                -0.8129484464360675,
                0.26843607826419674,
                -0.5167747149726285,
                0.23415001407591962,
                0.963199829116093,
                0.13198373559079923,
                0.5331865705583161,
                -0.013706755758184277,
                -0.8458867196687692
            ],
            "cam_t_m2c": [
                -39.59673272494761,
                -107.0455784602377,
                781.8074572753916
            ],
            "obj_id": 10
        }
    ],
    "37": [
        {
            "cam_R_m2c": [
                0.9434269632354472,
                0.1261851670187004,
                -0.30663226616810946,
                0.0615719896712347,
                -0.9753430034364592,
                -0.21193269185690572,
                -0.32581423009643384,
                0.18106280174382525,
                -0.9279335086287948
            ],
            "cam_t_m2c": [
                -75.67566513426472,
                -59.02253622595873,
                779.9237474532811
            ],
            "obj_id": 5
        },
        {
            "cam_R_m2c": [
                -0.9256409921419767,
                -0.37405232554156276,
                0.05721811782774067,
                -0.32973795352962476,
                0.8715037576948422,
                0.36297957890403754,
                -0.18563925295158606,
                0.31712241346617154,
                -0.9300383439730581
            ],
            "cam_t_m2c": [
                -20.066274310266213,
                64.47659017565175,
                735.8074550580743
            ],
            "obj_id": 8
        },
        {
            "cam_R_m2c": [
                -0.8693862900013533,
                -0.2997332124194557,
                -0.3928453710230794,
                -0.3223975699187147,
                0.9465644222016006,
                -0.008728126044905917,
                0.3744696988684683,
                0.11906476680794095,
                -0.9195627765478551
            ],
            "cam_t_m2c": [
                79.47866189014594,
                -17.456540904220766,
                765.685178427216
            ],
            "obj_id": 9
        },
        {
            "cam_R_m2c": [
                -0.8696791681442402,
                -0.006681084183292652,
                0.4935722023693307,
                0.03405904546013646,
                0.996713429897927,
                0.07350365685389824,
                -0.49244129429636313,
                0.0807357082679373,
                -0.8665928123672862
            ],
            "cam_t_m2c": [
                8.226538049070518,
                -92.08332537901761,
                799.1730555563652
            ],
            "obj_id": 10
        }
    ],
    "44": [
        {
            "cam_R_m2c": [
                -0.17149365006332284,
                0.9818890634292129,
                0.08052583286801065,
                0.9408579164272943,
                0.13898730536596993,
                0.3089804997186421,
                0.29219276259674565,
                0.12875142743649487,
                -0.9476534807686938
            ],
            "cam_t_m2c": [
                -28.282000916113727,
                -52.76403126582821,
                789.7116796664654
            ],
            "obj_id": 5
        },
        {
            "cam_R_m2c": [
                -0.1221847403844307,
                -0.9925076694641182,
                -0.00024246083086515368,
                -0.9135119829298051,
                0.11255541874648414,
                -0.3909317213949236,
                0.3880295659763541,
                -0.04754412274115144,
                -0.9204199090624005
            ],
            "cam_t_m2c": [
                -59.962972249529045,
                75.07607676617494,
                753.4179239690013
            ],
            "obj_id": 8
        },
        {
            "cam_R_m2c": [
                -0.6311166653444037,
                -0.7287099693583995,
                -0.26584596509332226,
                -0.36750902115585526,
                0.5827198784197272,
                -0.7248279070861886,
                0.6831025672862318,
                -0.35974984423467893,
                -0.6355713026765244
            ],
            "cam_t_m2c": [
                66.78600857876776,
                30.514661052066113,
                752.2156122834589
            ],
            "obj_id": 9
        },
        {
            "cam_R_m2c": [
                -0.885319988285354,
                -0.3679507855597703,
                -0.28429057050314605,
                -0.13029739397242318,
                0.7832196087137662,
                -0.607939563697263,
                0.4463533406382339,
                -0.5011785280280721,
                -0.7413425908398001
            ],
            "cam_t_m2c": [
                72.65563617746173,
                -92.17340689631094,
                781.9686502000386
            ],
            "obj_id": 10
        }
    ],
    "54": [
        {
            "cam_R_m2c": [
                -0.7688579940331022,
                0.49428047264208286,
                -0.40563998521996536,
                0.5058166895231158,
                0.8582383005307354,
                0.08704621431736562,
                0.39116131207005633,
                -0.1382531172129871,
                -0.9098780109914514
            ],
            "cam_t_m2c": [
                54.680350758788336,
                -37.45259543247528,
                769.8081369384131
            ],
            "obj_id": 5
        },
        {
            "cam_R_m2c": [
                -0.3234340231008471,
                -0.793859924028921,
                -0.514952905948613,
                -0.848377088303692,
                0.48431224787567023,
                -0.21377167109688228,
                0.41910314054472214,
                0.3677332912449465,
                -0.8301349367503597
            ],
            "cam_t_m2c": [
                -59.50793054589879,
                16.054331976339327,
                754.2201299813812
            ],
            "obj_id": 8
        },
        {
            "cam_R_m2c": [
                0.0370203931541288,
                -0.7782552945599709,
                -0.6268552872954021,
                -0.9575427218255297,
                0.1518418023434977,
                -0.24506458045210636,
                0.28590574036823785,
                0.6093131337640664,
                -0.7395908628081089
            ],
            "cam_t_m2c": [
                29.3664350406445,
                85.58459690078108,
                746.5982045164936
            ],
            "obj_id": 9
        },
        {
            "cam_R_m2c": [
                0.5215212453078503,
                -0.7311628596847917,
                -0.43979096791046346,
                -0.8014187408908151,
                -0.2428715476290061,
                -0.5465726278342785,
                0.2928212162534352,
                0.6375060762917693,
                -0.7126297095748305
            ],
            "cam_t_m2c": [
                118.93516783387699,
                4.6362365334672795,
                749.1872505729149
            ],
            "obj_id": 10
        }
    ],
    "61": [
        {
            "cam_R_m2c": [
                -0.9267491626999514,
                0.3703864016899392,
                0.0628428997181089,
                0.155567089559574,
                0.5306179670104356,
                -0.8332125034799528,
                -0.3419556556410017,
                -0.7624035557611386,
                -0.5493697851307887
            ],
            "cam_t_m2c": [
                83.14112182281416,
                -19.593687111234054,
                770.9193467878482
            ],
            "obj_id": 5
        },
        {
            "cam_R_m2c": [
                0.3129830109200696,
                -0.8409243060820366,
                -0.4414607955629991,
                -0.8858098231778855,
                -0.42613413859263055,
                0.18371336484389833,
                -0.3426100528233676,
                0.33355125458974005,
                -0.8782717303736791
            ],
            "cam_t_m2c": [
                -73.88935446772791,
                -16.63272402686708,
                776.2251242268009
            ],
            "obj_id": 8
        },
        {
            "cam_R_m2c": [
                0.8805905538011991,
                -0.46448152182009034,
                -0.09389368787112627,
                -0.45884410690794797,
                -0.7862386911441388,
                -0.4138735023457449,
                0.11841424805615175,
                0.4075359739289027,
                -0.9054789705241981
            ],
            "cam_t_m2c": [
                4.844590681526856,
                109.37478080833364,
                738.8215168800944
            ],
            "obj_id": 9
        },
        {
            "cam_R_m2c": [
                0.8997020186587513,
                -0.28396906920910236,
                0.3315065551035207,
                -0.08578822713107703,
                -0.8596807662426049,
                -0.503576858424285,
                0.4279901887143822,
                0.4246305497473091,
                -0.7978177852103098
            ],
            "cam_t_m2c": [
                84.65071488978339,
                78.60407871184623,
                739.28854645997
            ],
            "obj_id": 10
        }
    ],
    "69": [
        {
            "cam_R_m2c": [
                -0.4747811483723495,
                -0.8391614030941448,
                0.265314883342132,
                -0.8775646800575948,
                0.47427128371165045,
                -0.07033465400601836,
                -0.06680919485847113,
                -0.26622463991752054,
                -0.96159276600132
            ],
            "cam_t_m2c": [
                83.51125595611572,
                41.96933719695062,
                751.5219228873791
            ],
            "obj_id": 5
        },
        {
            "cam_R_m2c": [
                0.9433276627434257,
                0.29834927285762763,
                0.14533303458619065,
                0.318324120526753,
                -0.6896435023208146,
                -0.6504316845650652,
                -0.093827728799637,
                0.659833024619114,
                -0.7455310397796228
            ],
            "cam_t_m2c": [
                -19.991704860067234,
                -61.45546116161798,
                777.1959134603217
            ],
            "obj_id": 8
        },
        {
            "cam_R_m2c": [
                0.9885493690477344,
                -0.14245729440680946,
                0.04977055423494585,
                -0.045948005875611306,
                -0.5983205690496867,
                -0.7999381169492382,
                0.1437358773252777,
                0.7884912038532611,
                -0.5980146298876307
            ],
            "cam_t_m2c": [
                -55.18777938191029,
                89.1474455372044,
                728.5701654790288
            ],
            "obj_id": 9
        },
        {
            "cam_R_m2c": [
                0.945901356307984,
                -0.31047546367113826,
                -0.09421355721634427,
                -0.25477756527474377,
                -0.5309662537758656,
                -0.8081851209147249,
                0.20089783145947274,
                0.7884668338107165,
                -0.5813434565485008
            ],
            "cam_t_m2c": [
                37.05377933579378,
                134.49012171563734,
                713.2158936939088
            ],
            "obj_id": 10
        }
    ],
    "76": [
        {
            "cam_R_m2c": [
                0.04111192073458293,
                -0.995949486105692,
                -0.0799644413257195,
                -0.7224431299488456,
                0.025654505674112676,
                -0.6909539025272965,
                0.6902071179545313,
                0.08617622159981031,
                -0.7184624213222658
            ],
            "cam_t_m2c": [
                37.06486556420019,
                72.39696783439351,
                712.6863211566823
            ],
            "obj_id": 5
        },
        {
            "cam_R_m2c": [
                0.7884851227910504,
                0.23390206911730455,
                0.5688420239526764,
                0.35577545700886215,
                -0.9278827715443289,
                -0.111611980451845,
                0.5017122540102629,
                0.2903846241513616,
                -0.8148382512815213
            ],
            "cam_t_m2c": [
                12.963962506487288,
                -35.77757607916021,
                782.5004048650537
            ],
            "obj_id": 8
        },
        {
            "cam_R_m2c": [
                0.7296133589168057,
                0.5555847865017389,
                -0.3987352920618523,
                0.25285411506917044,
                -0.760914515584235,
                -0.597556211064463,
                -0.6353969123576765,
                0.3351635247124671,
                -0.6956555024628853
            ],
            "cam_t_m2c": [
                -93.02818011590571,
                45.47219911664291,
                746.3711712984301
            ],
            "obj_id": 9
        },
        {
            "cam_R_m2c": [
                0.8746355388452132,
                0.2931989883412945,
                0.386066393446639,
                0.2887251209492484,
                -0.9547758339861483,
                0.07099906875181175,
                0.38942347699375957,
                0.049369015120216804,
                -0.9197345977149975
            ],
            "cam_t_m2c": [
                -60.03398426954085,
                110.69494060476228,
                714.4640632146721
            ],
            "obj_id": 10
        }
    ],
    "92": [
        {
            "cam_R_m2c": [
                0.6005306674052528,
                -0.5709569195092299,
                -0.5597959727665697,
                -0.731377238664514,
                -0.6751900910716977,
                -0.0959453096130426,
                -0.3231885505426446,
                0.4670402164531446,
                -0.823056773294218
            ],
            "cam_t_m2c": [
                -63.50520840210554,
                49.776163756728195,
                741.8950106469591
            ],
            "obj_id": 5
        },
        {
            "cam_R_m2c": [
                0.18454041791285297,
                0.9730354207746232,
                -0.13837415898635036,
                0.9778524789418656,
                -0.1676338595874769,
                0.12531342846352583,
                0.09873838826372348,
                -0.15843503052739452,
                -0.9824197791165645
            ],
            "cam_t_m2c": [
                52.05271493354884,
                24.939941803442554,
                743.7560641982417
            ],
            "obj_id": 8
        },
        {
            "cam_R_m2c": [
                0.11502458080495348,
                0.8476230913377919,
                -0.5179815256380761,
                0.9818087327827889,
                -0.17630575516108252,
                -0.07048215728019051,
                -0.1510651846349575,
                -0.5004520487769292,
                -0.8524827833362834
            ],
            "cam_t_m2c": [
                -47.661531808542705,
                -48.83381773190419,
                792.6599318070656
            ],
            "obj_id": 9
        },
        {
            "cam_R_m2c": [
                0.11381190875839597,
                0.8387633471323243,
                0.5324688290350889,
                0.7528284884230725,
                0.2769217682683989,
                -0.5971292725227272,
                -0.6483024697126912,
                0.46881874883690916,
                -0.5999275486509871
            ],
            "cam_t_m2c": [
                -132.8277180381396,
                -27.932626223284625,
                769.337384007456
            ],
            "obj_id": 10
        }
    ],
    "99": [
        {
            "cam_R_m2c": [
                0.8845660618285277,
                -0.1776462648132252,
                -0.43125887701702087,
                -0.46221762067022554,
                -0.4576353201191535,
                -0.7595556858782387,
                -0.06242701831343641,
                0.8712127833603218,
                -0.4869198061278226
            ],
            "cam_t_m2c": [
                -111.36705331751885,
                10.241558576298917,
                759.8415179818326
            ],
            "obj_id": 5
        },
        {
            "cam_R_m2c": [
                -0.7262011350765147,
                0.36845102769241667,
                0.5804096753865478,
                0.1085991626460814,
                0.8951349675000426,
                -0.43236518180105243,
                -0.6788503132078838,
                -0.25095216517297986,
                -0.6900615297488516
            ],
            "cam_t_m2c": [
                40.73555409861348,
                31.66801247727559,
                736.3373996288689
            ],
            "obj_id": 8
        },
        {
            "cam_R_m2c": [
                -0.3703715652791688,
                0.6429470727153529,
                0.6704055194931021,
                0.6616993619116062,
                0.6891435478447824,
                -0.2953561901725276,
                -0.6519038637538461,
                0.3342152591828531,
                -0.6806769476433437
            ],
            "cam_t_m2c": [
                -12.232399495601399,
                -73.99281669737219,
                792.7078372761193
            ],
            "obj_id": 9
        },
        {
            "cam_R_m2c": [
                -0.3840314702985338,
                0.8740301768500637,
                -0.2976419983895187,
                0.7013442754560052,
                0.06647044027229158,
                -0.7097167448369261,
                -0.6005294482968234,
                -0.4813031667494166,
                -0.6385227791146304
            ],
            "cam_t_m2c": [
                -87.8848254673159,
                -80.41094261009926,
                798.0213426611367
            ],
            "obj_id": 10
        }
    ],
    "106": [
        {
            "cam_R_m2c": [
                0.5984042116351214,
                0.5330975843446332,
                -0.5980959742363664,
                0.3222528261275002,
                -0.843607716050502,
                -0.4295099216846111,
                -0.7335297712964941,
                0.06428331751464733,
                -0.6766105941797622
            ],
            "cam_t_m2c": [
                -91.3025808748668,
                -17.75141082366767,
                787.8943795921496
            ],
            "obj_id": 5
        },
        {
            "cam_R_m2c": [
                -0.9923906057643364,
                0.0647995223868704,
                -0.10469624411643233,
                0.12180279104077245,
                0.39230664687160643,
                -0.911733961729666,
                -0.01800623451003798,
                -0.9175494773850899,
                -0.39721447969101026
            ],
            "cam_t_m2c": [
                15.488212286329224,
                60.434948318511374,
                722.7604965414278
            ],
            "obj_id": 8
        },
        {
            "cam_R_m2c": [
                -0.9970792695234493,
                -0.04190636779547876,
                -0.06384146296070389,
                0.027817764702146218,
                0.5792370480860716,
                -0.8146840974613985,
                0.07111986183055892,
                -0.8140817587281332,
                -0.5763797218855361
            ],
            "cam_t_m2c": [
                51.11197667945546,
                -37.16102766264368,
                791.0919677752654
            ],
            "obj_id": 9
        },
        {
            "cam_R_m2c": [
                -0.9390752298751728,
                0.021311462287823647,
                -0.34304963186944765,
                0.31353087422990794,
                0.46208207345693875,
                -0.8295646905219458,
                0.14083852112642894,
                -0.8865812848245761,
                -0.44061189009492774
            ],
            "cam_t_m2c": [
                -42.12856926357229,
                -103.71805638194706,
                830.2036446831577
            ],
            "obj_id": 10
        }
    ],
    "114": [
        {
            "cam_R_m2c": [
                0.775656837254924,
                0.5639850514579902,
                0.28333282086950407,
                0.5332078617082807,
                -0.3453504463888627,
                -0.7722840634951028,
                -0.3377072288822626,
                0.7501026854750827,
                -0.5685939134140688
            ],
            "cam_t_m2c": [
                -32.76359636344699,
                -64.1589759381077,
                787.3122707476973
            ],
            "obj_id": 5
        },
        {
            "cam_R_m2c": [
                -0.6712963302861953,
                -0.38434835265932193,
                0.6337487155300748,
                -0.7265213433640356,
                0.5104801157166583,
                -0.45997541502612277,
                -0.14672558542082184,
                -0.7692115403228558,
                -0.621919917366722
            ],
            "cam_t_m2c": [
                -46.98152210052383,
                70.56729962949406,
                740.8193946359163
            ],
            "obj_id": 8
        },
        {
            "cam_R_m2c": [
                -0.7786881916517916,
                -0.4406720031569011,
                0.4466016147419882,
                -0.45723173224172436,
                0.8860063749537532,
                0.0770197027583708,
                -0.4296326503943423,
                -0.14422549754568167,
                -0.8914113089463609
            ],
            "cam_t_m2c": [
                68.33923706752293,
                -9.821107029196629,
                755.1091171844844
            ],
            "obj_id": 9
        },
        {
            "cam_R_m2c": [
                -0.9249014687054871,
                -0.3761675813178921,
                0.05527727885551928,
                -0.2047810214906754,
                0.3703642263783504,
                -0.9060325387393093,
                0.32034738656744877,
                -0.8493104801401147,
                -0.41958153161195594
            ],
            "cam_t_m2c": [
                36.95023797526184,
                -93.15340912084127,
                810.680727924432
            ],
            "obj_id": 10
        }
    ],
    "138": [
        {
            "cam_R_m2c": [
                -0.7457464311997641,
                -0.2956275945660541,
                0.5970482425536406,
                -0.5992361980207764,
                0.689289275846464,
                -0.40718009158217344,
                -0.2911653910125744,
                -0.661425778919584,
                -0.6911866293902678
            ],
            "cam_t_m2c": [
                81.94056988480844,
                13.407010944660122,
                772.7379174176707
            ],
            "obj_id": 5
        },
        {
            "cam_R_m2c": [
                0.8986310441142693,
                -0.24661482602803272,
                -0.3628263947477913,
                -0.2568443186616954,
                -0.9662324539422817,
                0.020614106982916883,
                -0.3556582919945713,
                0.07466508104087821,
                -0.9316293541064248
            ],
            "cam_t_m2c": [
                -33.77357031312957,
                -49.404884738496676,
                800.7161295490496
            ],
            "obj_id": 8
        },
        {
            "cam_R_m2c": [
                0.5177971309616286,
                -0.5534257288501628,
                -0.6523849252657702,
                -0.8554833754574636,
                -0.32975606876923547,
                -0.39926068511107904,
                0.00583327021229942,
                0.7648396351345784,
                -0.64419407834884
            ],
            "cam_t_m2c": [
                -26.414629450740243,
                76.5977775911879,
                729.8837069276208
            ],
            "obj_id": 9
        },
        {
            "cam_R_m2c": [
                0.9876910973312687,
                -0.06507656440948296,
                -0.1422351582449291,
                -0.15612338188005093,
                -0.46571462694819565,
                -0.871054667679515,
                -0.009555424062169143,
                0.8825383193591774,
                -0.47014265200884225
            ],
            "cam_t_m2c": [
                70.09430587637704,
                114.10330044675443,
                713.6199227168252
            ],
            "obj_id": 10
        }
    ],
    "151": [
        {
            "cam_R_m2c": [
                -0.29481120012177536,
                -0.8493462290893363,
                0.43783178035444625,
                -0.47685287044075275,
                -0.2662974428395132,
                -0.8376736329938941,
                0.8280685614919632,
                -0.455737162176804,
                -0.3265059837732787
            ],
            "cam_t_m2c": [
                17.13431147916782,
                76.77308778887794,
                703.238218729284
            ],
            "obj_id": 5
        },
        {
            "cam_R_m2c": [
                0.46017966706135316,
                0.8495760506846508,
                -0.25778906307487415,
                0.8390241727703182,
                -0.5110896568414464,
                -0.1866162855886617,
                -0.29029773198335423,
                -0.13041385927057078,
                -0.9480079649735859
            ],
            "cam_t_m2c": [
                36.38918911057231,
                -52.116142803843175,
                810.436010394592
            ],
            "obj_id": 8
        },
        {
            "cam_R_m2c": [
                0.5204855364964593,
                0.8465470063142044,
                0.1115917151284582,
                0.5576037783456285,
                -0.2380026369885741,
                -0.7952564612016211,
                -0.6466625574303844,
                0.4761437262166802,
                -0.5959147372780221
            ],
            "cam_t_m2c": [
                -90.27868851286826,
                8.978417817566404,
                767.9296567602745
            ],
            "obj_id": 9
        },
        {
            "cam_R_m2c": [
                0.7868110914356203,
                0.4834251055608821,
                0.3837027927044368,
                0.5616722346904724,
                -0.8185414374334082,
                -0.12047445791801115,
                0.2558364483924355,
                0.3103062262816337,
                -0.9155643137439703
            ],
            "cam_t_m2c": [
                -86.28954655808978,
                90.17455034583088,
                689.3023182206236
            ],
            "obj_id": 10
        }
    ],
    "174": [
        {
            "cam_R_m2c": [
                0.9813834905086374,
                -0.06539225007786077,
                -0.18058227947081187,
                -0.1918020275930807,
                -0.285156850901022,
                -0.9390936694625028,
                0.00991509571909959,
                0.9562481752283086,
                -0.2923898731983326
            ],
            "cam_t_m2c": [
                -100.13989290196457,
                -24.563371920773044,
                759.9772640392036
            ],
            "obj_id": 5
        },
        {
            "cam_R_m2c": [
                -0.7249131604687515,
                0.6352377023269792,
                0.2664094807627526,
                -0.009230226461001493,
                0.3777579023724836,
                -0.9258578502109687,
                -0.6887786901170658,
                -0.6736265131969141,
                -0.2679775128528581
            ],
            "cam_t_m2c": [
                9.883717465507345,
                35.864813269488906,
                722.4887365188491
            ],
            "obj_id": 8
        },
        {
            "cam_R_m2c": [
                -0.30487063492980054,
                0.8939457827048809,
                -0.3285032668840785,
                0.9474186130651535,
                0.24945506390971667,
                -0.20042771737540124,
                -0.09722445477708892,
                -0.37233505005215317,
                -0.9229913696710709
            ],
            "cam_t_m2c": [
                22.001255272960197,
                -55.241926718302366,
                816.6479025511717
            ],
            "obj_id": 9
        },
        {
            "cam_R_m2c": [
                -0.9605752614605172,
                -0.2504471374173127,
                -0.12071376301638032,
                -0.05591956531385952,
                0.5993624147870069,
                -0.7985218334372006,
                0.27233883556467,
                -0.7602905208611245,
                -0.5897370486707416
            ],
            "cam_t_m2c": [
                -69.01468059575464,
                -112.83513620288505,
                830.4629990035634
            ],
            "obj_id": 10
        }
    ],
    "179": [
        {
            "cam_R_m2c": [
                0.7771084459176054,
                0.26597428899771275,
                -0.5704038454298498,
                -0.15232249016239816,
                -0.7998856404369082,
                -0.5805005679722892,
                -0.6106557625901498,
                0.5379966070673373,
                -0.5810838229755664
            ],
            "cam_t_m2c": [
                -93.00745874959264,
                -47.37622878529171,
                803.7924747095836
            ],
            "obj_id": 5
        },
        {
            "cam_R_m2c": [
                -0.7636539841134065,
                0.45078902190531034,
                0.4621924747290601,
                0.2092403792647416,
                0.850047732320354,
                -0.4833600512115564,
                -0.6107795937929558,
                -0.2724101517228767,
                -0.7434655626307103
            ],
            "cam_t_m2c": [
                10.558661050970136,
                43.21693067883187,
                724.4351997859509
            ],
            "obj_id": 8
        },
        {
            "cam_R_m2c": [
                -0.6318522151175627,
