{
    "4": [
        {
            "cam_R_m2c": [
                -0.5123415743742371,
                -0.8585883786758203,
                0.01821077646860105,
                -0.8278500957441945,
                0.4881367312365061,
                -0.27638329250105065,
                0.22841085133806296,
                -0.15667851036505742,
                -0.9608747510025497
            ],
            "cam_t_m2c": [
                36.141207578800305,
                91.7190312283016,
                738.9096150622172
            ],
            "obj_id": 5
        },
        {
            "cam_R_m2c": [
                0.9186121801049797,
                0.3951493345969961,
                -0.002861969725836392,
                0.37611659048634916,
                -0.87654085240494,
                -0.30035539013907303,
                -0.12119442702490538,
                0.27483417486008527,
                -0.9538228832499335
            ],
            "cam_t_m2c": [
                18.72723247734686,
                -41.25224965090165,
                777.1346042214955
            ],
            "obj_id": 8
        },
        {
            "cam_R_m2c": [
                0.99004601190204,
                0.13922373721621342,
                0.020619852682712932,
                0.13806743670787555,
                -0.9323161502189472,
                -0.3342527625092836,
                -0.027312109159648632,
                0.3337731498139942,
                -0.9422576787094951
            ],
            "cam_t_m2c": [
                -92.9273246456021,
                38.32683756526515,
                751.1271678792131
            ],
            "obj_id": 9
        },
        {
            "cam_R_m2c": [
                0.8859503553686519,
                0.4633943322196531,
                0.018899983820880487,
                0.4488389812789517,
                -0.8464357824753398,
                -0.2865152213205126,
                -0.11677249988598587,
                0.2623217285045482,
                -0.9578890658269102
            ],
            "cam_t_m2c": [
                -53.87633692456024,
                131.1712185392026,
                722.0671895395094
            ],
            "obj_id": 10
        }
    ],
    "12": [
        {
            "cam_R_m2c": [
                0.14005419707458336,
                -0.9899282773449618,
                0.020677397238712543,
                -0.9481072798987582,
                -0.14009924969347914,
                -0.28542135007529773,
                0.28544286288949045,
                0.020369789570432666,
                -0.9581794631302568
            ],
            "cam_t_m2c": [
                -24.624545523632165,
                100.24565656105689,
                734.6475834816029
            ],
            "obj_id": 5
        },
        {
            "cam_R_m2c": [
                0.4348814328108991,
                0.9004807192375099,
                0.0036528455481173497,
                0.8610365346940219,
                -0.41463766794711565,
                -0.2944354988840659,
                -0.2636181492497855,
                0.131189597093623,
                -0.9556647838631772
            ],
            "cam_t_m2c": [
                50.35584017874025,
                -13.448791218617448,
                768.8666733443337
            ],
            "obj_id": 8
        },
        {
            "cam_R_m2c": [
                0.6644929329912616,
                0.7466086086518114,
                0.03202264763386936,
                0.7145595451434932,
                -0.6222569610990388,
                -0.3196897008125528,
                -0.21875611060893266,
                0.23531326331106872,
                -0.9469814386361188
            ],
            "cam_t_m2c": [
                -87.14695465565082,
                -18.498341179512543,
                769.1451798959915
            ],
            "obj_id": 9
        },
        {
            "cam_R_m2c": [
                0.3668931144897965,
                0.9302523794370023,
                0.004546217511131611,
                0.8945317282927346,
                -0.3514549117581364,
                -0.27621184476967525,
                -0.25534820136609315,
                0.10540685799212542,
                -0.9610864342582485
            ],
            "cam_t_m2c": [
                -121.31575000464034,
                76.26546546418518,
                738.0278148230326
            ],
            "obj_id": 10
        }
    ],
    "23": [
        {
            "cam_R_m2c": [
                0.8958678961916738,
                -0.4443131618930777,
                -0.0025878039609588278,
                -0.4238158140665709,
                -0.852761056087593,
                -0.30525178704649114,
                0.1334205696020166,
                0.27456152348787444,
                -0.9522685612475654
            ],
            "cam_t_m2c": [
                -88.42514851633076,
                51.9579406960966,
                750.0667842181003
            ],
            "obj_id": 5
        },
        {
            "cam_R_m2c": [
                -0.4674861026272922,
                0.8839738007171394,
                -0.006872439979005332,
                0.8470633803870133,
                0.4457152066684146,
                -0.2895193902838897,
                -0.2528640889989908,
                -0.14116729442969247,
                -0.957147875295821
            ],
            "cam_t_m2c": [
                50.64767714444085,
                46.76965534800297,
                751.6997077304844
            ],
            "obj_id": 8
        },
        {
            "cam_R_m2c": [
                -0.2047809853893547,
                0.977295344242395,
                0.05439405971839329,
                0.9354567306538563,
                0.21176400464644093,
                -0.28297810508960086,
                -0.28807148197781635,
                -0.007064942982615585,
                -0.9575831143400956
            ],
            "cam_t_m2c": [
                -24.42251632303529,
                -67.09993016495613,
                784.8810723580286
            ],
            "obj_id": 9
        },
        {
            "cam_R_m2c": [
                -0.556533438912465,
                0.8306999774968097,
                0.014430701766614566,
                0.7899218960971899,
                0.5344368620341643,
                -0.3006668058226692,
                -0.25747591758282046,
                -0.15593158716885394,
                -0.9536204641721157
            ],
            "cam_t_m2c": [
                -125.15258778943422,
                -38.85695531542055,
                773.2812607013736
            ],
            "obj_id": 10
        }
    ],
    "32": [
        {
            "cam_R_m2c": [
                0.9461778586223083,
                0.32358694232017016,
                0.006178817734624719,
                0.3098436662603058,
                -0.9001469298814971,
                -0.30615719754528414,
                -0.09350683765181034,
                0.2915936780885168,
                -0.9519610010972901
            ],
            "cam_t_m2c": [
                -91.6396864464443,
                -13.607252957438632,
                768.6310551096485
            ],
            "obj_id": 5
        },
        {
            "cam_R_m2c": [
                -0.9589419733558524,
                0.28349585225708723,
                -0.007720392453760019,
                0.2734397400275427,
                0.9170183869643049,
                -0.29035807926978663,
                -0.07523542773737535,
                -0.2805477641828509,
                -0.9568870029165694
            ],
            "cam_t_m2c": [
                10.781234500299435,
                77.52689509272979,
                742.0943800032377
            ],
            "obj_id": 8
        },
        {
            "cam_R_m2c": [
                -0.8530202857058415,
                0.5215083537993989,
                0.019612321331225955,
                0.4994165614399962,
                0.8266373975310007,
                -0.25933286730822114,
                -0.15145643555446578,
                -0.211421654702375,
                -0.9655889297576635
            ],
            "cam_t_m2c": [
                41.72321391350143,
                -53.776552935593884,
                780.3062569591767
            ],
            "obj_id": 9
        },
        {
            "cam_R_m2c": [
                -0.9766595565609508,
                0.21366168562118754,
                0.02200051377034826,
                0.19754761484944355,
                0.9337374086669549,
                -0.2985116687431462,
                -0.08432304029012563,
                -0.28719827616122695,
                -0.9541524595291663
            ],
            "cam_t_m2c": [
                -48.93906169274637,
                -101.87212876645658,
                792.3965743440499
            ],
            "obj_id": 10
        }
    ],
    "37": [
        {
            "cam_R_m2c": [
                0.7289212534843093,
                0.6845454653258009,
                0.008461072064038287,
                0.6600745200648062,
                -0.699478243857652,
                -0.2739207531246108,
                -0.18159265289417287,
                0.20525131223700355,
                -0.9617147395337264
            ],
            "cam_t_m2c": [
                -70.77418334697964,
                -43.83294411970998,
                778.9361088541496
            ],
            "obj_id": 5
        },
        {
            "cam_R_m2c": [
                -0.9890828032324821,
                -0.14576421345527577,
                0.02163991870604563,
                -0.14603940522985817,
                0.9499514794566608,
                -0.2761619820295095,
                0.019697640411865797,
                -0.2763069810840057,
                -0.9608671513633811
            ],
            "cam_t_m2c": [
                -16.493556230354994,
                79.66673835066624,
                740.4677517038649
            ],
            "obj_id": 8
        },
        {
            "cam_R_m2c": [
                -0.9923752077809129,
                0.12281265544142947,
                0.010429216385232266,
                0.11541599829968827,
                0.9556239857885551,
                -0.2710400668377217,
                -0.04325348564830056,
                -0.2677694384151904,
                -0.9625112359578515
            ],
            "cam_t_m2c": [
                67.1347040001782,
                -26.242327214156322,
                773.018699249769
            ],
            "obj_id": 9
        },
        {
            "cam_R_m2c": [
                -0.9764842396968378,
                -0.21516554000709762,
                0.01351284840116812,
                -0.2092619275717907,
                0.9308868375000543,
                -0.29943263875750437,
                0.051848603670857904,
                -0.2952186291155781,
                -0.9540214393524157
            ],
            "cam_t_m2c": [
                5.055882073480043,
                -106.9557484699361,
                794.8230683728925
            ],
            "obj_id": 10
        }
    ],
    "44": [
        {
            "cam_R_m2c": [
                0.20312225519506844,
                0.979150745381591,
                0.002369167487800055,
                0.9333692604052031,
                -0.19289285472762238,
                -0.30267937809676027,
                -0.2959112613689838,
                0.06369221628604795,
                -0.9530897437801245
            ],
            "cam_t_m2c": [
                -22.120549055954445,
                -66.57901157993811,
                786.982623308287
            ],
            "obj_id": 5
        },
        {
            "cam_R_m2c": [
                -0.7135025035990022,
                -0.7005982207713848,
                0.00876172151733257,
                -0.6724127085363646,
                0.6811765617604901,
                -0.2895863535865291,
                0.19691501864433564,
                -0.21251179873513915,
                -0.9571120387034113
            ],
            "cam_t_m2c": [
                -54.12888652753488,
                62.57362824419087,
                746.111532586965
            ],
            "obj_id": 8
        },
        {
            "cam_R_m2c": [
                -0.88988887773787,
                -0.45615553311541285,
                0.00451227684715493,
                -0.44079829840002394,
                0.857298889800443,
                -0.26596261065708876,
                0.11745164428603698,
                -0.23866581181605834,
                -0.9639730192922409
            ],
            "cam_t_m2c": [
                80.5387517387734,
                23.564940194950502,
                758.0747745912116
            ],
            "obj_id": 9
        },
        {
            "cam_R_m2c": [
                -0.6759338345036136,
                -0.7369015251881329,
                0.00948887729233487,
                -0.7099186962194834,
                0.6476197636581995,
                -0.2767755693983135,
                0.19781075138567566,
                -0.19381805106564157,
                -0.9608879872131092
            ],
            "cam_t_m2c": [
                76.36292705902268,
                -77.62979089997773,
                786.1309074557009
            ],
            "obj_id": 10
        }
    ],
    "54": [
        {
            "cam_R_m2c": [
                -0.6270403935870072,
                0.7787521670739636,
                0.01910767765201095,
                0.7447864577608928,
                0.6065191208298009,
                -0.2782594310485503,
                -0.22828444448829818,
                -0.16024889671297163,
                -0.9603152719858632
            ],
            "cam_t_m2c": [
                50.681940335899505,
                -48.32095462422621,
                781.1999756825908
            ],
            "obj_id": 5
        },
        {
            "cam_R_m2c": [
                0.07420815843871605,
                -0.9972426016404522,
                -0.00020842822897453462,
                -0.9540311530318303,
                -0.07093177958741415,
                -0.2911938322540988,
                0.29037631091084176,
                0.021807843299482658,
                -0.9566634437130143
            ],
            "cam_t_m2c": [
                -74.36980064548464,
                13.436168316803037,
                760.8062125667715
            ],
            "obj_id": 8
        },
        {
            "cam_R_m2c": [
                -0.21873232811635548,
                -0.9757464475145328,
                -0.00864444411026683,
                -0.9356830862885873,
                0.21224848393226411,
                -0.2818658584198885,
                0.27686458183758994,
                -0.05356475201250085,
                -0.9594142773561665
            ],
            "cam_t_m2c": [
                42.9322325944571,
                83.85170889729784,
                739.2900606183377
            ],
            "obj_id": 9
        },
        {
            "cam_R_m2c": [
                0.12997769109383847,
                -0.9912833661208913,
                0.02151231033591041,
                -0.9464570329179115,
                -0.13050795452104702,
                -0.2952750503776238,
                0.29550897939783416,
                0.018018745734519764,
                -0.9551694619545275
            ],
            "cam_t_m2c": [
                121.73616988933193,
                17.336646746841517,
                757.0338616169901
            ],
            "obj_id": 10
        }
    ],
    "61": [
        {
            "cam_R_m2c": [
                -0.9548712825382575,
                0.2970184586137023,
                -0.0002368809028260247,
                0.2845413491290844,
                0.9145326624931864,
                -0.2875176560317893,
                -0.0851813052465654,
                -0.2746101596521885,
                -0.9577750300422242
            ],
            "cam_t_m2c": [
                78.56138368321879,
                -5.507556378888502,
                768.3506888993718
            ],
            "obj_id": 5
        },
        {
            "cam_R_m2c": [
                0.6139296722290585,
                -0.7893345860510737,
                -0.0063588187106299755,
                -0.7564573306560358,
                -0.5860196680850166,
                -0.2904366278620283,
                0.22552543251732388,
                0.18311824582256958,
                -0.9568728219756788
            ],
            "cam_t_m2c": [
                -59.336409582471546,
                -22.70772133331508,
                770.6117764102132
            ],
            "obj_id": 8
        },
        {
            "cam_R_m2c": [
                0.3717155927150583,
                -0.9282552423983967,
                -0.012996404277343079,
                -0.8846419448766447,
                -0.34993744568244384,
                -0.308143794373554,
                0.28148840034381406,
                0.1260393695623525,
                -0.951250735659355
            ],
            "cam_t_m2c": [
                -6.701812191369336,
                100.22741224650713,
                734.5289331313351
            ],
            "obj_id": 9
        },
        {
            "cam_R_m2c": [
                0.6893565855712143,
                -0.7244201456244788,
                0.001444995195804063,
                -0.6902012485283382,
                -0.6573982775825371,
                -0.3024069290565196,
                0.22001972272552806,
                0.20746930649756512,
                -0.9531775427812225
            ],
            "cam_t_m2c": [
                96.71465258033706,
                87.99238134707063,
                737.3622603699451
            ],
            "obj_id": 10
        }
    ],
    "69": [
        {
            "cam_R_m2c": [
                -0.9141737837215648,
                -0.4053144400330646,
                0.0027060476806400956,
                -0.39057075099280564,
                0.8790969696493336,
                -0.2732090427277085,
                0.10835661805864114,
                -0.2508174486547655,
                -0.9619506716983071
            ],
            "cam_t_m2c": [
                72.32997553642599,
                52.50542799444412,
                750.9411265596523
            ],
            "obj_id": 5
        },
        {
            "cam_R_m2c": [
                0.9813597066529718,
                -0.19133160545926164,
                0.0180598123664286,
                -0.17738605890653816,
                -0.9379532699495298,
                -0.29795639705861404,
                0.07394781917949157,
                0.2891988060649089,
                -0.9544084173624013
            ],
            "cam_t_m2c": [
                -20.810670885702613,
                -46.29000810840539,
                778.8433936725057
            ],
            "obj_id": 8
        },
        {
            "cam_R_m2c": [
                0.8950870807991911,
                -0.44570259955001756,
                -0.013004978809864726,
                -0.42668243534687683,
                -0.8476909578712504,
                -0.31521786302181487,
                0.12946927771454944,
                0.2876963596038247,
                -0.9489300110834846
            ],
            "cam_t_m2c": [
                -64.2843825771713,
                81.0373411240603,
                738.566828049225
            ],
            "obj_id": 9
        },
        {
            "cam_R_m2c": [
                0.9941392918998209,
                -0.10745257008059518,
                0.011909727861269866,
                -0.09996289973585366,
                -0.9555743677098745,
                -0.2772818303874045,
                0.041175348147294684,
                0.27446620405621863,
                -0.9607146004003198
            ],
            "cam_t_m2c": [
                23.67753104474111,
                134.97837566727685,
                721.8178823958887
            ],
            "obj_id": 10
        }
    ],
    "76": [
        {
            "cam_R_m2c": [
                -0.5699957434864251,
                -0.8215739304088051,
                -0.01100901801444849,
                -0.7308364515918749,
                0.5130752853332403,
                -0.4501459757971039,
                0.3754771166713441,
                -0.2485355148819516,
                -0.8928870366079457
            ],
            "cam_t_m2c": [
                38.57875696529394,
                73.39063088498642,
                729.3045456103736
            ],
            "obj_id": 5
        },
        {
            "cam_R_m2c": [
                0.931167365858821,
                0.3645889185519763,
                -0.0015181489788303052,
                0.32393519824042444,
                -0.8292332823242995,
                -0.4554533183533733,
                -0.16731250580044182,
                0.42361176749995766,
                -0.8902582929527064
            ],
            "cam_t_m2c": [
                14.156586525991127,
                -50.178008539511154,
                788.9632501173879
            ],
            "obj_id": 8
        },
        {
            "cam_R_m2c": [
                0.9975590104003923,
                0.06967509995699299,
                -0.004633653364718077,
                0.05894933122078186,
                -0.8758477720346641,
                -0.4789730987491701,
                -0.03743114169455738,
                0.4775311549884013,
                -0.8778172569250224
            ],
            "cam_t_m2c": [
                -91.77655692935707,
                30.34471950607432,
                747.462991629118
            ],
            "obj_id": 9
        },
        {
            "cam_R_m2c": [
                0.8992423871145145,
                0.4374131242895981,
                -0.005739538554519157,
                0.3868942380522404,
                -0.8013705848567565,
                -0.45619909052554447,
                -0.2041473572953847,
                0.4080132154817983,
                -0.8898591493305754
            ],
            "cam_t_m2c": [
                -48.8801100796273,
                114.66427845144645,
                704.1711267314553
            ],
            "obj_id": 10
        }
    ],
    "92": [
        {
            "cam_R_m2c": [
                0.7074623716302822,
                -0.7066199187280816,
                0.013642443683240963,
                -0.6263866870938261,
                -0.6358392911825851,
                -0.4509411677104565,
                0.32731834334705606,
                0.3104782005980837,
                -0.8924491204669216
            ],
            "cam_t_m2c": [
                -75.23902503951007,
                58.58713664386542,
                733.4012346044968
            ],
            "obj_id": 5
        },
        {
            "cam_R_m2c": [
                -0.17340085129346522,
                0.9848092003715276,
                0.009154794879959476,
                0.8806866923665699,
                0.15921449961343742,
                -0.446140686686231,
                -0.44082082572429815,
                -0.06929849808541172,
                -0.8949157295755543
            ],
            "cam_t_m2c": [
                56.45993033153508,
                15.132666307477855,
                755.0035164748632
            ],
            "obj_id": 8
        },
        {
            "cam_R_m2c": [
                0.07925640539644957,
                0.9962010719345632,
                0.03609284809644271,
                0.8915233082445305,
                -0.054636942080336245,
                -0.44966744372964995,
                -0.445986933695435,
                0.06781671057724084,
                -0.8924662389401206
            ],
            "cam_t_m2c": [
                -51.415855430953215,
                -64.67673990396545,
                795.3438343568217
            ],
            "obj_id": 9
        },
        {
            "cam_R_m2c": [
                -0.2635727281249562,
                0.9644629977173108,
                0.01847667775816366,
                0.8501137822305191,
                0.24128960237525968,
                -0.4680659073317976,
                -0.455890282900022,
                -0.10766193066376588,
                -0.8835000873800661
            ],
            "cam_t_m2c": [
                -137.8407570086833,
                -12.945996665847304,
                766.9165649837174
            ],
            "obj_id": 10
        }
    ],
    "99": [
        {
            "cam_R_m2c": [
                0.9859582257530951,
                -0.16698862651614294,
                0.0007485424117094087,
                -0.1492483890688946,
                -0.8832072026679578,
                -0.4446011231152062,
                0.07490443673461447,
                0.43824631348453197,
                -0.8957283279903875
            ],
            "cam_t_m2c": [
                -97.32121441941807,
                15.44476706529402,
                755.4663759817204
            ],
            "obj_id": 5
        },
        {
            "cam_R_m2c": [
                -0.7252227902275538,
                0.6884629302655195,
                0.008370899630598947,
                0.6071463021203711,
                0.6452033590741705,
                -0.46377388096783395,
                -0.32469198760118995,
                -0.3312569669358343,
                -0.8859140319054145
            ],
            "cam_t_m2c": [
                38.31500307096515,
                46.09899668976407,
                739.6865777332741
            ],
            "obj_id": 8
        },
        {
            "cam_R_m2c": [
                -0.5055501332295214,
                0.862350497481129,
                0.027749973939180227,
                0.7639311746245384,
                0.4623384215456025,
                -0.45016948404377427,
                -0.4010336802902564,
                -0.2063841340238316,
                -0.8925118045579246
            ],
            "cam_t_m2c": [
                1.736140447027227,
                -72.35948741006438,
                799.5114950364411
            ],
            "obj_id": 9
        },
        {
            "cam_R_m2c": [
                -0.7692465378192875,
                0.6386557634070195,
                0.019441278569826553,
                0.5571625794803069,
                0.6853630342959076,
                -0.4688790853950852,
                -0.31277660597643786,
                -0.3498515897995412,
                -0.8830483545775615
            ],
            "cam_t_m2c": [
                -102.2963979989535,
                -75.18587786701758,
                799.5495140662445
            ],
            "obj_id": 10
        }
    ],
    "106": [
        {
            "cam_R_m2c": [
                0.9054950849653176,
                0.42426079727623583,
                0.008999234420523038,
                0.3792072956321891,
                -0.799453013068989,
                -0.4659146135205786,
                -0.19047542589812683,
                0.42529638337771536,
                -0.8847836176531381
            ],
            "cam_t_m2c": [
                -86.33654509166661,
                -31.125071855461023,
                779.8969534985413
            ],
            "obj_id": 5
        },
        {
            "cam_R_m2c": [
                -0.987197507615006,
                0.15949978777842252,
                -0.000660308170222968,
                0.14335937803758295,
                0.8854747861163705,
                -0.4420206661705394,
                -0.06991729745389563,
                -0.4364570397893332,
                -0.8970043244326267
            ],
            "cam_t_m2c": [
                2.0855353461760124,
                62.754500479858535,
                731.6481199389191
            ],
            "obj_id": 8
        },
        {
            "cam_R_m2c": [
                -0.9019425509584081,
                0.4312507969956256,
                0.02284560333009947,
                0.37798700172716565,
                0.8139186046253265,
                -0.4412052368428849,
                -0.20886453454137185,
                -0.3893071622338405,
                -0.8971151053466897
            ],
            "cam_t_m2c": [
                50.81423935138903,
                -52.569706183497196,
                790.9481528980002
            ],
            "obj_id": 9
        },
        {
            "cam_R_m2c": [
                -0.9954545487959373,
                0.09520137283800331,
                -0.002549388346224216,
                0.08594059234897143,
                0.8864520841228375,
                -0.4547709880537964,
                -0.04103463612295461,
                -0.4529236103366028,
                -0.8906044646324169
            ],
            "cam_t_m2c": [
                -35.93028551028533,
                -109.03258701229157,
                816.6879454681076
            ],
            "obj_id": 10
        }
    ],
    "114": [
        {
            "cam_R_m2c": [
                0.4164904439598915,
                0.9089775963633312,
                0.01719675185236097,
                0.8173811445456064,
                -0.3661058212025671,
                -0.444809061411922,
                -0.39802525050375004,
                0.19931473813324604,
                -0.8954598657078258
            ],
            "cam_t_m2c": [
                -41.473055389133755,
                -67.20851869607341,
                799.8642995476438
            ],
            "obj_id": 5
        },
        {
            "cam_R_m2c": [
                -0.8603378463153005,
                -0.5096059425011973,
                -0.010992919040243947,
                -0.45042747667022337,
                0.7701718095960386,
                -0.451609322021644,
                0.23860909725809767,
                -0.3835846263484985,
                -0.8921476203387138
            ],
            "cam_t_m2c": [
                -41.228201495607934,
                56.43378046861173,
                735.9470675909182
            ],
            "obj_id": 8
        },
        {
            "cam_R_m2c": [
                -0.9623567347107158,
                -0.2717715503138023,
                0.003163334612268929,
                -0.24684986902113373,
                0.869118389825471,
                -0.4286010872958447,
                0.11373226627809019,
                -0.4132475697139899,
                -0.9034878305232197
            ],
            "cam_t_m2c": [
                78.73749302999313,
                -5.647316271555516,
                767.8908995620712
            ],
            "obj_id": 9
        },
        {
            "cam_R_m2c": [
                -0.817488109783541,
                -0.575945522783336,
                -0.00048198551868431136,
                -0.5087624372930114,
                0.7225209116460044,
                -0.46810771079829755,
                0.2699526151366818,
                -0.3824268402077388,
                -0.883670831963487
            ],
            "cam_t_m2c": [
                52.45405603858069,
                -96.38037357130857,
                810.9957461713716
            ],
            "obj_id": 10
        }
    ],
    "138": [
        {
            "cam_R_m2c": [
                -0.9957656671271654,
                -0.08965074721649506,
                0.020312661540731893,
                -0.08922430308111076,
                0.8894932445197121,
                -0.44815247285474297,
                0.022108946143281863,
                -0.448066906792448,
                -0.8937269965825404
            ],
            "cam_t_m2c": [
                80.02930796250457,
                16.710832020122442,
                756.3270179163973
            ],
            "obj_id": 5
        },
        {
            "cam_R_m2c": [
                0.8638868596615412,
                -0.5036628142534114,
                0.004731661303171359,
                -0.4445728762418578,
                -0.7668829307102983,
                -0.4628665072026326,
                0.23675732206914035,
                0.39776028197712127,
                -0.8864160397107472
            ],
            "cam_t_m2c": [
                -40.558375241505956,
                -46.55571139349868,
                786.8917753799053
            ],
            "obj_id": 8
        },
        {
            "cam_R_m2c": [
                0.6941526983876928,
                -0.7194725988442859,
                -0.022590581679349676,
                -0.6433386777260427,
                -0.6060081169432903,
                -0.46783475475190506,
                0.32290413224415554,
                0.33928175817064876,
                -0.8835278738300891
            ],
            "cam_t_m2c": [
                -40.80890567015581,
                78.04844958220872,
                723.9482448357909
            ],
            "obj_id": 9
        },
        {
            "cam_R_m2c": [
                0.9079759467983918,
                -0.4189740965185436,
                -0.006286996408921463,
                -0.3740984715439319,
                -0.8037818491176024,
                -0.46258506263824606,
                0.18875787101515978,
                0.42236761665842487,
                -0.8865532815715376
            ],
            "cam_t_m2c": [
                59.61680631061732,
                101.85997288003743,
                708.8477332245448
            ],
            "obj_id": 10
        }
    ],
    "151": [
        {
            "cam_R_m2c": [
                -0.28085870237967564,
                -0.9597128403974959,
                0.00832403437121326,
                -0.7764251064692229,
                0.22210417719737016,
                -0.589774195537122,
                0.5641651262157711,
                -0.1721066656691581,
                -0.8075252624355584
            ],
            "cam_t_m2c": [
                15.516871803201761,
                63.50685947104685,
                713.4650605440337
            ],
            "obj_id": 5
        },
        {
            "cam_R_m2c": [
                0.7810321890091819,
                0.6242090167105975,
                0.018746981187382918,
                0.5113846597249101,
                -0.6220553318713615,
                -0.59290193265564,
                -0.3584328545123305,
                0.4726628242888153,
                -0.805056389137343
            ],
            "cam_t_m2c": [
                33.54369858338621,
                -46.954181374335,
                796.3213237843632
            ],
            "obj_id": 8
        },
        {
            "cam_R_m2c": [
                0.9307231234212258,
                0.3654846970639263,
                0.013230706957373151,
                0.29271129199221396,
                -0.7227375908326413,
                -0.6260752832957526,
                -0.21925828964721034,
                0.5865758673335285,
                -0.7796503139952693
            ],
            "cam_t_m2c": [
                -95.53635438266755,
                -4.488231677645707,
                762.7632248853952
            ],
            "obj_id": 9
        },
        {
            "cam_R_m2c": [
                0.7420279583299125,
                0.6703114476244358,
                0.008758467760023895,
                0.5337450548453945,
                -0.5828442375860469,
                -0.612705975759712,
                -0.4055988247507444,
                0.4593201818422762,
                -0.7902623724131916
            ],
            "cam_t_m2c": [
                -82.09325750836801,
                77.7242702458579,
                697.7569111225707
            ],
            "obj_id": 10
        }
    ],
    "174": [
        {
            "cam_R_m2c": [
                0.9875396261919348,
                0.15713168157445742,
                0.008664279448036152,
                0.1314098048354288,
                -0.793091465823808,
                -0.5947587138961979,
                -0.08658424942598246,
                0.5884867968752829,
                -0.8038567783744484
            ],
            "cam_t_m2c": [
                -94.25984572710861,
                -17.474722140129035,
                772.5088282189025
            ],
            "obj_id": 5
        },
        {
            "cam_R_m2c": [
                -0.8846329588834824,
                0.4660202540142746,
                0.015798244777417397,
                0.36353055394833916,
                0.7105041644175338,
                -0.602519631701993,
                -0.2920110197642637,
                -0.5272661621403029,
                -0.7979468820090768
            ],
            "cam_t_m2c": [
                22.525549816185116,
                42.0041314936004,
                728.1176302390533
            ],
            "obj_id": 8
        },
        {
            "cam_R_m2c": [
                -0.7335523004199533,
                0.6773709058903495,
                0.05540433705698299,
                0.5279615560370925,
                0.6192847758368523,
                -0.5811570139265346,
                -0.42797002807087764,
                -0.39705831195602687,
                -0.8119024691010464
            ],
            "cam_t_m2c": [
                29.391879467369698,
                -69.7204758486187,
                812.7159805488067
            ],
            "obj_id": 9
        },
        {
            "cam_R_m2c": [
                -0.9317670435543404,
                0.3627373263291447,
                0.01522342883043875,
                0.28273396042828614,
                0.751287599020687,
                -0.5963463582622798,
                -0.22775415745512262,
                -0.5513522691133442,
                -0.8025820742044525
            ],
            "cam_t_m2c": [
                -69.62458483260657,
                -96.68129316673688,
                830.3361823334476
            ],
            "obj_id": 10
        }
    ],
    "179": [
        {
            "cam_R_m2c": [
                0.8276841234719796,
                0.5607237691317009,
                0.022989293820161093,
                0.4557772412193053,
                -0.6477430395497769,
                -0.6104881156546228,
                -0.3274236342252151,
                0.5157688618427095,
                -0.7916916183940109
            ],
            "cam_t_m2c": [
                -79.48766716583268,
                -45.93894288239684,
                794.0990297590939
            ],
            "obj_id": 5
        },
        {
            "cam_R_m2c": [
                -0.9996888805238975,
                0.024953681781561696,
                -0.0003302042547930591,
                0.019997821971895695,
                0.7930910482283334,
                -0.6087744722315876,
                -0.014929341387920268,
                -0.6085910640492771,
                -0.7933431782939284
            ],
            "cam_t_m2c": [
                -5.094377380867233,
                47.256139657261265,
                724.9273869246638
            ],
            "obj_id": 8
        },
