{
    "2": [
        {
            "cam_R_m2c": [
                -0.19478389532902032,
                0.7979049452756614,
                0.5704442905685989,
                0.38195221893981,
                -0.47397227544208237,
                0.7933864727330715,
                0.9034219186998462,
                0.3724218632800779,
                -0.21243963083179637
            ],
            "cam_t_m2c": [
                -85.43215685074175,
                95.26494346430432,
                741.7681485103296
            ],
            "obj_id": 19
        },
        {
            "cam_R_m2c": [
                0.7093114822164585,
                -0.0709571391708461,
                0.7013144854336184,
                -0.7020947434766152,
                -0.1597156607239698,
                0.6939405372606116,
                0.06277121967549419,
                -0.9846092904942793,
                -0.1631070322140612
            ],
            "cam_t_m2c": [
                -100.84088214192418,
                -52.054384564412416,
                780.0367300518618
            ],
            "obj_id": 20
        },
        {
            "cam_R_m2c": [
                -0.2349051777259211,
                0.9633691700294291,
                0.12937990523227627,
                0.7511939776534503,
                0.0954519688794319,
                0.6531432144852598,
                0.6168682043618059,
                0.25061628054609053,
                -0.7460996425981508
            ],
            "cam_t_m2c": [
                -52.37082848508254,
                0.4641856819531053,
                713.7605387991949
            ],
            "obj_id": 20
        },
        {
            "cam_R_m2c": [
                0.9354430481105289,
                0.31383307939866595,
                -0.16264939519446497,
                -0.2418805882484368,
                0.9038617050910837,
                0.35288402263612084,
                0.2577596231998733,
                -0.2907615655718143,
                0.9214214540119405
            ],
            "cam_t_m2c": [
                74.29476201666373,
                30.84882128932974,
                766.0119707920793
            ],
            "obj_id": 21
        },
        {
            "cam_R_m2c": [
                0.13698574995621918,
                -0.97583109972256,
                0.17025958441780897,
                -0.9271156544169038,
                -0.18683164348641979,
                -0.32488432604631473,
                0.34884260291696484,
                -0.11334600845590197,
                -0.9303017269769547
            ],
            "cam_t_m2c": [
                -54.16630533076932,
                30.458315885531917,
                772.8378690514711
            ],
            "obj_id": 21
        },
        {
            "cam_R_m2c": [
                -0.01787866544572893,
                0.9521964027073396,
                -0.3049624182534639,
                -0.9900021761429358,
                0.0258223585194574,
                0.13866676255171978,
                0.13991328576543963,
                0.3043927785806348,
                0.9422148813602212
            ],
            "cam_t_m2c": [
                -8.163908480411585,
                0.6879335964805104,
                724.7521168877399
            ],
            "obj_id": 23
        },
        {
            "cam_R_m2c": [
                0.9812374223637012,
                0.17704034201928037,
                -0.07635208862150829,
                0.16289847456776355,
                -0.9731047793593939,
                -0.1628823626581506,
                -0.10313527295049471,
                0.14738904248527768,
                -0.9836865124884647
            ],
            "cam_t_m2c": [
                -2.4795520853056505,
                91.49790136016739,
                747.2831449311034
            ],
            "obj_id": 28
        },
        {
            "cam_R_m2c": [
                0.9583758738885486,
                0.24695183753738306,
                -0.1432835642216026,
                -0.218398103424731,
                0.9573416612866634,
                0.18920551650868658,
                0.1838962484872769,
                -0.15003757176098118,
                0.9714270666856322
            ],
            "cam_t_m2c": [
                4.108251160496424,
                -43.45239050524559,
                791.7393748145133
            ],
            "obj_id": 28
        }
    ],
    "7": [
        {
            "cam_R_m2c": [
                0.026839883726693138,
                0.9258175391332742,
                0.3770165957599917,
                0.3658914859512001,
                -0.36007822953845986,
                0.858176489144713,
                0.9302702242873809,
                0.1149137107415333,
                -0.3484132126862986
            ],
            "cam_t_m2c": [
                -112.91078607634293,
                59.04338312783596,
                747.5596683498989
            ],
            "obj_id": 19
        },
        {
            "cam_R_m2c": [
                0.988318959358478,
                0.08928711697065142,
                0.12350361774912322,
                -0.10412032461291168,
                -0.19616336521902394,
                0.9750276873514965,
                0.11128428435626299,
                -0.9764975111477777,
                -0.18457527261285284
            ],
            "cam_t_m2c": [
                -66.37503950951483,
                -80.77294072958557,
                783.4949262604109
            ],
            "obj_id": 20
        },
        {
            "cam_R_m2c": [
                -0.3029862834474952,
                0.9113042442966174,
                -0.2787898601002982,
                0.790311158621925,
                0.4037488062199063,
                0.46086337132050226,
                0.5325477661794992,
                -0.08069558570320523,
                -0.842544202547915
            ],
            "cam_t_m2c": [
                -42.316036882086976,
                -8.123033589224132,
                715.6708049786525
            ],
            "obj_id": 20
        },
        {
            "cam_R_m2c": [
                0.99072146346488,
                -0.05545607578870571,
                0.12407866255235196,
                0.0028686449303044416,
                0.9212908283677943,
                0.38886353930177964,
                -0.13587750484960434,
                -0.3848995422106143,
                0.9129015697773125
            ],
            "cam_t_m2c": [
                61.70400956860656,
                64.50461077094677,
                758.3532219002112
            ],
            "obj_id": 21
        },
        {
            "cam_R_m2c": [
                0.3676501116621032,
                -0.9171201059081886,
                0.15402602121016093,
                -0.898437100297453,
                -0.3930412386164485,
                -0.19577853497091458,
                0.24009089206490966,
                -0.06640477876050897,
                -0.9684763179851111
            ],
            "cam_t_m2c": [
                -51.59633869139256,
                16.368067000514927,
                770.1050488219861
            ],
            "obj_id": 21
        },
        {
            "cam_R_m2c": [
                0.577212699557934,
                0.778931520515932,
                -0.2451343535660901,
                -0.7624574911838323,
                0.6215716282209828,
                0.17974264524919295,
                0.2923757142832408,
                0.08315472647597849,
                0.952681132047319
            ],
            "cam_t_m2c": [
                -12.814359480696073,
                12.066982955543216,
                724.5518109839667
            ],
            "obj_id": 23
        },
        {
            "cam_R_m2c": [
                0.7732248224704814,
                0.6299690350925989,
                -0.07254035080419978,
                0.5949782778988087,
                -0.7602935201013007,
                -0.26068122213183376,
                -0.2193730914281413,
                0.1584052339662637,
                -0.9626956143074019
            ],
            "cam_t_m2c": [
                -39.11224932461627,
                91.83236225942083,
                748.6481262803144
            ],
            "obj_id": 28
        },
        {
            "cam_R_m2c": [
                0.9867516237909055,
                -0.15892525531146953,
                -0.03261760233008573,
                0.16185332111101497,
                0.9781535389265246,
                0.13045703497931904,
                0.011172177719300885,
                -0.13400786312624027,
                0.9909170975263389
            ],
            "cam_t_m2c": [
                28.821561120879416,
                -28.0923304520585,
                783.2544260429025
            ],
            "obj_id": 28
        }
    ],
    "20": [
        {
            "cam_R_m2c": [
                0.043034373463668237,
                0.7418556227503431,
                -0.6691772767130503,
                0.21545984385196068,
                0.6471445856867221,
                0.7312864703107655,
                0.9755641285235888,
                -0.17565145776120916,
                -0.13199074505392008
            ],
            "cam_t_m2c": [
                -96.72142346233257,
                -36.35747963541936,
                780.7629457790335
            ],
            "obj_id": 19
        },
        {
            "cam_R_m2c": [
                0.4998888790319641,
                -0.041464733197383016,
                -0.8650964121224889,
                0.8311519539293452,
                -0.2578699187595338,
                0.49263417099082596,
                -0.24350952673355905,
                -0.9652895961496853,
                -0.0944429111434932
            ],
            "cam_t_m2c": [
                49.78784362809917,
                -62.24981538021129,
                779.589831604926
            ],
            "obj_id": 20
        },
        {
            "cam_R_m2c": [
                -0.6441294266739708,
                -0.16481092006621118,
                -0.746950240675908,
                -0.11562711409533735,
                0.986269572529414,
                -0.11790509508138385,
                0.7561268977001179,
                0.010421406155873478,
                -0.6543422988261575
            ],
            "cam_t_m2c": [
                -15.317121705990706,
                -20.191680194218286,
                724.3942394641568
            ],
            "obj_id": 20
        },
        {
            "cam_R_m2c": [
                0.40424211301485874,
                -0.9019956234747429,
                -0.1516319121543215,
                0.9048586636312282,
                0.3701860392227075,
                0.21021894480594483,
                -0.1334848277182625,
                -0.22218491498876158,
                0.9658239926893513
            ],
            "cam_t_m2c": [
                -35.05481458180336,
                115.633463768973,
                746.0660937874819
            ],
            "obj_id": 21
        },
        {
            "cam_R_m2c": [
                0.9978909122109297,
                -0.055793813832829345,
                -0.03317788940539243,
                -0.05934597302199026,
                -0.9912351278882833,
                -0.11802511754310284,
                -0.026302094692618364,
                0.11974546043687506,
                -0.9924563163087072
            ],
            "cam_t_m2c": [
                -28.87650036995658,
                -8.842546850718215,
                781.9331770579576
            ],
            "obj_id": 21
        },
        {
            "cam_R_m2c": [
                0.9952121038250227,
                -0.05351214588036502,
                0.08178843358307962,
                0.038019157283400426,
                0.9828516648050398,
                0.18043298395953627,
                -0.0900413057102956,
                -0.1764595058232218,
                0.9801810778353824
            ],
            "cam_t_m2c": [
                -17.594642385078178,
                17.82513370666323,
                722.9674923985549
            ],
            "obj_id": 23
        },
        {
            "cam_R_m2c": [
                -0.13589490306067006,
                0.9779932102225602,
                0.15830948769113576,
                0.9178499811242049,
                0.18443183492984544,
                -0.35147575722974406,
                -0.3729383944506866,
                0.09754059786893676,
                -0.922715080659816
            ],
            "cam_t_m2c": [
                -98.40198730861327,
                41.412496134773136,
                761.4807591018247
            ],
            "obj_id": 28
        },
        {
            "cam_R_m2c": [
                0.13837459662794738,
                -0.9799433245165019,
                0.143400025358055,
                0.9565101960019573,
                0.16977620761046977,
                0.23719860900508805,
                -0.2567873678401798,
                0.10434137092134849,
                0.9608191717247333
            ],
            "cam_t_m2c": [
                43.795680570091136,
                49.43530474570106,
                765.7059976297679
            ],
            "obj_id": 28
        }
    ],
    "25": [
        {
            "cam_R_m2c": [
                -0.1701376596393529,
                0.31256019059886964,
                -0.9345368228886227,
                0.1635009054244874,
                0.9441729700838373,
                0.28601655764710615,
                0.9717616518388426,
                -0.10413554024241013,
                -0.21174308917787643
            ],
            "cam_t_m2c": [
                -66.37408289869738,
                -65.06268272881334,
                783.7290128448477
            ],
            "obj_id": 19
        },
        {
            "cam_R_m2c": [
                0.11580305624864505,
                0.0012817194547240683,
                -0.9932712082528599,
                0.9778883467641075,
                -0.17546637714310423,
                0.1137831418637374,
                -0.1741399556231006,
                -0.9844846257016083,
                -0.021572862357448076
            ],
            "cam_t_m2c": [
                72.22530467399088,
                -20.93247634550874,
                768.2875049001793
            ],
            "obj_id": 20
        },
        {
            "cam_R_m2c": [
                -0.5091991934279578,
                -0.3582502612891346,
                -0.7825424382353328,
                -0.27651994298622706,
                0.9291396183657025,
                -0.24543207583098614,
                0.8150172422408395,
                0.09141470746603106,
                -0.5721803426796745
            ],
            "cam_t_m2c": [
                -7.198804004213763,
                -19.0682164065164,
                723.4206285471769
            ],
            "obj_id": 20
        },
        {
            "cam_R_m2c": [
                0.020541444966494387,
                -0.9997656809978628,
                0.006811548937149298,
                0.9123980858717289,
                0.02153091740044099,
                0.40873791248171437,
                -0.40878894044360414,
                -0.002181065842075118,
                0.9126264344675025
            ],
            "cam_t_m2c": [
                -74.15644562618054,
                99.93434772903659,
                750.9210203229533
            ],
            "obj_id": 21
        },
        {
            "cam_R_m2c": [
                0.8786891590442841,
                0.47676996024862944,
                -0.024402223142765724,
                0.4731406169652472,
                -0.8765300135795916,
                -0.08850845913768803,
                -0.06358754017387167,
                0.06622574735798202,
                -0.9957765092950592
            ],
            "cam_t_m2c": [
                -20.34129014505414,
                -9.412990168954419,
                777.9158480891363
            ],
            "obj_id": 21
        },
        {
            "cam_R_m2c": [
                0.931113102952852,
                -0.3602306660947345,
                0.05711404403564776,
                0.3418839623319351,
                0.916572194235972,
                0.20739165854121924,
                -0.12705819291880263,
                -0.17357882678418635,
                0.9765893574444982
            ],
            "cam_t_m2c": [
                -26.95124458381017,
                24.286536999343607,
                722.4025838837534
            ],
            "obj_id": 23
        },
        {
            "cam_R_m2c": [
                -0.40848233793388244,
                0.9105750116710247,
                -0.06320669048076806,
                0.9032175837795737,
                0.39324898791925755,
                -0.17191221450328464,
                -0.13168303543064655,
                -0.12731259399087366,
                -0.9830824897479098
            ],
            "cam_t_m2c": [
                -102.2108977875298,
                9.546816454630285,
                772.3035676513466
            ],
            "obj_id": 28
        },
        {
            "cam_R_m2c": [
                -0.16768640893816722,
                -0.9811658123206651,
                0.09588872478694825,
                0.9759952807979608,
                -0.15151287462670243,
                0.15645345604418065,
                -0.13897847522892987,
                0.11982212155928865,
                0.9830197125754574
            ],
            "cam_t_m2c": [
                24.084528140195903,
                75.67213414022942,
                757.6803008002411
            ],
            "obj_id": 28
        }
    ],
    "32": [
        {
            "cam_R_m2c": [
                -0.11719998206110467,
                -0.30955549663980936,
                -0.9436306600345984,
                0.3310842267766314,
                0.883642139543521,
                -0.33099716214051955,
                0.9362941785008989,
                -0.35121465183851214,
                -0.0010735297866920981
            ],
            "cam_t_m2c": [
                -9.603740823387655,
                -72.04966176991978,
                794.3878349601798
            ],
            "obj_id": 19
        },
        {
            "cam_R_m2c": [
                -0.4963829483216113,
                0.04125719338912768,
                -0.8671223265295841,
                0.8144981850656242,
                -0.3234323544927554,
                -0.4816466563117876,
                -0.3003273249940357,
                -0.9453511021620102,
                0.12694279178600718
            ],
            "cam_t_m2c": [
                80.2791113118706,
                41.34358056138317,
                749.6235210433088
            ],
            "obj_id": 20
        },
        {
            "cam_R_m2c": [
                -0.21706850858306226,
                -0.9257803871109658,
                -0.30953396619150736,
                -0.4624642274864822,
                0.37678226169804657,
                -0.8025966067639406,
                0.8596557805840627,
                -0.031070131718485067,
                -0.5099276173324856
            ],
            "cam_t_m2c": [
                3.9459057203834447,
                -2.787266087071382,
                720.7254930130259
            ],
            "obj_id": 20
        },
        {
            "cam_R_m2c": [
                -0.7097300101047737,
                -0.6985176007441684,
                0.09140952186488147,
                0.7011473616548982,
                -0.6878127566227474,
                0.1878974929651367,
                -0.06837733003930278,
                0.19744855404871745,
                0.977925450124555
            ],
            "cam_t_m2c": [
                -112.2653722576473,
                59.52554689907453,
                762.6580872009408
            ],
            "obj_id": 21
        },
        {
            "cam_R_m2c": [
                0.5584867642409823,
                0.8186154315132785,
                -0.13401642664346328,
                0.7941199582504608,
                -0.5743231437376105,
                -0.19881144328904501,
                -0.23971944924755803,
                0.0046084912222560045,
                -0.9708310614694861
            ],
            "cam_t_m2c": [
                2.1701978847902863,
                -0.2655306458118848,
                779.1015600149577
            ],
            "obj_id": 21
        },
        {
            "cam_R_m2c": [
                0.41180990589238664,
                -0.8755837812007919,
                0.25251709801355365,
                0.8255205099277715,
                0.4758009931661792,
                0.30352686404270734,
                -0.38591171285411985,
                0.08346260857423948,
                0.9187523709024621
            ],
            "cam_t_m2c": [
                -30.501500905292392,
                20.02327564997807,
                721.0221628178264
            ],
            "obj_id": 23
        },
        {
            "cam_R_m2c": [
                -0.8375957074962967,
                0.5462621096333393,
                0.005503334241095679,
                0.5052179739450896,
                0.7784149894586451,
                -0.3725913870064279,
                -0.20781655733256327,
                -0.3093012309329494,
                -0.9279788342781667
            ],
            "cam_t_m2c": [
                -81.46434126266571,
                -32.07445151690779,
                783.8587413988165
            ],
            "obj_id": 28
        },
        {
            "cam_R_m2c": [
                -0.721102424213011,
                -0.6889881271427754,
                0.07284100625636561,
                0.647227408909829,
                -0.6323948708940249,
                0.4256439143218593,
                -0.2471996540240167,
                0.35407813585626896,
                0.9019538714243265
            ],
            "cam_t_m2c": [
                -18.406946890313357,
                91.05255149541904,
                750.4810378169773
            ],
            "obj_id": 28
        }
    ],
    "40": [
        {
            "cam_R_m2c": [
                0.1432118240579426,
                -0.8000175817523109,
                -0.5826334224091896,
                0.14815794924376605,
                0.5993980081845148,
                -0.7866202716739314,
                0.9785394960376089,
                0.02633160297465423,
                0.20436952537005879
            ],
            "cam_t_m2c": [
                49.5726574784318,
                -41.841602524304434,
                785.7184058686566
            ],
            "obj_id": 19
        },
        {
            "cam_R_m2c": [
                -0.849322599380427,
                -0.14895476942143335,
                -0.5064218146287144,
                0.527723674089468,
                -0.21672675665316826,
                -0.82130231698953,
                0.012581764574435909,
                -0.9648015134323017,
                0.2626775748960868
            ],
            "cam_t_m2c": [
                41.50772092435284,
                97.40317675297759,
                737.0323964244504
            ],
            "obj_id": 20
        },
        {
            "cam_R_m2c": [
                0.4042687958448808,
                -0.9141138935322547,
                -0.031015329243160965,
                -0.46021578704348204,
                -0.17399298661278575,
                -0.8705906948295485,
                0.7904225349913541,
                0.3662262313716434,
                -0.49102987449360963
            ],
            "cam_t_m2c": [
                1.6482902069625536,
                15.29213459375331,
                715.5977953083797
            ],
            "obj_id": 20
        },
        {
            "cam_R_m2c": [
                -0.9940051817129352,
                -0.10614790700370173,
                0.026186177599718453,
                0.10719755628012334,
                -0.8991725638259178,
                0.4242614786067557,
                -0.021488606183765416,
                0.42452499774165353,
                0.9051609991343453
            ],
            "cam_t_m2c": [
                -113.22129389513408,
                -4.947279064020352,
                779.0606500236972
            ],
            "obj_id": 21
        },
        {
            "cam_R_m2c": [
                -0.33695031129183445,
                0.9380217770047298,
                0.08111100219724209,
                0.8754746272270488,
                0.34384607860837996,
                -0.3395797920150818,
                -0.3464227003822835,
                -0.04341079923856397,
                -0.9370733921334863
            ],
            "cam_t_m2c": [
                6.948747450656106,
                21.755253477208036,
                774.8795967797018
            ],
            "obj_id": 21
        },
        {
            "cam_R_m2c": [
                -0.3292701536988453,
                -0.933491312091696,
                0.14203697706366278,
                0.893672018704351,
                -0.25952693194642584,
                0.3660552646746015,
                -0.30484673855577027,
                0.24746546856546311,
                0.9196896479681983
            ],
            "cam_t_m2c": [
                -39.296111578017154,
                9.005210041522055,
                721.2224697965929
            ],
            "obj_id": 23
        },
        {
            "cam_R_m2c": [
                -0.977141687967973,
                -0.16255471821118672,
                0.1370017724947985,
                -0.20104006653590897,
                0.9160935147463154,
                -0.34692347517922184,
                -0.06911246456925031,
                -0.3665359775314394,
                -0.9278332738267216
            ],
            "cam_t_m2c": [
                -30.334434883568328,
                -53.54251000472752,
                795.7716885827859
            ],
            "obj_id": 28
        },
        {
            "cam_R_m2c": [
                -0.9844392324278699,
                -0.09039647348128617,
                0.15068958531204196,
                0.1349583522999017,
                -0.9381308461435494,
                0.3188997626852294,
                0.11253903661074331,
                0.3342740228720043,
                0.9357326252519431
            ],
            "cam_t_m2c": [
                -59.11418165340436,
                77.24089378981904,
                753.6782757237291
            ],
            "obj_id": 28
        }
    ],
    "55": [
        {
            "cam_R_m2c": [
                -0.030753675888167686,
                -0.7132234980365153,
                0.7002613692188427,
                0.17046810802051657,
                -0.6940711776794658,
                -0.6994321941338599,
                0.9848827409334355,
                0.0978621457530591,
                0.1429272845045376
            ],
            "cam_t_m2c": [
                56.32976772966633,
                67.44374073636666,
                747.0071298462647
            ],
            "obj_id": 19
        },
        {
            "cam_R_m2c": [
                -0.7441349359110732,
                0.019847852791492034,
                0.667734072368902,
                -0.6074493431702226,
                -0.43602685233232047,
                -0.6639919555972112,
                0.27797130892902844,
                -0.8997142981635244,
                0.336519637601139
            ],
            "cam_t_m2c": [
                -86.11357185010941,
                103.48650042386613,
                730.599249585436
            ],
            "obj_id": 20
        },
        {
            "cam_R_m2c": [
                0.7837933496336703,
                -0.10733345801674286,
                0.6116756227503815,
                0.2549550535721938,
                -0.8425049544947165,
                -0.47453431056845796,
                0.5662731748405921,
                0.5278868636491334,
                -0.6329845306588838
            ],
            "cam_t_m2c": [
                -28.230384455541298,
                30.709984892639792,
                708.6305444569875
            ],
            "obj_id": 20
        },
        {
            "cam_R_m2c": [
                -0.49423696615099,
                0.8573039491104221,
                -0.14408077951306142,
                -0.8390771074851257,
                -0.42710068970732346,
                0.336948210368622,
                0.22733017834415953,
                0.28742738048128946,
                0.9304331286874207
            ],
            "cam_t_m2c": [
                -23.756727840327414,
                -72.9627526527393,
                801.3241743187189
            ],
            "obj_id": 21
        },
        {
            "cam_R_m2c": [
                -0.9829529903981238,
                0.0979779857360752,
                -0.15557407032297205,
                0.14562577313817393,
                0.9314368601805948,
                -0.3334936339249358,
                0.11223234819446572,
                -0.3504643934475171,
                -0.9298267966569884
            ],
            "cam_t_m2c": [
                -15.303557335369508,
                49.49837049404599,
                761.9730362340972
            ],
            "obj_id": 21
        },
        {
            "cam_R_m2c": [
                -0.9953265645890271,
                0.03544119697900246,
                -0.08982471814973618,
                -0.08034042892300947,
                -0.8200021632571546,
                0.5666933498601322,
                -0.053572273576702086,
                0.5712617534066445,
                0.8190172923934954
            ],
            "cam_t_m2c": [
                -24.70615294449266,
                -7.134128990261353,
                727.2962496870011
            ],
            "obj_id": 23
        },
        {
            "cam_R_m2c": [
                0.08393122301824246,
                -0.9960616888778099,
                0.028569148906708003,
                -0.987794922654183,
                -0.08694139457515514,
                -0.12923599700976118,
                0.13121102090403397,
                -0.017373610037054378,
                -0.9912018129551173
            ],
            "cam_t_m2c": [
                48.549347467886165,
                -0.7044216198509763,
                777.0926950616056
            ],
            "obj_id": 28
        },
        {
            "cam_R_m2c": [
                -0.2632879294239987,
                0.9479983970446644,
                -0.17882398152348666,
                -0.9327240289654624,
                -0.20280392972520223,
                0.2981542278964114,
                0.24638370128890127,
                0.24529403693993712,
                0.9376167697128522
            ],
            "cam_t_m2c": [
                -93.9281921291968,
                1.2021784388271115,
                772.7786769179046
            ],
            "obj_id": 28
        }
    ],
    "60": [
        {
            "cam_R_m2c": [
                0.09173250321818244,
                -0.48115566526627895,
                0.871822383439344,
                0.32720527989156967,
                -0.8123342356537611,
                -0.4827524648236659,
                0.9404900298522502,
                0.32954892152199083,
                0.08291894301902797
            ],
            "cam_t_m2c": [
                29.963894265509904,
                95.85413476587709,
                737.5915040189689
            ],
            "obj_id": 19
        },
        {
            "cam_R_m2c": [
                -0.35633095417805444,
                0.07417965894418829,
                0.9314104974111259,
                -0.9298232822957703,
                -0.12626463157477705,
                -0.3456675645193565,
                0.09196259409107804,
                -0.989219013620545,
                0.11396569875779507
            ],
            "cam_t_m2c": [
                -116.99304089461108,
                66.93556631026624,
                738.3402305771615
            ],
            "obj_id": 20
        },
        {
            "cam_R_m2c": [
                0.6683606271606215,
                0.3669806505123449,
                0.6470077772447744,
                0.4820792889620465,
                -0.8761270629850948,
                -0.0010524907350009812,
                0.56647456880534,
                0.31261224030542284,
                -0.7624826376501963
            ],
            "cam_t_m2c": [
                -32.021252881119494,
                25.872379940418913,
                706.8259751120033
            ],
            "obj_id": 20
        },
        {
            "cam_R_m2c": [
                -0.004291072563394904,
                0.9848952950498521,
                0.17309711373292863,
                -0.9601241616022571,
                -0.052446371402599216,
                0.27461094415255743,
                0.27954124817750164,
                -0.1650165945560617,
                0.9458466323359347
            ],
            "cam_t_m2c": [
                20.00252594829751,
                -58.9095007352813,
                795.4935151991509
            ],
            "obj_id": 21
        },
        {
            "cam_R_m2c": [
                -0.895334304398384,
                -0.4197931187767794,
                0.14882911602170573,
                -0.44286360506944583,
                0.8035010584667593,
                -0.3978166678582055,
                0.04741654382026561,
                -0.4220897002189457,
                -0.905312894545727
            ],
            "cam_t_m2c": [
                -22.540109842713974,
                54.71107604408669,
                764.3496621551313
            ],
            "obj_id": 21
        },
        {
            "cam_R_m2c": [
                -0.959573133787603,
                0.27824345097878106,
                -0.0424245979816126,
                -0.24188660770353987,
                -0.7381680630861007,
                0.6297610401273014,
                0.14391061252872364,
                0.6145634986502518,
                0.775629400999716
            ],
            "cam_t_m2c": [
                -20.23548933578637,
                -2.5567931618628172,
                725.6688068309383
            ],
            "obj_id": 23
        },
        {
            "cam_R_m2c": [
                0.4826044133412369,
                -0.8757245986857366,
                0.014115364555674003,
                -0.7860051045344558,
                -0.4401581253484487,
                -0.43411637273710674,
                0.3863792011054126,
                0.19841194088116182,
                -0.900746002477038
            ],
            "cam_t_m2c": [
                57.24791189822783,
                32.482807690336266,
                770.4331877900898
            ],
            "obj_id": 28
        },
        {
            "cam_R_m2c": [
                0.18250677858553196,
                0.9682079795254791,
                -0.1710686510485932,
                -0.9448539893126051,
                0.22083333191746163,
                0.2418342407398989,
                0.2719233069196772,
                0.1174982938863295,
                0.9551184963496311
            ],
            "cam_t_m2c": [
                -78.94377357695109,
                -27.67641228510565,
                782.2560144655323
            ],
            "obj_id": 28
        }
    ],
    "69": [
        {
            "cam_R_m2c": [
                0.0802225383914604,
                0.44451432413237296,
                0.8921722019898153,
                0.45766611163350457,
                -0.8115594320875367,
                0.36319699215357315,
                0.8854973778214555,
                0.3791809933355276,
                -0.26854464089855845
            ],
            "cam_t_m2c": [
                -42.32474350775951,
                108.39264683147765,
                733.0351461028598
            ],
            "obj_id": 19
        },
        {
            "cam_R_m2c": [
                0.35674177953071184,
                -0.09096348078533231,
                0.9297638141910471,
                -0.926664019091068,
                -0.16063850536821866,
                0.33983585541395156,
                0.11844381182817149,
                -0.9828125638766843,
                -0.14159928944118674
            ],
            "cam_t_m2c": [
                -128.21710428906607,
                -13.204986363376566,
                768.2678686019862
            ],
            "obj_id": 20
        },
        {
            "cam_R_m2c": [
                0.03183647482391014,
                0.9499144195562255,
                0.31088425205554404,
                0.8436296274948878,
                -0.1923359077619167,
                0.5012933641581663,
                0.5359797760437603,
                0.24631212941107097,
                -0.807499793975287
            ],
            "cam_t_m2c": [
                -51.10436792230606,
                14.184418313595035,
                710.898409408507
            ],
            "obj_id": 20
        },
        {
            "cam_R_m2c": [
                0.742970767392242,
                0.6692483464852249,
                -0.010049658456234971,
                -0.6627053614461575,
                0.7376469594359367,
                0.1292201767106059,
                0.09389400386885584,
                -0.08934729471967172,
                0.9915648024416772
            ],
            "cam_t_m2c": [
                68.39131745154504,
                -6.14160002854063,
                781.0727144600219
            ],
            "obj_id": 21
        },
        {
            "cam_R_m2c": [
                -0.35923012146294625,
                -0.9245932255657892,
                -0.1268108424926912,
                -0.8558322047045062,
                0.3805622330161884,
                -0.350318018815457,
                0.37216158567997676,
                -0.01731628711054155,
                -0.9280064072498112
            ],
            "cam_t_m2c": [
                -48.55424291557077,
                41.4396854990817,
                769.2452378940994
            ],
            "obj_id": 21
        },
        {
            "cam_R_m2c": [
                -0.2655292663555991,
                0.9441427968560064,
                -0.19516293380290037,
                -0.8973503636996001,
                -0.16801510543951598,
                0.40808362651700647,
                0.3524994111328557,
                0.2834880831435365,
                0.8918400550068235
            ],
            "cam_t_m2c": [
                -11.714608589231563,
                2.7089340645486115,
                724.7555488589877
            ],
            "obj_id": 23
        },
        {
            "cam_R_m2c": [
                0.9774237482215739,
                -0.19405321528886255,
                -0.08358314970105812,
                -0.21058524624687483,
