{
    "2": [
        {
            "cam_R_m2c": [
                -0.21055432179842035,
                0.9753031844074093,
                0.06671204442966248,
                -0.04101343909526788,
                -0.07699481044456978,
                0.9961872864040434,
                0.9767211485400984,
                0.2070158483823843,
                0.05621186743962282
            ],
            "cam_t_m2c": [
                -75.13029241085343,
                85.60886926251635,
                752.1620914934791
            ],
            "obj_id": 19
        },
        {
            "cam_R_m2c": [
                0.5345197231696844,
                -0.4220676273616563,
                0.7322206884286347,
                -0.7207678048775474,
                0.22477197220367579,
                0.6557219279247135,
                -0.4413416710846122,
                -0.8782573320231519,
                -0.18406791509124812
            ],
            "cam_t_m2c": [
                -111.2180779493094,
                -59.20944555223242,
                788.3830984896051
            ],
            "obj_id": 20
        },
        {
            "cam_R_m2c": [
                -0.04338319546196263,
                0.6824283946412079,
                0.7296635690931068,
                0.8962053179523011,
                -0.2961803181002425,
                0.3302920367257502,
                0.44151233568649223,
                0.6682577807690465,
                -0.5987471432959025
            ],
            "cam_t_m2c": [
                -42.189879084077155,
                15.017048404392032,
                718.1673527007783
            ],
            "obj_id": 20
        },
        {
            "cam_R_m2c": [
                0.9927769610103154,
                -0.08118008797076942,
                0.08833859486772533,
                0.09939740989847769,
                0.9688803577294651,
                -0.22669491638941694,
                -0.06718630198533404,
                0.23383780146046615,
                0.9699511135322466
            ],
            "cam_t_m2c": [
                79.00562375845041,
                44.370831247872346,
                767.7720967571144
            ],
            "obj_id": 21
        },
        {
            "cam_R_m2c": [
                -0.27293335102481414,
                -0.8552868183718663,
                0.4404445496769901,
                -0.7419928838630192,
                -0.10425752050922452,
                -0.6622507748211182,
                0.612334581875661,
                -0.5075574288325037,
                -0.6061616653349663
            ],
            "cam_t_m2c": [
                -37.911965021241144,
                33.07211239605297,
                768.9694200495439
            ],
            "obj_id": 21
        },
        {
            "cam_R_m2c": [
                0.13267392497054348,
                0.9031674460980674,
                0.4082719801446457,
                -0.9215548839718221,
                -0.03923232640661582,
                0.38626011758990836,
                0.3648751957041518,
                -0.42749167951407413,
                0.8271133791859684
            ],
            "cam_t_m2c": [
                -23.714178338880735,
                12.091196715613833,
                726.9416197379167
            ],
            "obj_id": 23
        },
        {
            "cam_R_m2c": [
                0.9401042361303008,
                0.09842219623373512,
                -0.32636920574843337,
                -0.19072728325573415,
                -0.6416642619816976,
                -0.7428925447980822,
                -0.28253637858121666,
                0.7606443126344514,
                -0.5844598093763612
            ],
            "cam_t_m2c": [
                7.725019943451052,
                104.84649395298914,
                745.7296504861073
            ],
            "obj_id": 28
        },
        {
            "cam_R_m2c": [
                0.8828872910510134,
                -0.4626035995125272,
                -0.08067162435605597,
                0.4691405842862982,
                0.8614672827024655,
                0.19437214624569027,
                -0.020421089955407687,
                -0.2094554128911773,
                0.9776047314382312
            ],
            "cam_t_m2c": [
                -0.4193019269094522,
                -41.65588232964411,
                773.1364296523451
            ],
            "obj_id": 28
        }
    ],
    "7": [
        {
            "cam_R_m2c": [
                0.4192156141280105,
                0.6783557511538848,
                0.6034003938231198,
                0.04972191053523568,
                -0.6807773378516989,
                0.7308005259263287,
                0.9065239376484963,
                -0.2763608134572176,
                -0.3191217993392055
            ],
            "cam_t_m2c": [
                -122.21153783606937,
                69.00924718813724,
                755.9771247968995
            ],
            "obj_id": 19
        },
        {
            "cam_R_m2c": [
                0.992615274206424,
                -0.12127451432778534,
                0.002651790038915977,
                0.037501400492808715,
                0.3275837258556042,
                0.944077646021672,
                -0.11536100616236118,
                -0.9370064242671484,
                0.3297128026798571
            ],
            "cam_t_m2c": [
                -62.96510619460858,
                -77.84223715740241,
                769.158007930579
            ],
            "obj_id": 20
        },
        {
            "cam_R_m2c": [
                -0.41740387729105216,
                0.8174180565951145,
                0.396990922777495,
                0.9086353533265654,
                0.38142240233498803,
                0.169995823269833,
                -0.012463409242001506,
                0.4316769318579397,
                -0.901941901493566
            ],
            "cam_t_m2c": [
                -32.94056973817844,
                0.32971634558849594,
                713.2624700232595
            ],
            "obj_id": 20
        },
        {
            "cam_R_m2c": [
                0.9518429759441759,
                -0.27293341062726284,
                0.13964950544441182,
                0.0464250945338093,
                0.5785592717628459,
                0.8143179448204768,
                -0.3030504963882184,
                -0.7686197673694418,
                0.5633683902860142
            ],
            "cam_t_m2c": [
                71.33869598644338,
                62.08518906094233,
                748.9185381549705
            ],
            "obj_id": 21
        },
        {
            "cam_R_m2c": [
                0.5355094282456786,
                -0.691163650730718,
                -0.48530627341330207,
                -0.7611966073016633,
                -0.6439198395060088,
                0.07711738285659134,
                -0.3657989086110025,
                0.3281163616090687,
                -0.8709364837404802
            ],
            "cam_t_m2c": [
                -58.434082376534874,
                31.45453691663096,
                767.0858485405831
            ],
            "obj_id": 21
        },
        {
            "cam_R_m2c": [
                0.03285850136894945,
                0.7229058858910172,
                -0.6901647364372829,
                -0.7473638328270452,
                0.47626178154816223,
                0.4632730723396848,
                0.6636016161567059,
                0.5005817683241514,
                0.5559229318905707
            ],
            "cam_t_m2c": [
                5.9937937228798805,
                14.266765315982417,
                724.8400689908957
            ],
            "obj_id": 23
        },
        {
            "cam_R_m2c": [
                0.9413191332789115,
                0.10283577954128591,
                0.32147037100863884,
                0.309155843992886,
                -0.64487721793746,
                -0.698967726269991,
                0.13542999648070767,
                0.7573358675401629,
                -0.6388274932015495
            ],
            "cam_t_m2c": [
                -44.99677042004561,
                107.67544273763788,
                755.9141427373099
            ],
            "obj_id": 28
        },
        {
            "cam_R_m2c": [
                0.6268470138745499,
                -0.7362141113367338,
                0.25505098687544436,
                0.6979041191626253,
                0.6760884489395708,
                0.2362935853099585,
                -0.3463996879560455,
                0.0298811202786926,
                0.9376107805281518
            ],
            "cam_t_m2c": [
                17.27928636288762,
                -16.130364817648246,
                788.0120601118208
            ],
            "obj_id": 28
        }
    ],
    "20": [
        {
            "cam_R_m2c": [
                0.410403636943308,
                0.6101129088967153,
                -0.6777396941248611,
                0.6191226097043611,
                0.35924346158090065,
                0.6983055581662241,
                0.6695194690303471,
                -0.7061909714181686,
                -0.23029967553224914
            ],
            "cam_t_m2c": [
                -106.30076558053355,
                -32.56823626821789,
                766.1650599076761
            ],
            "obj_id": 19
        },
        {
            "cam_R_m2c": [
                0.6957579078378197,
                -0.4732290623353512,
                -0.5403471663617863,
                0.24593783780144354,
                -0.5498564297732005,
                0.7982304444874223,
                -0.6748591446584203,
                -0.6882676693941646,
                -0.2661818728961075
            ],
            "cam_t_m2c": [
                61.11953279698548,
                -53.4930436398986,
                788.873690167195
            ],
            "obj_id": 20
        },
        {
            "cam_R_m2c": [
                -0.0489474215371255,
                -0.032457424408034126,
                -0.9982738995175595,
                0.037143256311814005,
                0.998720816800417,
                -0.03429303026603667,
                0.9981105959172966,
                -0.0387577149351527,
                -0.04767942053156111
            ],
            "cam_t_m2c": [
                -29.578821930311737,
                -19.963925773393477,
                734.3153666915764
            ],
            "obj_id": 20
        },
        {
            "cam_R_m2c": [
                -0.13318940348503483,
                -0.9893589425229455,
                -0.05856033183912741,
                0.9652102039630877,
                -0.11607057103939147,
                -0.23429956980188726,
                0.22500873600600357,
                -0.08772941490753056,
                0.9703992093560477
            ],
            "cam_t_m2c": [
                -27.74487369248373,
                115.91311804265794,
                759.4968647611917
            ],
            "obj_id": 21
        },
        {
            "cam_R_m2c": [
                0.779284831322709,
                0.2247417209208979,
                0.5849840761733791,
                0.48376312404719074,
                -0.8091299568610334,
                -0.3335880859309469,
                0.39835713732120664,
                0.5429538428858648,
                -0.7392650810406329
            ],
            "cam_t_m2c": [
                -24.565029061138702,
                -3.0139666360477637,
                767.0690884377095
            ],
            "obj_id": 21
        },
        {
            "cam_R_m2c": [
                0.7802796460328666,
                -0.5727510053575516,
                0.2512364147280399,
                0.49288744606293217,
                0.8104035335785854,
                0.31671322257540696,
                -0.38500086253769233,
                -0.12329355452492939,
                0.9146438396859999
            ],
            "cam_t_m2c": [
                -10.634518246349618,
                7.4305145467286735,
                721.6556696710287
            ],
            "obj_id": 23
        },
        {
            "cam_R_m2c": [
                -0.4993009069742224,
                0.7162819834764329,
                0.4874818269911392,
                0.7773240769121484,
                0.6188444411603669,
                -0.11312831752107859,
                -0.3827073847346343,
                0.3224463784904841,
                -0.8657734542122053
            ],
            "cam_t_m2c": [
                -100.76316363261706,
                50.35016428792579,
                752.6962884453679
            ],
            "obj_id": 28
        },
        {
            "cam_R_m2c": [
                0.7162635021007866,
                -0.635047153799045,
                0.28927701781352744,
                0.6250605862200679,
                0.7681619581048533,
                0.13865745912392338,
                -0.31026584640027555,
                0.08150043063103225,
                0.9471500114209215
            ],
            "cam_t_m2c": [
                54.50438674130896,
                54.68592939485325,
                770.479379308975
            ],
            "obj_id": 28
        }
    ],
    "25": [
        {
            "cam_R_m2c": [
                -0.34639502082915924,
                -0.17926513366383212,
                -0.9208009116797387,
                0.5132976093630816,
                0.7853740892101265,
                -0.34599624933721407,
                0.7851981476376846,
                -0.5924966099274893,
                -0.18003321052515375
            ],
            "cam_t_m2c": [
                -61.79954436179932,
                -52.59624759757044,
                777.9453223014424
            ],
            "obj_id": 19
        },
        {
            "cam_R_m2c": [
                0.6636131788550019,
                -0.412498014324761,
                -0.6240697404560581,
                0.6300552358191649,
                -0.14155181218553783,
                0.7635402077767772,
                -0.40329720974090255,
                -0.8998936288253416,
                0.16596082387743508
            ],
            "cam_t_m2c": [
                84.5721643267984,
                -14.671454021329197,
                780.852592229335
            ],
            "obj_id": 20
        },
        {
            "cam_R_m2c": [
                -0.2635207655952215,
                -0.05010602965041529,
                -0.96335148661434,
                -0.4497927680493859,
                0.8898288654571676,
                0.0767565892678605,
                0.8533718266484029,
                0.45353534025859354,
                -0.2570257871828085
            ],
            "cam_t_m2c": [
                -18.19272633486252,
                -11.48772025260547,
                709.6943230081088
            ],
            "obj_id": 20
        },
        {
            "cam_R_m2c": [
                -0.34820788568253214,
                -0.9154666993560815,
                -0.20167229097388994,
                0.5446310071710763,
                -0.37266981596714865,
                0.7513285330553017,
                -0.7629737546397192,
                0.15178170176449476,
                0.6283580266520119
            ],
            "cam_t_m2c": [
                -59.78440251938166,
                105.82707531010426,
                738.5274248421706
            ],
            "obj_id": 21
        },
        {
            "cam_R_m2c": [
                0.8421782257899986,
                0.5361759637206003,
                0.05701638636987523,
                0.46774990297786245,
                -0.7790875429161676,
                0.4174125084952088,
                0.2682273684376373,
                -0.32486650445310006,
                -0.9069266793595547
            ],
            "cam_t_m2c": [
                -4.342057686741494,
                -0.5907378410705935,
                781.6611945421606
            ],
            "obj_id": 21
        },
        {
            "cam_R_m2c": [
                0.946328464277056,
                -0.30544120723900653,
                -0.10567848126732263,
                0.19735588753404676,
                0.8050191522551998,
                -0.5594598051416544,
                0.2559553280022544,
                0.5085766044285486,
                0.8220929826730888
            ],
            "cam_t_m2c": [
                -30.272380738416945,
                6.845914717406089,
                714.6804203453461
            ],
            "obj_id": 23
        },
        {
            "cam_R_m2c": [
                0.09164555154839958,
                0.9790112946413124,
                -0.18203891761239893,
                0.876238142156843,
                -0.1661323675238842,
                -0.4523348857665619,
                -0.4730835623689376,
                -0.11805522603232028,
                -0.8730721965902715
            ],
            "cam_t_m2c": [
                -96.83445542028043,
                11.155623369207294,
                788.7231802765833
            ],
            "obj_id": 28
        },
        {
            "cam_R_m2c": [
                0.16726645071946591,
                -0.9754954307704965,
                -0.14293566279570005,
                0.6464820518946371,
                -0.0009382110086516695,
                0.762928810078341,
                -0.7443678039123125,
                -0.22001733469313975,
                0.6304832383299106
            ],
            "cam_t_m2c": [
                25.00681293900613,
                75.18732937903326,
                770.728428813263
            ],
            "obj_id": 28
        }
    ],
    "32": [
        {
            "cam_R_m2c": [
                -0.05495986516611521,
                0.2258463989592076,
                -0.9726109075904599,
                -0.1484792829408771,
                0.9614048471059427,
                0.23163429260667565,
                0.9873868064078848,
                0.15714290305761522,
                -0.019304747946521508
            ],
            "cam_t_m2c": [
                -21.750043768072498,
                -63.147017511947006,
                794.2155558550902
            ],
            "obj_id": 19
        },
        {
            "cam_R_m2c": [
                -0.8357867556222056,
                -0.19598387991185778,
                -0.5128844675623953,
                0.5441421613514874,
                -0.42033308167156164,
                -0.7261049086016664,
                -0.07327778902207602,
                -0.8859513358899491,
                0.45795227669117833
            ],
            "cam_t_m2c": [
                77.77757513512272,
                24.33213791560853,
                745.6082960425714
            ],
            "obj_id": 20
        },
        {
            "cam_R_m2c": [
                0.2419495866140179,
                -0.9568866574357558,
                -0.1607105983580735,
                -0.024094640203657126,
                0.15965568144440465,
                -0.9868780854432336,
                0.9699895906995601,
                0.24264694347668606,
                0.015572809024397363
            ],
            "cam_t_m2c": [
                -8.712829354429184,
                -12.596326216412567,
                727.0931363113838
            ],
            "obj_id": 20
        },
        {
            "cam_R_m2c": [
                -0.7018719580475914,
                -0.690565589289196,
                -0.17462609087276618,
                0.30804832169593444,
                -0.5153196265747509,
                0.7997192051735963,
                -0.6422474252723855,
                0.5075076428733128,
                0.5744164654799436
            ],
            "cam_t_m2c": [
                -124.01814043063493,
                51.847062289569294,
                760.2228955811905
            ],
            "obj_id": 21
        },
        {
            "cam_R_m2c": [
                0.042882181103541056,
                0.8748743234688056,
                -0.48244735778518616,
                0.9905301364477549,
                -0.1002689751881669,
                -0.09378451287892026,
                -0.1304245207168649,
                -0.47385713784365785,
                -0.8708894043545834
            ],
            "cam_t_m2c": [
                5.399095597363068,
                13.939745204834184,
                782.0463117679122
            ],
            "obj_id": 21
        },
        {
            "cam_R_m2c": [
                -0.030469858136419545,
                -0.7782268806656544,
                0.6272432068182996,
                0.9578185113503022,
                0.1566699517194475,
                0.24090946644453198,
                -0.28575277440532804,
                0.6081258080919166,
                0.7406267275094714
            ],
            "cam_t_m2c": [
                -27.543021127161204,
                18.703632640151078,
                736.8455716682631
            ],
            "obj_id": 23
        },
        {
            "cam_R_m2c": [
                -0.43871220137039246,
                0.8982164381577561,
                -0.027165613615887353,
                0.8887664364956388,
                0.42923389317970484,
                -0.1607861521225115,
                -0.13276037677917807,
                -0.0946833399315557,
                -0.9866150150640913
            ],
            "cam_t_m2c": [
                -92.16972641058624,
                -25.525022993272398,
                786.7606227442939
            ],
            "obj_id": 28
        },
        {
            "cam_R_m2c": [
                -0.9945015642901265,
                -0.04498282526222499,
                0.09456671757894872,
                0.07109100751605374,
                -0.9530752838365653,
                0.29426613501910664,
                0.07689214052456411,
                0.2993714868512176,
                0.9510330792755135
            ],
            "cam_t_m2c": [
                -25.365103235746957,
                101.26395339412196,
                751.2176988516375
            ],
            "obj_id": 28
        }
    ],
    "40": [
        {
            "cam_R_m2c": [
                0.5027970946734798,
                -0.8643635232130698,
                0.00838226705484061,
                0.30989017275752545,
                0.17119242063140158,
                -0.9352334415058791,
                0.8069467839925245,
                0.4728301084963228,
                0.35393248947318884
            ],
            "cam_t_m2c": [
                34.96260295537264,
                -36.88191310597317,
                778.2005798915019
            ],
            "obj_id": 19
        },
        {
            "cam_R_m2c": [
                -0.6999321959830853,
                0.6091744800333176,
                -0.3728282099691565,
                0.11900592938941149,
                -0.41524293410828245,
                -0.9018931736606384,
                -0.7042243709280992,
                -0.675632836127238,
                0.21814648228434882
            ],
            "cam_t_m2c": [
                54.77838853046683,
                96.08328059726298,
                744.6877748543999
            ],
            "obj_id": 20
        },
        {
            "cam_R_m2c": [
                0.743190543213071,
                -0.5873640025071761,
                0.32042290286605785,
                -0.059693384820735086,
                -0.53519857513128,
                -0.8426146894866449,
                0.6664113819911721,
                0.6070959034781976,
                -0.4328164675671221
            ],
            "cam_t_m2c": [
                -7.120862994304229,
                2.5579722683179753,
                720.7977089325404
            ],
            "obj_id": 20
        },
        {
            "cam_R_m2c": [
                -0.7899981377754643,
                -0.2426478754463082,
                0.5630494848563817,
                0.5387131660898392,
                -0.7131843771453701,
                0.44850449857824487,
                0.29272930248452445,
                0.6576398742041537,
                0.6941317921250986
            ],
            "cam_t_m2c": [
                -104.56202162813224,
                1.111262997920949,
                787.8937749981352
            ],
            "obj_id": 21
        },
        {
            "cam_R_m2c": [
                0.34736030672465945,
                0.8660343223080863,
                0.35961775673569074,
                0.9019110396543257,
                -0.20356425729004501,
                -0.3809438143229821,
                -0.25670472609588146,
                0.45666795720559206,
                -0.8517962499544435
            ],
            "cam_t_m2c": [
                2.9416296110577287,
                33.49364556567623,
                774.428870632899
            ],
            "obj_id": 21
        },
        {
            "cam_R_m2c": [
                -0.4085968909427544,
                -0.5818330172957648,
                0.7032200625950097,
                0.8628856469647838,
                0.004843604190560367,
                0.5053763948091088,
                -0.29745081293239495,
                0.8132934868615861,
                0.500076245549479
            ],
            "cam_t_m2c": [
                -26.358262177197133,
                -2.1910517511281657,
                717.371725749033
            ],
            "obj_id": 23
        },
        {
            "cam_R_m2c": [
                -0.7840145818554457,
                -0.33837438040927564,
                -0.5204070533523315,
                -0.43129959060521195,
                0.8998893509205392,
                0.06465216326775157,
                0.4464317619281866,
                0.27513982223653655,
                -0.8514673005600981
            ],
            "cam_t_m2c": [
                -27.22226610397165,
                -70.65140674275582,
                791.9438504203414
            ],
            "obj_id": 28
        },
        {
            "cam_R_m2c": [
                -0.8045854954445886,
                0.06601254153536987,
                0.5901560586087394,
                0.25761264028854247,
                -0.8566196323512129,
                0.4470333439386826,
                0.5350488781818952,
                0.5117081972192864,
                0.6722179494907152
            ],
            "cam_t_m2c": [
                -78.12297237649534,
                81.39117110345977,
                751.2747349532049
            ],
            "obj_id": 28
        }
    ],
    "55": [
        {
            "cam_R_m2c": [
                0.4573952828595283,
                -0.2177421000040376,
                0.8621934357325179,
                0.2566913698313582,
                -0.8959591838301499,
                -0.3624447899055432,
                0.8514095804565737,
                0.38709827719125794,
                -0.35391502047395235
            ],
            "cam_t_m2c": [
                57.49472850525972,
                74.19472789793704,
                733.1846216296929
            ],
            "obj_id": 19
        },
        {
            "cam_R_m2c": [
                -0.46105127193244444,
                0.45355730436231056,
                0.762703669317422,
                -0.771579275069708,
                0.2196212804080217,
                -0.5970188645417656,
                -0.43828837867482673,
                -0.8637426910756946,
                0.24869894085494387
            ],
            "cam_t_m2c": [
                -71.91023078293227,
                97.1772014066736,
                736.3325513344713
            ],
            "obj_id": 20
        },
        {
            "cam_R_m2c": [
                0.3738155277122434,
                0.3688274436064232,
                0.8510157323424402,
                0.8387746301766486,
                -0.5260518185279971,
                -0.14044926897426996,
                0.3958768417440658,
                0.766312867853224,
                -0.506009408585897
            ],
            "cam_t_m2c": [
                -24.360768683186915,
                39.511740866623,
                720.6474168984931
            ],
            "obj_id": 20
        },
        {
            "cam_R_m2c": [
                -0.8004756943005112,
                0.5178467477057338,
                -0.3017828847009722,
                -0.5570591490051078,
                -0.8285990755385438,
                0.055751693114732145,
                -0.2211862300088936,
                0.21273898859023718,
                0.9517447208527986
            ],
            "cam_t_m2c": [
                -38.486243976947414,
                -68.08921009495361,
                794.0107682618974
            ],
            "obj_id": 21
        },
        {
            "cam_R_m2c": [
                -0.8801436066896645,
                -0.43108161492749875,
                -0.1987849904395343,
                -0.45251910007681734,
                0.8884281093035388,
                0.07695153421267019,
                0.14343375748032813,
                0.15768239323830216,
                -0.9770169681049471
            ],
            "cam_t_m2c": [
                -11.67910493711082,
                54.98253285221192,
                748.5778595939372
            ],
            "obj_id": 21
        },
        {
            "cam_R_m2c": [
                -0.8756138163921937,
                0.4691845626617468,
                0.11474268588501285,
                -0.44931127016112427,
                -0.8783831288456233,
                0.162978657520822,
                0.1772550993387774,
                0.09115120522642702,
                0.9799342994479547
            ],
            "cam_t_m2c": [
                -17.058428868299465,
                5.849352725930739,
                721.2707994350859
            ],
            "obj_id": 23
        },
        {
            "cam_R_m2c": [
                0.21397398988514313,
                -0.9103692482526609,
                0.3541784849783164,
                -0.9492746314000966,
                -0.10826199122617607,
                0.29522299286051057,
                -0.23041787530103505,
                -0.3993829109490488,
                -0.8873557113485097
            ],
            "cam_t_m2c": [
                59.47726328168248,
                7.431197728586882,
                787.2111419286946
            ],
            "obj_id": 28
        },
        {
            "cam_R_m2c": [
                0.3791281183859319,
                0.9210585949986846,
                -0.08895213333564243,
                -0.9042730113540285,
                0.38917649898474055,
                0.17558905000049546,
                0.19634603901433656,
                0.01386637972068718,
                0.9804362143057258
            ],
            "cam_t_m2c": [
                -82.94923741718988,
                13.12004964386692,
                772.8162387447117
            ],
            "obj_id": 28
        }
    ],
    "60": [
        {
            "cam_R_m2c": [
                0.6274983246509437,
                -0.3341757197437404,
                0.7032581903931342,
                0.38100961975604997,
                -0.6558985184263432,
                -0.651635548527228,
                0.6790266311424681,
                0.6768485045925742,
                -0.2842512818109516
            ],
            "cam_t_m2c": [
                15.523516786158442,
                107.59179944738096,
                742.8660844135806
            ],
            "obj_id": 19
        },
        {
            "cam_R_m2c": [
                0.25732335786231225,
                0.2873656414106181,
                0.9226080365836248,
                -0.8615648102451215,
                -0.36413232889996583,
                0.35371436753336766,
                0.4375968134738125,
                -0.8859053397980766,
                0.15388410370637867
            ],
            "cam_t_m2c": [
                -102.01290622937121,
                64.62629970628906,
                745.546703103933
            ],
            "obj_id": 20
        },
        {
            "cam_R_m2c": [
                0.016562823015111593,
                0.5577418013614835,
                0.8298492064129217,
                0.454252907277735,
                -0.7435626572914281,
                0.4906822041408975,
                0.890718684552751,
                0.36883397190319295,
                -0.2656712506562311
            ],
            "cam_t_m2c": [
                -35.35920576611848,
                37.3522332786561,
                696.086718397098
            ],
            "obj_id": 20
        },
        {
            "cam_R_m2c": [
                -0.08555148030342813,
                0.8001123049866085,
                -0.5937181222382519,
                -0.9960917342660162,
                -0.08182117668976555,
                0.03326658622297782,
                -0.02196200295122333,
                0.5942435822267105,
                0.8039849245472277
            ],
            "cam_t_m2c": [
                7.6146300623970795,
                -62.35749041191699,
                809.168087197714
            ],
            "obj_id": 21
        },
        {
            "cam_R_m2c": [
                -0.926643832196493,
                0.06310023482958506,
                0.37060708952316185,
                0.06840846987696468,
                0.9976566449716974,
                0.0011818696173347728,
                -0.36966404674622294,
                0.02644820728754723,
                -0.9287887986037243
            ],
            "cam_t_m2c": [
                -28.55350301586814,
                36.38631457584231,
                762.8312297652908
            ],
            "obj_id": 21
        },
        {
            "cam_R_m2c": [
                -0.8750262723726301,
                0.47455704394123727,
                -0.09552185078319561,
                -0.2545190212660321,
                -0.2831776261273484,
                0.924678585168273,
                0.4117633846557031,
                0.8334301682521092,
                0.36857139339001077
            ],
            "cam_t_m2c": [
                -20.007581552840545,
                -20.89108061514942,
                729.5192469157793
            ],
            "obj_id": 23
        },
        {
            "cam_R_m2c": [
                0.08235370202636715,
                -0.9965896992843061,
                -0.005181372589969296,
                -0.628884037855624,
                -0.04793360648619994,
                -0.7760201591270324,
                0.7731252588490921,
                0.06716685929405637,
                -0.6306865271907
            ],
            "cam_t_m2c": [
                63.029495854203304,
                30.674693637559432,
                782.4185263125776
            ],
            "obj_id": 28
        },
        {
            "cam_R_m2c": [
                0.6343490477529388,
                0.7010256581150404,
                0.32582798816139513,
                -0.7469306713017744,
                0.44718599298137224,
                0.49205633706148033,
                0.19923836999776492,
                -0.5555066295863763,
                0.8072894826041929
            ],
            "cam_t_m2c": [
                -75.41149712210199,
                -12.34846350202914,
                791.5318363015211
            ],
            "obj_id": 28
        }
    ],
    "69": [
        {
            "cam_R_m2c": [
                -0.5302693146975609,
                0.31371054891357036,
                0.7876547063402245,
                0.6244881717816018,
                -0.483831031056441,
                0.613123865425179,
                0.573435705835821,
                0.817002537794853,
                0.06065234121017997
            ],
            "cam_t_m2c": [
                -36.28219315840049,
                100.3753716898481,
                726.1767202796257
            ],
            "obj_id": 19
        },
        {
            "cam_R_m2c": [
                0.6186075554783476,
                -0.30975435294714254,
                0.7220644229027897,
                -0.6921837987030102,
                0.21998458824572828,
                0.6873775961205355,
                -0.3717608360482733,
                -0.9250181845358689,
                -0.07832322199629055
            ],
            "cam_t_m2c": [
                -117.51522249881427,
                -20.61069231817188,
                754.6001348101328
            ],
            "obj_id": 20
        },
        {
            "cam_R_m2c": [
                -0.38851898333429047,
                0.9202665835506846,
                0.04650142394827007,
                0.8629605802080578,
                0.34570588412633957,
                0.36849075206853843,
                0.3230338472051464,
                0.18329492047199214,
                -0.9284676384268997
            ],
            "cam_t_m2c": [
                -56.50023029107783,
                21.96459735412958,
                721.6566248575027
            ],
            "obj_id": 20
        },
        {
            "cam_R_m2c": [
                0.550928913655389,
                0.766256387539815,
                0.33064806856113016,
                -0.7072637568095806,
                0.6390053017063398,
                -0.3024072325925044,
                -0.4430071688511545,
                -0.06725100785591737,
                0.8939917939097352
            ],
            "cam_t_m2c": [
                71.89478790078293,
                -23.06672341874179,
                788.2068682030069
            ],
            "obj_id": 21
        },
        {
            "cam_R_m2c": [
                -0.4313186644275487,
                -0.7651658741082709,
                -0.4780011265849344,
                -0.5026825422382923,
                0.6437763259020226,
                -0.5769415596831672,
                0.7491820607013869,
                -0.008563122557289589,
                -0.662308806880207
            ],
            "cam_t_m2c": [
                -36.51520792499923,
                35.493669352761756,
                775.9218813024186
            ],
            "obj_id": 21
        },
        {
            "cam_R_m2c": [
                -0.14619480842996066,
                0.9657582465003945,
                -0.21433183240251594,
                -0.5765460232749176,
                0.09288001552521406,
                0.8117677512471763,
                0.8038787610119841,
                0.24224884277917577,
                0.5432259974729516
            ],
            "cam_t_m2c": [
                -14.65517207116677,
                13.130394529155785,
                718.8505826037189
            ],
            "obj_id": 23
        },
        {
            "cam_R_m2c": [
                0.9938442035231995,
                0.034514925747821695,
                0.10527310452327256,
                0.1019620658700183,
                -0.6566067073321126,
                -0.74730866586974,
