{
  "105": [
    {
      "cam_R_m2c": [
        -0.003503032854338945,
        -0.46489233258206547,
        -0.8853597728474957,
        0.3984953979192824,
        0.8113811508729736,
        -0.42762302179314715,
        0.9171638577866409,
        -0.35431004612533123,
        0.18241545639834608
      ],
      "cam_t_m2c": [
        4.928183757049409,
        -75.36098753680362,
        806.169082168288
      ],
      "obj_id": 19
    },
    {
      "cam_R_m2c": [
        -0.4753260899845239,
        0.017271623326395442,
        -0.8796396277474747,
        0.7785251804287723,
        -0.4574738747372617,
        -0.4296691911094893,
        -0.40983356328916,
        -0.8890555135357394,
        0.20400315597806062
      ],
      "cam_t_m2c": [
        80.57713329850857,
        37.48891179555565,
        744.9361409701429
      ],
      "obj_id": 20
    },
    {
      "cam_R_m2c": [
        -0.12822630913015842,
        -0.9194581449635216,
        -0.37169046712444626,
        -0.2991262536343306,
        0.3931872094349409,
        -0.869440451789159,
        0.945559038078446,
        -0.0003026372568011705,
        -0.32545132066518995
      ],
      "cam_t_m2c": [
        3.8213991397693867,
        -19.423825769866053,
        723.3409434364455
      ],
      "obj_id": 20
    },
    {
      "cam_R_m2c": [
        -0.7393524682772437,
        -0.6732604964184524,
        -0.008791121258112013,
        0.599058448882163,
        -0.6637137831596934,
        0.4478977573031785,
        -0.30738687413985577,
        0.3258882826070036,
        0.8940417750614421
      ],
      "cam_t_m2c": [
        -114.12725260960663,
        38.19262593776748,
        757.679732330776
      ],
      "obj_id": 21
    },
    {
      "cam_R_m2c": [
        0.33724849109361094,
        0.9411565964611417,
        -0.022062974466955647,
        0.8459565593571903,
        -0.3132521312086908,
        -0.43154375278704377,
        -0.41306195792496103,
        0.126873184216027,
        -0.9018223586128996
      ],
      "cam_t_m2c": [
        1.5125236659572143,
        -5.104383890751824,
        782.1423254183696
      ],
      "obj_id": 21
    },
    {
      "cam_R_m2c": [
        0.3825708479632332,
        -0.8995142794782155,
        0.21098019537587107,
        0.8389767064773491,
        0.43386252009812803,
        0.32845218273810073,
        -0.38698425391154007,
        0.051351414942626794,
        0.920655613310332
      ],
      "cam_t_m2c": [
        -32.64208906779843,
        -1.5648055313539702,
        724.7482789401317
      ],
      "obj_id": 23
    },
    {
      "cam_R_m2c": [
        -0.9587755512931954,
        0.28410185289526046,
        0.005885286399710056,
        0.25090820848793893,
        0.8561119546357705,
        -0.4517928768240372,
        -0.13339369202281315,
        -0.43169173008751016,
        -0.8921036500467947
      ],
      "cam_t_m2c": [
        -68.23057893587226,
        -45.92556001105579,
        797.9368292192097
      ],
      "obj_id": 28
    },
    {
      "cam_R_m2c": [
        -0.8264149271627202,
        -0.5629999269088336,
        -0.008277374660886882,
        0.5038398150761734,
        -0.7459769629697612,
        0.4355034068431036,
        -0.2513632818178939,
        0.3557364559116817,
        0.9001492256665783
      ],
      "cam_t_m2c": [
        -23.699850687814628,
        75.44218636472745,
        737.88330966716
      ],
      "obj_id": 28
    }
  ],
  "112": [
    {
      "cam_R_m2c": [
        0.027126329572805072,
        -0.8820082971600096,
        -0.4704529490638591,
        0.41106710518533046,
        0.4388353218861634,
        -0.7990289270403875,
        0.9112016291705446,
        -0.17171251620226324,
        0.3744686672456106
      ],
      "cam_t_m2c": [
        54.42342036421585,
        -46.473312756889804,
        792.4490327962785
      ],
      "obj_id": 19
    },
    {
      "cam_R_m2c": [
        -0.8841547464328385,
        0.024673287734682754,
        -0.4665426531343692,
        0.41081397147592436,
        -0.4345065512050977,
        -0.8015209162201393,
        -0.22249152085519489,
        -0.9003309043312581,
        0.3740349870043865
      ],
      "cam_t_m2c": [
        41.71295527486406,
        83.12730886270425,
        721.3134831860696
      ],
      "obj_id": 20
    },
    {
      "cam_R_m2c": [
        0.2781196794431975,
        -0.9598117623244323,
        0.03756650235546178,
        -0.23367347908534983,
        -0.10554121843788261,
        -0.9665700152659092,
        0.9316899750508573,
        0.26004428768017224,
        -0.2536358743060303
      ],
      "cam_t_m2c": [
        3.0169247546711517,
        -5.05378457771369,
        715.5175023043894
      ],
      "obj_id": 20
    },
    {
      "cam_R_m2c": [
        -0.990496345798934,
        -0.13746161824989936,
        -0.004658743956223247,
        0.1218962937179528,
        -0.8930190961081347,
        0.43319513665629716,
        -0.06370756947470102,
        0.42851023658987425,
        0.9012883727188598
      ],
      "cam_t_m2c": [
        -112.7076671029663,
        -13.63423423810335,
        782.2724138455369
      ],
      "obj_id": 21
    },
    {
      "cam_R_m2c": [
        -0.2620947285674164,
        0.9650201020418744,
        -0.0065559238890769474,
        0.8668991724545145,
        0.23244970463478157,
        -0.4409680097448879,
        -0.4240188193488962,
        -0.1212591306142808,
        -0.8974991171808012
      ],
      "cam_t_m2c": [
        9.560866475462392,
        9.849784833256928,
        773.5304852461381
      ],
      "obj_id": 21
    },
    {
      "cam_R_m2c": [
        -0.2252053983281934,
        -0.9512542331960192,
        0.21070913306692832,
        0.8799041356833744,
        -0.10570164144910006,
        0.46324474992276743,
        -0.4183909898472345,
        0.28972950368352496,
        0.8608171593275309
      ],
      "cam_t_m2c": [
        -34.50182548023718,
        -8.785536211206017,
        728.3334031675575
      ],
      "obj_id": 23
    },
    {
      "cam_R_m2c": [
        -0.9542582226299744,
        -0.2989249961656672,
        0.005958493677007093,
        -0.2688795785297931,
        0.8492885993007857,
        -0.45432642269044987,
        0.13074943900934888,
        -0.435146562630429,
        -0.8908156145992333
      ],
      "cam_t_m2c": [
        -24.672254609551032,
        -59.31933675470413,
        805.3561313910789
      ],
      "obj_id": 28
    },
    {
      "cam_R_m2c": [
        -0.9995613176795991,
        -0.011678286774705424,
        -0.027225426252291313,
        -0.0017366781491082101,
        -0.8943371516963601,
        0.44739007917830825,
        -0.029573003830652134,
        0.44724094564543504,
        0.8939246916464194
      ],
      "cam_t_m2c": [
        -64.08704907173781,
        63.458359393135446,
        742.6714139378931
      ],
      "obj_id": 28
    }
  ],
  "124": [
    {
      "cam_R_m2c": [
        0.045946961396462975,
        -0.8486587993998336,
        0.5269420470378673,
        0.4830485502721757,
        -0.44284983080661555,
        -0.7553460069044026,
        0.8743870361218935,
        0.2892440323551785,
        0.3895957197830616
      ],
      "cam_t_m2c": [
        69.31216067720746,
        39.33559318798927,
        750.6513893973682
      ],
      "obj_id": 19
    },
    {
      "cam_R_m2c": [
        -0.8370483113680254,
        0.017082609424501613,
        0.5468629927908903,
        -0.49861643603740363,
        -0.43528706251112975,
        -0.7496040748276669,
        0.22523681453591798,
        -0.90012946707492,
        0.37287389749017724
      ],
      "cam_t_m2c": [
        -64.05018260031741,
        93.85746679926038,
        713.7738221038395
      ],
      "obj_id": 20
    },
    {
      "cam_R_m2c": [
        0.6806091995932892,
        -0.3029968170122937,
        0.6670568469715344,
        0.2612592305463166,
        -0.7502449580060732,
        -0.6073512932437907,
        0.6844815674848459,
        0.5876432518810002,
        -0.4314626515329638
      ],
      "cam_t_m2c": [
        -16.64385885663153,
        9.039102216835332,
        708.2148054421306
      ],
      "obj_id": 20
    },
    {
      "cam_R_m2c": [
        -0.6206891736778672,
        0.7840056792533762,
        -0.008992060953025424,
        -0.7127313924142764,
        -0.5594092374905065,
        0.423172216554199,
        0.3267387973870682,
        0.26906739901879834,
        0.9060044832037195
      ],
      "cam_t_m2c": [
        -42.403609299887165,
        -71.03834287417627,
        813.6476125094414
      ],
      "obj_id": 21
    },
    {
      "cam_R_m2c": [
        -0.959327882007558,
        0.2820326009955355,
        0.01218245011085936,
        0.24587650443747014,
        0.8559863210256223,
        -0.4547874448190225,
        -0.13869310875156118,
        -0.43329456728876853,
        -0.8905165230731112
      ],
      "cam_t_m2c": [
        -3.255810817549755,
        36.192039853982365,
        762.4181718595072
      ],
      "obj_id": 21
    },
    {
      "cam_R_m2c": [
        -0.9527483182216362,
        -0.2988857812631635,
        0.054210048997661665,
        0.2619855436916776,
        -0.7182016546296298,
        0.644631220569973,
        -0.1537375799899995,
        0.6283731716835954,
        0.7625690455309643
      ],
      "cam_t_m2c": [
        -27.413564506743562,
        -19.44411024747191,
        734.1969111581328
      ],
      "obj_id": 23
    },
    {
      "cam_R_m2c": [
        -0.21919281376012043,
        -0.9751065919246713,
        0.03350293263024195,
        -0.8830077954215755,
        0.18365003156493964,
        -0.4319367428688235,
        0.41503123933886454,
        -0.12426101696609017,
        -0.90128126132124
      ],
      "cam_t_m2c": [
        46.15585498315418,
        -24.108643602154505,
        790.7611031474833
      ],
      "obj_id": 28
    },
    {
      "cam_R_m2c": [
        -0.4970281510166898,
        0.8669980135176191,
        -0.03575292531822601,
        -0.7875012899058097,
        -0.43338500232523125,
        0.43819926110747376,
        0.36442273427436156,
        0.24595296913186745,
        0.8981663804727529
      ],
      "cam_t_m2c": [
        -92.33497819102195,
        5.249032547533716,
        772.901457807021
      ],
      "obj_id": 28
    }
  ],
  "137": [
    {
      "cam_R_m2c": [
        -0.03974124141187776,
        0.12641105672575195,
        0.9911813744109421,
        0.49590566404802094,
        -0.8586817495946716,
        0.1293965606261965,
        0.8674666356914933,
        0.4966748466022408,
        -0.028563507173285766
      ],
      "cam_t_m2c": [
        -12.444646077180314,
        95.8929712733653,
        721.3887561334384
      ],
      "obj_id": 19
    },
    {
      "cam_R_m2c": [
        0.12998794057341068,
        0.020777740402583345,
        0.9912976669465206,
        -0.894339785716335,
        -0.42919958641544437,
        0.126270738723002,
        0.42808817564417323,
        -0.9029707361505767,
        -0.037209024004262285
      ],
      "cam_t_m2c": [
        -128.163707438785,
        7.61773993414139,
        755.6562347378732
      ],
      "obj_id": 20
    },
    {
      "cam_R_m2c": [
        0.3176049717565198,
        0.7279671197510938,
        0.6076105545424013,
        0.8625014341319521,
        -0.4880294599750919,
        0.1338609901943466,
        0.3939780821719781,
        0.4815496862664119,
        -0.7828737594709237
      ],
      "cam_t_m2c": [
        -42.6525703152432,
        -0.03019796276921005,
        711.513021928218
      ],
      "obj_id": 20
    },
    {
      "cam_R_m2c": [
        0.4435440904744122,
        0.8959140190908027,
        -0.02462459080604434,
        -0.7972486957470751,
        0.4069526358807224,
        0.44585233797835144,
        0.40946618478339136,
        -0.17812383213590616,
        0.8947678330017828
      ],
      "cam_t_m2c": [
        53.18665418242638,
        -40.099395539878024,
        798.2697934431458
      ],
      "obj_id": 21
    },
    {
      "cam_R_m2c": [
        -0.6506612993399234,
        -0.7588796512429675,
        0.027224558185777206,
        -0.677479761908711,
        0.5639270159997687,
        -0.472236938772216,
        0.3430188202142786,
        -0.32570998808283674,
        -0.8810512269086292
      ],
      "cam_t_m2c": [
        -37.36283577945307,
        37.30369390842942,
        760.8448571235026
      ],
      "obj_id": 21
    },
    {
      "cam_R_m2c": [
        -0.6708437762820592,
        0.7200396518361745,
        -0.1775138130290604,
        -0.656245900064604,
        -0.4648868429379244,
        0.5943246422248268,
        0.3454139630851139,
        0.5151913530262231,
        0.7843897265063197
      ],
      "cam_t_m2c": [
        -14.465038858303835,
        -19.11210442527797,
        734.1994632253281
      ],
      "obj_id": 23
    },
    {
      "cam_R_m2c": [
        0.790061332368481,
        -0.6128950403428243,
        0.012743557224912955,
        -0.5494210762882089,
        -0.7171551569641526,
        -0.4287483995178836,
        0.27191644844198437,
        0.33173639135797783,
        -0.9033341403341948
      ],
      "cam_t_m2c": [
        43.84828594111474,
        51.082148834625585,
        753.2127534962915
      ],
      "obj_id": 28
    },
    {
      "cam_R_m2c": [
        0.5764760225458808,
        0.8167547199763435,
        -0.024223346227634043,
        -0.7307137411390123,
        0.5285622292635853,
        0.4320643865494217,
        0.36569389230102733,
        -0.23137497117545316,
        0.9015174687502733
      ],
      "cam_t_m2c": [
        -46.36716368310146,
        -48.89194796925907,
        800.6763578091163
      ],
      "obj_id": 28
    }
  ],
  "144": [
    {
      "cam_R_m2c": [
        -0.07239729104305823,
        0.6456409109010176,
        0.7602019755345094,
        0.6292181263558778,
        -0.561815153781547,
        0.5370737827533032,
        0.7738496542299422,
        0.51721576247588,
        -0.3655752724218817
      ],
      "cam_t_m2c": [
        -67.91824522846508,
        65.79834060497775,
        713.4093522893362
      ],
      "obj_id": 19
    },
    {
      "cam_R_m2c": [
        0.6536810411810372,
        0.017516161905263884,
        0.7565678269686034,
        -0.5908000476405494,
        -0.6129441372041711,
        0.5246472519175173,
        0.4729238385362074,
        -0.7899321634371047,
        -0.390321604995007
      ],
      "cam_t_m2c": [
        -112.44393218324345,
        -52.27129933492655,
        794.7343237487576
      ],
      "obj_id": 20
    },
    {
      "cam_R_m2c": [
        -0.04183498302422811,
        0.9679021728625836,
        0.24782215884393732,
        0.9845249851133895,
        -0.002312243898621638,
        0.17522893041745444,
        0.17017717653615888,
        0.2513178166356809,
        -0.952827263751806
      ],
      "cam_t_m2c": [
        -48.023426893885386,
        -32.56137089604145,
        724.9494785380792
      ],
      "obj_id": 20
    },
    {
      "cam_R_m2c": [
        0.8617161802924448,
        0.5069448777820331,
        -0.02127704178226682,
        -0.38774948471743975,
        0.6849927613777249,
        0.6167942931303723,
        0.32725546257200505,
        -0.5232517218837633,
        0.786836847375102
      ],
      "cam_t_m2c": [
        73.8939902214361,
        -2.9937678046208687,
        780.2975837878976
      ],
      "obj_id": 21
    },
    {
      "cam_R_m2c": [
        -0.1461253114556739,
        -0.9880429736015772,
        0.049184157278845536,
        -0.7858743445660031,
        0.08574029026640896,
        -0.6124133178773447,
        0.6008739079638062,
        -0.12814167750610467,
        -0.789006327820584
      ],
      "cam_t_m2c": [
        -50.92043296311492,
        14.646963700186522,
        764.6572811243412
      ],
      "obj_id": 21
    },
    {
      "cam_R_m2c": [
        -0.14676382163732918,
        0.9572787173322204,
        -0.24915545268542513,
        -0.7886576759993748,
        0.03879457546146478,
        0.6136073754120038,
        0.5970594615176809,
        0.28655373751676766,
        0.7492714323571784
      ],
      "cam_t_m2c": [
        -9.340302661402875,
        -30.299001387389627,
        738.884460734701
      ],
      "obj_id": 23
    },
    {
      "cam_R_m2c": [
        0.9970180209642217,
        -0.07280807736401733,
        0.025586062376970975,
        -0.04199668212121743,
        -0.7900305059302111,
        -0.6116273614076118,
        0.06474519414549008,
        0.6087292703257806,
        -0.790732236141195
      ],
      "cam_t_m2c": [
        8.843754308933091,
        60.96107243543806,
        729.5969236534573
      ],
      "obj_id": 28
    },
    {
      "cam_R_m2c": [
        0.9311583141120512,
        0.36439751258990055,
        -0.012619449649725292,
        -0.2817415079419084,
        0.7410512960616403,
        0.609478994406983,
        0.23144440151566617,
        -0.5639662914897368,
        0.7927018650839036
      ],
      "cam_t_m2c": [
        -6.397195708110941,
        -53.09751680518205,
        814.3455830868388
      ],
      "obj_id": 28
    }
  ],
  "153": [
    {
      "cam_R_m2c": [
        -0.097010724873901,
        0.9907463075385202,
        0.09492178924509286,
        0.6069467737888629,
        -0.01669575744116424,
        0.7945677574069987,
        0.7887996004669003,
        0.1346936751018943,
        -0.5997104792174733
      ],
      "cam_t_m2c": [
        -114.64946473555133,
        18.453796153416047,
        748.5400541228213
      ],
      "obj_id": 19
    },
    {
      "cam_R_m2c": [
        0.9968976087005431,
        0.02988040631570077,
        0.07281327323817423,
        -0.04109721881316388,
        -0.5913715774089822,
        0.8053519468023899,
        0.06712358913827277,
        -0.8058455690891231,
        -0.5883087677361682
      ],
      "cam_t_m2c": [
        -46.337884708927774,
        -90.28601645952786,
        825.0885551270054
      ],
      "obj_id": 20
    },
    {
      "cam_R_m2c": [
        -0.522378600586679,
        0.7889851546030217,
        -0.3234539836882317,
        0.7951951483754447,
        0.587690717588859,
        0.14928282262731102,
        0.30787288068916285,
        -0.17922711752235287,
        -0.9343938127222671
      ],
      "cam_t_m2c": [
        -40.3147999854581,
        -48.10631939342929,
        737.2827001248222
      ],
      "obj_id": 20
    },
    {
      "cam_R_m2c": [
        0.9699757161080327,
        -0.24117667399835643,
        -0.03131130302437447,
        0.21013913657549838,
        0.7663269132002382,
        0.6071125715433906,
        -0.12242700666529717,
        -0.595463932140732,
        0.7939988619216103
      ],
      "cam_t_m2c": [
        51.93805566943522,
        53.381168631621186,
        738.5471985369132
      ],
      "obj_id": 21
    },
    {
      "cam_R_m2c": [
        0.594805282873326,
        -0.8024205801988039,
        0.048242738807879805,
        -0.6281883839049018,
        -0.5014223407371893,
        -0.5949420561511567,
        0.5015834004809445,
        0.3235693542300646,
        -0.8023196511786868
      ],
      "cam_t_m2c": [
        -51.28262585899747,
        -5.775901298470701,
        779.6253659356508
      ],
      "obj_id": 21
    },
    {
      "cam_R_m2c": [
        0.5725917873446459,
        0.7849743993860075,
        -0.23654452393080733,
        -0.6334308165891728,
        0.6067592673187889,
        0.48021834165316046,
        0.5204843432540086,
        -0.12513476194776454,
        0.8446521095652314
      ],
      "cam_t_m2c": [
        -8.929595543639445,
        -23.122417957008626,
        732.791335922932
      ],
      "obj_id": 23
    },
    {
      "cam_R_m2c": [
        0.7521503185948092,
        0.6587722545078819,
        0.016984189773798942,
        0.5310315394428707,
        -0.5906382997607798,
        -0.6075796027877116,
        -0.3902252409358932,
        0.4660100000422359,
        -0.794077335064957
      ],
      "cam_t_m2c": [
        -51.51332615942824,
        60.7631652447038,
        727.2628731717828
      ],
      "obj_id": 28
    },
    {
      "cam_R_m2c": [
        0.9169634395464711,
        -0.3988744583312093,
        -0.00875563139316014,
        0.3253027962919011,
        0.7347649554730751,
        0.5952307325900883,
        -0.2309892474749521,
        -0.5486527791793506,
        0.8035072938012604
      ],
      "cam_t_m2c": [
        38.77478977369022,
        -28.722245288586205,
        795.7254235611496
      ],
      "obj_id": 28
    }
  ],
  "163": [
    {
      "cam_R_m2c": [
        -0.08154494177331845,
        0.700859901522563,
        -0.7086224383914388,
        0.558879143487186,
        0.6208456976160337,
        0.5497315519800874,
        0.8252302128295803,
        -0.35120649923292196,
        -0.4423228516662721
      ],
      "cam_t_m2c": [
        -104.71282904407367,
        -45.98030981619632,
        798.2439449481458
      ],
      "obj_id": 19
    },
    {
      "cam_R_m2c": [
        0.7073841951559948,
        0.008429070932528376,
        -0.7067789498729219,
        0.5648148865477112,
        -0.607919447457364,
        0.5580485267016188,
        -0.42496087381724484,
        -0.7939542028636798,
        -0.43479351166807517
      ],
      "cam_t_m2c": [
        42.094296407395504,
        -73.89014288385805,
        816.2083100440357
      ],
      "obj_id": 20
    },
    {
      "cam_R_m2c": [
        -0.6867179178435995,
        0.06791336606465156,
        -0.7237445764269063,
        0.3559693404643603,
        0.8994989701060212,
        -0.25335249768206863,
        0.6338016406373874,
        -0.43161258879824244,
        -0.6418772954505404
      ],
      "cam_t_m2c": [
        -19.470621524011545,
        -53.88668702742615,
        743.7418524129831
      ],
      "obj_id": 20
    },
    {
      "cam_R_m2c": [
        0.4151748780567777,
        -0.9088277843464382,
        -0.040765310244517586,
        0.7371905441728103,
        0.30983322579444605,
        0.6004611017209381,
        -0.5330853343853416,
        -0.27934819164894104,
        0.7986144463984756
      ],
      "cam_t_m2c": [
        -22.32145368535678,
        78.93537451466793,
        717.171835804206
      ],
      "obj_id": 21
    },
    {
      "cam_R_m2c": [
        0.9977892502990645,
        -0.05951779283798362,
        0.0295665235907809,
        -0.03208606465685493,
        -0.8210457984958459,
        -0.5699599501982078,
        0.05819822691396028,
        0.5677512849455219,
        -0.8211405837997713
      ],
      "cam_t_m2c": [
        -34.278731093091125,
        -19.58577114323715,
        791.7662720870507
      ],
      "obj_id": 21
    },
    {
      "cam_R_m2c": [
        0.9977026687352145,
        0.059405840614430744,
        -0.0325618508540836,
        -0.04195401065226181,
        0.9192098424397277,
        0.3915267396610445,
        0.053190160709448306,
        -0.3892611663027305,
        0.9195906486299988
      ],
      "cam_t_m2c": [
        -16.540191392343424,
        -15.443424128449648,
        728.6597782078096
      ],
      "obj_id": 23
    },
    {
      "cam_R_m2c": [
        0.006628555965233659,
        0.9999022547902437,
        0.012307778656359573,
        0.8029527189065535,
        0.0020136758504017073,
        -0.5960393824911627,
        -0.5960059653701454,
        0.01383344731300028,
        -0.802861100197126
      ],
      "cam_t_m2c": [
        -97.37916852532126,
        21.483735258536125,
        756.0310121926633
      ],
      "obj_id": 28
    },
    {
      "cam_R_m2c": [
        0.29156408411237095,
        -0.9564866542378213,
        -0.011118178823831492,
        0.7592508397089389,
        0.22433988103644317,
        0.6109090258301928,
        -0.5818321249381614,
        -0.18656063549350074,
        0.7916229698930706
      ],
      "cam_t_m2c": [
        44.76910925672751,
        20.853094890984412,
        759.8050929362473
      ],
      "obj_id": 28
    }
  ],
  "172": [
    {
      "cam_R_m2c": [
        -0.004659076823637858,
        -0.019320503712287104,
        -0.9998029367077729,
        0.5498854639902814,
        0.8350308759050966,
        -0.01869844360316315,
        0.8352273357780702,
        -0.5498638070537617,
        0.006733429860183916
      ],
      "cam_t_m2c": [
        -41.87937258064533,
        -79.8205348512514,
        824.2044511760381
      ],
      "obj_id": 19
    },
    {
      "cam_R_m2c": [
        0.0007959660909295042,
        0.02996751108060109,
        -0.999551001780832,
        0.8034221117393684,
        -0.595161462349584,
        -0.017203318207189226,
        -0.5954093628656371,
        -0.8030474574695261,
        -0.02455045834994403
      ],
      "cam_t_m2c": [
        82.98330065747241,
        -16.715959091826093,
        772.6991876311049
      ],
      "obj_id": 20
    },
    {
      "cam_R_m2c": [
        -0.41864968632385074,
        -0.6395992935133405,
        -0.6447061921246063,
        -0.009438215937986317,
        0.71293929750569,
        -0.701162394015069,
        0.9080988844119533,
        -0.28745638107165583,
        -0.3045086114954604
      ],
      "cam_t_m2c": [
        -2.092081526241083,
        -45.036310946270554,
        737.8926815409002
      ],
      "obj_id": 20
    },
    {
      "cam_R_m2c": [
        -0.33244221453106937,
        -0.9426202351839945,
        -0.030824658098797263,
        0.7566453092365966,
        -0.2860778691986344,
        0.5879179794855647,
        -0.5630013056887081,
        0.17212513352412823,
        0.808333303684173
      ],
      "cam_t_m2c": [
        -91.18207944078402,
        56.954066604407636,
        733.2415810765991
      ],
      "obj_id": 21
    },
    {
      "cam_R_m2c": [
        0.7297733734666527,
        0.6836568187671074,
        -0.006714575783477147,
        0.5580143194275106,
        -0.601273292476498,
        -0.5719184006907482,
        -0.39503280833684284,
        0.4136237891999027,
        -0.8202832990209237
      ],
      "cam_t_m2c": [
        -10.568347055053655,
        -20.33446867990895,
        792.3061680014827
      ],
      "obj_id": 21
    },
    {
      "cam_R_m2c": [
        0.7470569972426683,
        -0.6522714967505209,
        0.1282523011683095,
        0.5532251248303246,
        0.717003550603067,
        0.4240849790355901,
        -0.36857550574922804,
        -0.24586311028623875,
        0.8964952247621384
      ],
      "cam_t_m2c": [
        -28.152867628162365,
        -16.084125477141917,
        728.4317325365171
      ],
      "obj_id": 23
    },
    {
      "cam_R_m2c": [
        -0.71101776683976,
        0.7030537587591704,
        0.013039485950996025,
        0.5501525204750821,
        0.5677415591468844,
        -0.6123740318322802,
        -0.4379347498848961,
        -0.4282346828669466,
        -0.7904609131784197
      ],
      "cam_t_m2c": [
        -93.4497229930772,
        -26.652441889764336,
        794.2357829000251
      ],
      "obj_id": 28
    },
    {
      "cam_R_m2c": [
        -0.47645792329580494,
        -0.8791022941566377,
        -0.012958128247143938,
        0.707991077648979,
        -0.3923734814994775,
        0.5871898213647789,
        -0.5212840502863668,
        0.2705966675071036,
        0.8093458099753574
      ],
      "cam_t_m2c": [
        9.62459405464631,
        52.288873870539206,
        734.5704965769635
      ],
      "obj_id": 28
    }
  ],
  "186": [
    {
      "cam_R_m2c": [
        0.0331226865289275,
        -0.9458120665674813,
        -0.32302167290890177,
        0.5772458048476117,
        0.2819461968731273,
        -0.7663511405094979,
        0.815898373903371,
        -0.16107914855545602,
        0.5553052612901176
      ],
      "cam_t_m2c": [
        60.94136474011367,
        -42.91565646911374,
        797.9142651771493
      ],
      "obj_id": 19
    },
    {
      "cam_R_m2c": [
        -0.9436245520087538,
        0.03149402978145399,
        -0.32951695266453096,
        0.24274740105838968,
        -0.6109461407714867,
        -0.7535376102759076,
        -0.22504885751323528,
        -0.791045485000632,
        0.5688590926016888
      ],
      "cam_t_m2c": [
        29.328815616765993,
        69.45749052584563,
        706.2861225391416
      ],
      "obj_id": 20
    },
    {
      "cam_R_m2c": [
        0.3693905307886392,
        -0.9154246569100977,
        0.1598402685517249,
        -0.005801960617695237,
        -0.17427387181340953,
        -0.9846803409637954,
        0.9292563684446806,
        0.3628044929043583,
        -0.06968586803161353
      ],
      "cam_t_m2c": [
        2.540961375287843,
        -21.47340515940632,
        719.9419968951797
      ],
      "obj_id": 20
    },
    {
      "cam_R_m2c": [
        -0.9999662091287904,
        0.006746304117410016,
        -0.004757342440732921,
        -0.008252236361530855,
        -0.8024946114274748,
        0.5966026593379203,
        0.00020742505149739154,
        0.5966220841175908,
        0.8025226846043434
      ],
      "cam_t_m2c": [
        -108.08162906312197,
        -31.67117870936483,
        796.570274415291
      ],
      "obj_id": 21
    },
    {
      "cam_R_m2c": [
        -0.3721412164756155,
        0.9279720622854692,
        -0.019476465558451957,
        0.7434200836572907,
        0.2854359676723038,
        -0.6048581191910587,
        -0.5557323306443954,
        -0.23957222845624737,
        -0.7960950450598882
      ],
      "cam_t_m2c": [
        8.964134231256814,
        5.104643923328671,
        774.4268588309752
      ],
      "obj_id": 21
    },
    {
      "cam_R_m2c": [
        -0.36333876869064446,
        -0.9080438106840208,
        0.2084273404929726,
        0.7385484670572752,
        -0.14435437928788333,
        0.6585654075098136,
        -0.5679190377035582,
        0.39321630339006397,
        0.7230833455985363
      ],
      "cam_t_m2c": [
        -35.60474364047048,
        -27.644860889032476,
        735.4662596044315
      ],
      "obj_id": 23
    },
    {
      "cam_R_m2c": [
        -0.9015733467517807,
        -0.43123582513055586,
        0.03466630582170399,
        -0.3612297085272009,
        0.7062694334123711,
        -0.6088489174087922,
        0.23807412727702476,
        -0.5614446070507556,
        -0.7925283966793731
      ],
      "cam_t_m2c": [
        -13.001536023003808,
        -60.429551446129466,
        820.6959765950321
      ],
      "obj_id": 28
    },
    {
      "cam_R_m2c": [
        -0.9892063099910839,
        0.14494167543980155,
        -0.021525744082734697,
        -0.12985413786988556,
        -0.7990482211673595,
        0.5870777551631502,
        0.0678922806640757,
        0.5835364992698947,
        0.8092443220887229
      ],
      "cam_t_m2c": [
        -72.11979833402901,
        41.771436595557425,
        740.1239563544929
      ],
      "obj_id": 28
    }
  ],
  "194": [
    {
      "cam_R_m2c": [
        0.02861020245289002,
        -0.9365589283724219,
        0.349342137699468,
        0.6046842842413928,
        -0.26207107143476854,
        -0.7521140150321685,
        0.7959516182895469,
        0.2327602529626559,
        0.5588242074616364
      ],
      "cam_t_m2c": [
        74.90516257178079,
        9.45650581197641,
        759.7604306735991
      ],
      "obj_id": 19
    },
    {
      "cam_R_m2c": [
        -0.9383894096615946,
        0.016700261923848488,
        0.34517749612877874,
        -0.28293659458861725,
        -0.610639223431906,
        -0.7396394079148276,
        0.19842716578875674,
        -0.7917332350156455,
        0.5777421245488894
      ],
      "cam_t_m2c": [
        -44.379047775734016,
        78.47300020888824,
        699.8955190874165
      ],
      "obj_id": 20
    },
    {
      "cam_R_m2c": [
        0.6449132066232889,
        -0.4880068064674557,
        0.5881644328004125,
        0.28285527768406293,
        -0.5625315991029202,
        -0.7768853990170992,
        0.7099861315849454,
        0.6673891562688691,
        -0.22474921479959636
      ],
      "cam_t_m2c": [
        -11.553840258768055,
        -11.575259693834909,
        712.9992373177113
      ],
      "obj_id": 20
    },
    {
      "cam_R_m2c": [
        -0.7729591943269232,
        0.6344486572630675,
        -0.0031722718120061762,
        -0.511410015791715,
        -0.6200844954141307,
        0.5949410346147402,
        0.37549273857273957,
        0.46148699643666297,
        0.8037635081095886
      ],
      "cam_t_m2c": [
        -62.11867470529762,
        -68.25784418980969,
        825.8801692469608
      ],
      "obj_id": 21
    },
    {
      "cam_R_m2c": [
        -0.8926925121341157,
        0.4504855684428463,
        0.012802669140652012,
        0.34450754264148936,
        0.70044782582278,
        -0.6250497788276178,
        -0.2905429528256006,
        -0.5535667024223476,
        -0.7804803080761739
      ],
      "cam_t_m2c": [
        0.3174822203915375,
        22.001215104459803,
        762.3621455474191
      ],
      "obj_id": 21
    },
    {
      "cam_R_m2c": [
        -0.8742446091461563,
        -0.4711782163809735,
        0.1169980252398781,
        0.3859699997155862,
        -0.528372031347327,
        0.7562076389497048,
        -0.2944895258064228,
        0.706268263965719,
        0.6437871288468175
      ],
      "cam_t_m2c": [
        -30.561441427543702,
        -35.08718989915593,
        740.6966538051345
      ],
      "obj_id": 23
    },
    {
      "cam_R_m2c": [
        -0.4241750046829157,
        -0.9052441007186759,
        0.024693771336363957,
        -0.7381398058260378,
        0.32981978267066026,
        -0.5885306776612337,
        0.5246194714228858,
        -0.2678669101059561,
        -0.8080980941666404
      ],
      "cam_t_m2c": [
        36.170510367571374,
        -41.34455827580774,
        806.3658505157476
      ],
      "obj_id": 28
    },
    {
      "cam_R_m2c": [
        -0.6584056413827555,
        0.752577473322424,
        -0.011411516441930664,
        -0.6075539928410948,
        -0.5224576985892632,
        0.5982607587766644,
        0.4442757370028915,
        0.40083086571143905,
        0.801220638001559
      ],
      "cam_t_m2c": [
        -92.86368045599052,
        8.41144610194233,
        766.3250691943024
      ],
      "obj_id": 28
    }
  ],
  "2": [
    {
      "cam_R_m2c": [
        -0.0699844968014467,
        0.7735805243016356,
        0.6298214755691088,
        0.32927862488858256,
        -0.5780670392144557,
        0.7466012971926961,
        0.9416353774252725,
        0.25963769839363876,
        -0.21426803879305162
      ],
      "cam_t_m2c": [
        -83.31239404740633,
        91.97215733812166,
        741.1553135839771
      ],
      "obj_id": 19
    },
    {
      "cam_R_m2c": [
        0.7748990968208719,
        0.0008778676375049963,
        0.6320841544583453,
        -0.6026115754413104,
        -0.30077352097857263,
        0.7391846772231333,
        0.19076349894959282,
        -0.9536949099339979,
        -0.23254035204982546
      ],
      "cam_t_m2c": [
        -103.51543524996539,
        -51.48995974970453,
        775.9335857699551
      ],
      "obj_id": 20
    },
    {
      "cam_R_m2c": [
        -0.1541576016197635,
        0.9812462037913932,
        0.11571979082704373,
        0.8559431536907934,
        0.07412277968989191,
        0.5117289862416003,
        0.49355442217704715,
        0.17793666647695608,
        -0.85131796048376
      ],
      "cam_t_m2c": [
        -48.904571964821976,
        1.551383769421021,
        716.1682698314194
      ],
      "obj_id": 20
    },
    {
      "cam_R_m2c": [
        0.9420346484722995,
        0.3354773516499428,
        0.00504135601772482,
        -0.3209511357649063,
        0.8966611122850622,
        0.30494037290734194,
        0.09778050987162894,
        -0.2888827926935743,
        0.9523578155310577
      ],
      "cam_t_m2c": [
        72.52293825920808,
        29.101570110532215,
        769.0767717857864
      ],
      "obj_id": 21
    },
    {
      "cam_R_m2c": [
        0.05273035546113696,
        -0.997555399362801,
        0.04585277688517359,
        -0.9534229720439127,
        -0.06394684064903312,
        -0.2947793268405405,
        0.296991312933105,
        -0.02817343783766428,
        -0.9544643135981323
      ],
      "cam_t_m2c": [
        -53.872002167932116,
        30.782595843836525,
        769.4657145048066
      ],
      "obj_id": 21
    },
    {
      "cam_R_m2c": [
        0.016018351029286476,
        0.9662217811096251,
        -0.25721318539488564,
        -0.9493056040327993,
        0.0954678111858974,
        0.29950656368101614,
        0.31394580035696507,
        0.23937651078805203,
        0.9187690818759832
      ],
      "cam_t_m2c": [
        -10.438713802110088,
        5.0728124888309765,
        725.3055726371011
      ],
      "obj_id": 23
    },
    {
      "cam_R_m2c": [
        0.9965770830899839,
        0.08245189440679705,
        0.005960745193742089,
        0.08052813987207919,
        -0.9519727718105268,
        -0.29540224354766903,
        -0.01868188263104783,
        0.29487158391279195,
        -0.9553540937146945
      ],
      "cam_t_m2c": [
        -5.521769410607006,
        94.82866798569381,
        748.1437741480139
      ],
      "obj_id": 28
    },
    {
      "cam_R_m2c": [
        0.9770471132076114,
        0.2128901080016554,
        0.007516166721068396,
        -0.20639265723197445,
        0.9373124606836462,
        0.2807968254766124,
        0.05273411658737349,
        -0.2759034113604649,
        0.9597375178573019
      ],
      "cam_t_m2c": [
        5.317468292582236,
        -40.94592067134102,
        788.3523543243427
      ],
      "obj_id": 28
    }
  ],
  "20": [
    {
      "cam_R_m2c": [
        -0.05274550431058075,
        0.6291271471705393,
        -0.7755107712055146,
        0.24877679161729835,
        0.7603850378172923,
        0.5999363321716937,
        0.9671237202146048,
        -0.1612852794281925,
        -0.19661924420860882
      ],
      "cam_t_m2c": [
        -100.0617499384697,
        -38.46945735466862,
        778.5273189494399
      ],
      "obj_id": 19
    },
    {
      "cam_R_m2c": [
        0.6439982937652314,
        0.005210456433880158,
        -0.7650091939132188,
        0.7317614840802947,
        -0.29586213026420793,
        0.6139948071677628,
        -0.22313825210949248,
        -0.9552165589824524,
        -0.1943476322457991
      ],
      "cam_t_m2c": [
        48.81710338346169,
        -58.66333196187179,
        779.8108570854835
      ],
      "obj_id": 20
    },
    {
      "cam_R_m2c": [
        -0.6755296227994539,
        -0.006083423286436008,
        -0.7373077624908788,
        0.05965223791497111,
        0.9962366211046465,
        -0.06287371221475314,
        0.7349160309036143,
        -0.08645519942609096,
        -0.6726249156908162
      ],
      "cam_t_m2c": [
        -18.96734727242261,
        -19.42155533216113,
        721.5378949092417
      ],
      "obj_id": 20
    },
    {
      "cam_R_m2c": [
        0.3518903197684558,
        -0.9358574488606004,
        -0.018548551437325082,
        0.8952495067254781,
        0.33070327114213766,
        0.2986009979002063,
        -0.27331412308043407,
        -0.12168042866282175,
        0.9541978944044462
      ],
      "cam_t_m2c": [
        -31.797838931429762,
        114.29475219724496,
        744.7123715364988
      ],
      "obj_id": 21
    },
    {
      "cam_R_m2c": [
        0.9985378290731646,
