{
    "5": [
        {
            "cam_R_m2c": [
                0.2763271263163425,
                0.9599979184368522,
                0.04524024598488038,
                0.9223240434602478,
                -0.2516647800041956,
                -0.29323028338478246,
                -0.2701147536633441,
                0.12275372967047375,
                -0.9549712047048373
            ],
            "cam_t_m2c": [
                -74.4645098789799,
                14.501374159805776,
                767.2658870207043
            ],
            "obj_id": 19
        },
        {
            "cam_R_m2c": [
                -0.04526824711833104,
                0.6628262262720085,
                0.7474031966582543,
                0.32514069796958994,
                -0.6976578461412839,
                0.6384026114961928,
                0.9445819264693152,
                0.271910449661104,
                -0.1839297404347355
            ],
            "cam_t_m2c": [
                -27.47657820842293,
                56.336434145524855,
                735.0552355374148
            ],
            "obj_id": 20
        },
        {
            "cam_R_m2c": [
                0.01131992269086205,
                0.19418832098586933,
                0.9808986189713355,
                -0.2804106340188574,
                0.942217430470182,
                -0.1832948845177851,
                -0.9598137418421471,
                -0.27297920895902833,
                0.06511837858734272
            ],
            "cam_t_m2c": [
                35.955755626061666,
                -77.74657787705719,
                779.1550710989461
            ],
            "obj_id": 21
        },
        {
            "cam_R_m2c": [
                0.4176690196382652,
                0.9085988897701692,
                5.854642710815261e-05,
                0.8683127946290733,
                -0.39913146006940814,
                -0.29449584040793464,
                -0.26755489825008677,
                0.12305264807285338,
                -0.9556531139103291
            ],
            "cam_t_m2c": [
                -55.093997110869346,
                -56.945872302491594,
                789.9640674590179
            ],
            "obj_id": 22
        },
        {
            "cam_R_m2c": [
                0.7028623544746526,
                -0.7105610187769148,
                0.03296828728178096,
                0.6811788563985454,
                0.6857014921260015,
                0.2565339092898924,
                -0.20488907558139205,
                -0.15785062260816693,
                0.9659731419609037
            ],
            "cam_t_m2c": [
                42.23683412476662,
                27.566244054499823,
                761.5907189189093
            ],
            "obj_id": 23
        },
        {
            "cam_R_m2c": [
                -0.6071466057082552,
                -0.6479825564729511,
                -0.45988147609996816,
                0.5071301054402477,
                0.1295592943869199,
                -0.852076442242912,
                0.6117127703948881,
                -0.7505552058192361,
                0.2499496548581844
            ],
            "cam_t_m2c": [
                22.680625387073217,
                99.95050266892021,
                742.4812559878754
            ],
            "obj_id": 24
        }
    ],
    "13": [
        {
            "cam_R_m2c": [
                -0.38689523062229725,
                0.9197717321605039,
                0.06582194394701356,
                0.8811058625018682,
                0.3897944887806609,
                -0.26779199759683026,
                -0.27196485025903,
                -0.04561087018273815,
                -0.9612254672377946
            ],
            "cam_t_m2c": [
                -53.62386607277902,
                -26.249541213638118,
                780.1717699897795
            ],
            "obj_id": 19
        },
        {
            "cam_R_m2c": [
                -0.028176421215393203,
                0.9897575729344587,
                0.1399519768620788,
                0.3023466729139214,
                -0.12501135433113,
                0.9449648065243038,
                0.9527812217136296,
                0.0689403004942456,
                -0.29572753552154435
            ],
            "cam_t_m2c": [
                -50.43918319351481,
                34.11034560367195,
                741.760062781758
            ],
            "obj_id": 20
        },
        {
            "cam_R_m2c": [
                0.016253107433940837,
                -0.48681837462814515,
                0.8733522820848264,
                -0.3020543576083089,
                0.8302668290049301,
                0.4684228826382666,
                -0.9531518897882281,
                -0.2714135570295019,
                -0.13355073618371543
            ],
            "cam_t_m2c": [
                89.18814667135167,
                -31.370556099370738,
                764.7842591861912
            ],
            "obj_id": 21
        },
        {
            "cam_R_m2c": [
                -0.28626270716938335,
                0.9579886125856529,
                0.017663090698251626,
                0.9123012578234261,
                0.2781519664115078,
                -0.3005623400229812,
                -0.2928485707968888,
                -0.06992518969088304,
                -0.9535983496774457
            ],
            "cam_t_m2c": [
                7.520250215367913,
                -70.08596215173063,
                794.0690848285764
            ],
            "obj_id": 22
        },
        {
            "cam_R_m2c": [
                0.07982289595973636,
                -0.9961794659332703,
                0.03542997787159455,
                0.957101641615524,
                0.08652698998238639,
                0.27653095986707477,
                -0.27854016134357423,
                0.011835993109782159,
                0.9603514455157659
            ],
            "cam_t_m2c": [
                25.277798228261844,
                56.65592571013413,
                752.4121934772065
            ],
            "obj_id": 23
        },
        {
            "cam_R_m2c": [
                -0.660136489227701,
                -0.7198811921440499,
                0.2144560297528186,
                0.0859338672561353,
                -0.35600882657921884,
                -0.9305229298500792,
                0.7462135248459351,
                -0.5958432374851846,
                0.2968768057216598
            ],
            "cam_t_m2c": [
                -38.511003858603324,
                99.4899517241445,
                742.501645286248
            ],
            "obj_id": 24
        }
    ],
    "20": [
        {
            "cam_R_m2c": [
                -0.8483515540701397,
                0.5290814475923429,
                0.01932376662672776,
                0.5089807540252459,
                0.8250806954010523,
                -0.2453177845795017,
                -0.1457368174591125,
                -0.19828037437016538,
                -0.9692504082634799
            ],
            "cam_t_m2c": [
                -18.113094176063267,
                -44.380987911999995,
                785.5987656060188
            ],
            "obj_id": 19
        },
        {
            "cam_R_m2c": [
                -0.033442007208712855,
                0.887898158159833,
                -0.4588239776368703,
                0.2898682550246682,
                0.44796471515884506,
                0.8457566962818645,
                0.9564824033522922,
                -0.10471471675841884,
                -0.2723544015815136
            ],
            "cam_t_m2c": [
                -54.38701565264404,
                5.829010731580357,
                751.6237579391988
            ],
            "obj_id": 20
        },
        {
            "cam_R_m2c": [
                0.0115918346015221,
                -0.9003525849275099,
                0.4350078221522838,
                -0.3080815295314804,
                0.4106581763135815,
                0.8581643201404959,
                -0.9512896281219222,
                -0.14396563998147457,
                -0.2726217766359185
            ],
            "cam_t_m2c": [
                99.52509300732578,
                29.131583228329927,
                746.4914073670185
            ],
            "obj_id": 21
        },
        {
            "cam_R_m2c": [
                -0.773922814370093,
                0.6331652444268228,
                0.012090728542634061,
                0.59975385722594,
                0.7389460567575872,
                -0.3070087986595258,
                -0.20332176875521,
                -0.23034969035049427,
                -0.9516301633177582
            ],
            "cam_t_m2c": [
                57.84313643075356,
                -45.60275649361934,
                786.1659894154263
            ],
            "obj_id": 22
        },
        {
            "cam_R_m2c": [
                -0.5208522059972058,
                -0.8528166021949549,
                0.0376534414436102,
                0.8131040377958229,
                -0.4821995620325575,
                0.32610700712497537,
                -0.259953070088403,
                0.2004697043671112,
                0.944582968164593
            ],
            "cam_t_m2c": [
                -2.9347583603897682,
                66.13761468679886,
                749.6263461126858
            ],
            "obj_id": 23
        },
        {
            "cam_R_m2c": [
                -0.4534626703982874,
                -0.5047419985960927,
                0.7345801988243018,
                -0.24279489815230512,
                -0.7230628641439256,
                -0.6467078946266166,
                0.8575680525164894,
                -0.4716099525325115,
                0.20533331122190318
            ],
            "cam_t_m2c": [
                -79.26019349554673,
                68.50561091979579,
                751.9070865873479
            ],
            "obj_id": 24
        }
    ],
    "29": [
        {
            "cam_R_m2c": [
                -0.9704293409164334,
                -0.24081960988858123,
                -0.016525300729816762,
                -0.23047232556466254,
                0.9447337716304999,
                -0.2331540043341392,
                0.07175989040362338,
                -0.22245134952061038,
                -0.9722997305614309
            ],
            "cam_t_m2c": [
                31.46372043932745,
                -31.725462480647334,
                782.3398222177447
            ],
            "obj_id": 19
        },
        {
            "cam_R_m2c": [
                -0.019802128828126393,
                0.29308520543138866,
                -0.9558813809484337,
                0.26771587420687826,
                0.9227105822078138,
                0.2773689735932177,
                0.9632947152454473,
                -0.2504124360293364,
                -0.09673559669232382
            ],
            "cam_t_m2c": [
                -33.55775137276952,
                -23.763126799839807,
                760.121166574647
            ],
            "obj_id": 20
        },
        {
            "cam_R_m2c": [
                -0.0038295723131893857,
                -0.9367917328498159,
                -0.3498669396901623,
                -0.29169094033139736,
                -0.3336075421488288,
                0.8964499783120812,
                -0.9565052662017774,
                0.10548591189210962,
                -0.27197659040696315
            ],
            "cam_t_m2c": [
                56.28402574347203,
                97.91608895821199,
                726.0142476334078
            ],
            "obj_id": 21
        },
        {
            "cam_R_m2c": [
                -0.9944769626364628,
                -0.10228507231263409,
                0.023528641781370024,
                -0.10467979257578999,
                0.9503640248972772,
                -0.29300262204724065,
                0.007608788927875621,
                -0.29384780772303787,
                -0.9558224002865521
            ],
            "cam_t_m2c": [
                88.12968458243154,
                18.350384358305384,
                768.0835130528836
            ],
            "obj_id": 22
        },
        {
            "cam_R_m2c": [
                -0.9746606795098958,
                -0.22362051716731055,
                -0.0055411245289828425,
                0.20995573834607972,
                -0.9230850522382209,
                0.3222308791135988,
                -0.07717274173182687,
                0.3129027388677264,
                0.946645192744689
            ],
            "cam_t_m2c": [
                -39.032252248086195,
                54.66651261847982,
                752.9554873740062
            ],
            "obj_id": 23
        },
        {
            "cam_R_m2c": [
                0.023655870145729133,
                0.06058927930529114,
                0.9978825675914572,
                -0.42651625789534786,
                -0.9021494895016821,
                0.0648872292214032,
                0.9041710866150203,
                -0.42714781275030217,
                0.004501435915000588
            ],
            "cam_t_m2c": [
                -95.2872708317194,
                5.17071356210214,
                770.8302359029288
            ],
            "obj_id": 24
        }
    ],
    "35": [
        {
            "cam_R_m2c": [
                -0.7159361608958033,
                -0.6971840017654862,
                -0.03700568656751086,
                -0.6660116397624856,
                0.6979040602550786,
                -0.26335836213944813,
                0.20943534784187667,
                -0.1639012047329754,
                -0.9639885356928288
            ],
            "cam_t_m2c": [
                54.869803599150316,
                -7.172030675753144,
                775.1575402424032
            ],
            "obj_id": 19
        },
        {
            "cam_R_m2c": [
                0.0020631616652494736,
                -0.1966679828290669,
                -0.980467743067864,
                0.25170418751850554,
                0.9490046344925196,
                -0.189827282933976,
                0.9678025094671577,
                -0.24639573486940272,
                0.05146000242451618
            ],
            "cam_t_m2c": [
                -11.211803903707189,
                -31.146249311964667,
                763.1061132049891
            ],
            "obj_id": 20
        },
        {
            "cam_R_m2c": [
                -0.003235815059912703,
                -0.6503319195473088,
                -0.7596429908317082,
                -0.30088469023446146,
                -0.7238116328823904,
                0.6209382636089075,
                -0.9536555455963363,
                0.23057384421288046,
                -0.19333252635521056
            ],
            "cam_t_m2c": [
                4.513922409839372,
                117.11526538906656,
                720.3227442494873
            ],
            "obj_id": 21
        },
        {
            "cam_R_m2c": [
                -0.8143853390405246,
                -0.5802013090427289,
                0.011938082216578046,
                -0.5573318676399255,
                0.7762210606076166,
                -0.2947223302553794,
                0.16173142128197646,
                -0.2466706783939844,
                -0.9555088711479021
            ],
            "cam_t_m2c": [
                76.42149942316212,
                63.99376240449388,
                755.0828398608753
            ],
            "obj_id": 22
        },
        {
            "cam_R_m2c": [
                -0.962898021958189,
                0.26977773241674724,
                -0.006850154173490189,
                -0.25685289107423764,
                -0.9083886291534229,
                0.329933153090006,
                0.08278588328741397,
                0.31945109891035645,
                0.9439799634239974
            ],
            "cam_t_m2c": [
                -54.842750919646846,
                33.345790050511766,
                759.2369773056721
            ],
            "obj_id": 23
        },
        {
            "cam_R_m2c": [
                0.3442439586246786,
                0.41303620387492707,
                0.8431469302019519,
                -0.3211551336945058,
                -0.7920603583222703,
                0.5191329060990164,
                0.8822445606251968,
                -0.4494903459735664,
                -0.14001305397468633
            ],
            "cam_t_m2c": [
                -73.89041613328783,
                -35.011184907130186,
                783.0342253318207
            ],
            "obj_id": 24
        }
    ],
    "45": [
        {
            "cam_R_m2c": [
                0.06421636460419018,
                -0.9965803440836609,
                -0.05201134599114491,
                -0.9503471177816248,
                -0.04516869005568209,
                -0.30789639548713105,
                0.3044945948278636,
                0.06920089768762562,
                -0.9499973560122849
            ],
            "cam_t_m2c": [
                53.73105039061718,
                46.94124644840192,
                759.5091693906495
            ],
            "obj_id": 19
        },
        {
            "cam_R_m2c": [
                0.018987870565662025,
                -0.8917916503952955,
                -0.4520491071436977,
                0.2687594239938893,
                0.4400412832301352,
                -0.8568150950216873,
                0.9630203476903413,
                -0.10522350318113975,
                0.24803325271673626
            ],
            "cam_t_m2c": [
                26.659166115105172,
                -18.361948289669517,
                758.8344059840288
            ],
            "obj_id": 20
        },
        {
            "cam_R_m2c": [
                0.00774023489828525,
                0.1872203009894158,
                -0.9822881129675358,
                -0.28558579267607165,
                -0.9409900557190218,
                -0.18159994010435415,
                -0.958322062300498,
                0.281933535207504,
                0.046184116055036854
            ],
            "cam_t_m2c": [
                -81.39364435525592,
                89.07052715830551,
                727.7803281390039
            ],
            "obj_id": 21
        },
        {
            "cam_R_m2c": [
                -0.05898053759932891,
                -0.9979704551455132,
                0.024032657662672836,
                -0.9559291154860051,
                0.04952638730517788,
                -0.28939028058915794,
                0.2876130887542403,
                -0.04004186632485138,
                -0.9569096268550534
            ],
            "cam_t_m2c": [
                12.214775375491246,
                108.55408316430156,
                740.910348824115
            ],
            "obj_id": 22
        },
        {
            "cam_R_m2c": [
                -0.4026335623607109,
                0.9144611003829949,
                -0.04060076121662438,
                -0.8809334060497894,
                -0.3750576132055276,
                0.28859692210235466,
                0.24868343933219678,
                0.1519654616410455,
                0.9565896208359939
            ],
            "cam_t_m2c": [
                -49.88807586132731,
                -5.200693962230562,
                771.3329370206525
            ],
            "obj_id": 23
        },
        {
            "cam_R_m2c": [
                0.6548051726881992,
                0.7456419003629973,
                0.12348949919072734,
                0.12723759858053688,
                -0.2698109432395476,
                0.954469863198283,
                0.7450111608996278,
                -0.6092789879063851,
                -0.27154770283119795
            ],
            "cam_t_m2c": [
                -7.531622070018057,
                -65.27083710676754,
                793.5687799460575
            ],
            "obj_id": 24
        }
    ],
    "54": [
        {
            "cam_R_m2c": [
                0.7595947809181496,
                -0.6496260764537255,
                -0.031653177188947494,
                -0.6226666223829215,
                -0.7122878868485665,
                -0.32393298698203876,
                0.1878890305728528,
                0.26576704936546963,
                -0.9455503108735811
            ],
            "cam_t_m2c": [
                16.362851354444835,
                79.93348800275858,
                746.8408103763105
            ],
            "obj_id": 19
        },
        {
            "cam_R_m2c": [
                0.0377366192590688,
                -0.9584144810544598,
                0.28287421981339644,
                0.3101670333674755,
                -0.25786081207424283,
                -0.9150434640290942,
                0.9499327643276368,
                0.12226885370772538,
                0.28753762180097536
            ],
            "cam_t_m2c": [
                42.610423820172144,
                14.382537119139737,
                749.4638338993186
            ],
            "obj_id": 20
        },
        {
            "cam_R_m2c": [
                0.01815244209045431,
                0.8203992721626604,
                -0.5715030416975216,
                -0.28051487495902117,
                -0.5444608669351609,
                -0.7904897841496213,
                -0.9596779533556615,
                0.17466432885219368,
                0.2202507762538355
            ],
            "cam_t_m2c": [
                -113.33952008151114,
                16.535745535847,
                748.1448794602758
            ],
            "obj_id": 21
        },
        {
            "cam_R_m2c": [
                0.6726988998378954,
                -0.7399096055743327,
                0.0031874671278503994,
                -0.7060810425057047,
                -0.6432190658257033,
                -0.2961741443582987,
                0.22119221270302128,
                0.19698530995813449,
                -0.9551285791161529
            ],
            "cam_t_m2c": [
                -59.9315280326947,
                94.77246680456969,
                742.8544970707309
            ],
            "obj_id": 22
        },
        {
            "cam_R_m2c": [
                0.36953846975152205,
                0.9276877495144313,
                -0.05326321464393427,
                -0.8905141779476526,
                0.3699355506801735,
                0.2648254567584115,
                0.26537914033256077,
                -0.05043150482384577,
                0.9628241710229131
            ],
            "cam_t_m2c": [
                -18.541644050419908,
                -28.824165903196928,
                777.9645472383622
            ],
            "obj_id": 23
        },
        {
            "cam_R_m2c": [
                0.5043282876792293,
                0.6013724776310561,
                -0.6196808228537204,
                0.6155766154259334,
                0.25288473405377415,
                0.7464014143714686,
                0.6055729100128768,
                -0.7578920743517668,
                -0.24265377441534558
            ],
            "cam_t_m2c": [
                57.022732572364966,
                -40.704814489106994,
                785.0560932355634
            ],
            "obj_id": 24
        }
    ],
    "60": [
        {
            "cam_R_m2c": [
                0.9814660940465273,
                -0.19105937695974645,
                -0.014871760868981407,
                -0.18507879533543847,
                -0.9248893956197264,
                -0.3321543550785508,
                0.049706896562427834,
                0.32875060759162217,
                -0.9431082247266468
            ],
            "cam_t_m2c": [
                -17.747274153109768,
                82.58894149701587,
                746.1841713390595
            ],
            "obj_id": 19
        },
        {
            "cam_R_m2c": [
                0.027426569805252418,
                -0.6899246299479056,
                0.7233618308363728,
                0.3230203306422029,
                -0.6786947823305008,
                -0.6595697949784739,
                0.94599497269326,
                0.2517500278964526,
                0.2042457497642238
            ],
            "cam_t_m2c": [
                34.832585788816466,
                37.04965843844985,
                742.4711349890171
            ],
            "obj_id": 20
        },
        {
            "cam_R_m2c": [
                0.014051027696855331,
                0.9953100765023967,
                -0.09571294922955924,
                -0.306836871746755,
                -0.08681208057960302,
                -0.9477952556348445,
                -0.9516588230809778,
                0.042686179141538154,
                0.30417801504685116
            ],
            "cam_t_m2c": [
                -99.78706366481255,
                -34.455454093949506,
                764.1749939867585
            ],
            "obj_id": 21
        },
        {
            "cam_R_m2c": [
                0.9424748690087867,
                -0.3340660597881712,
                0.011896966285388921,
                -0.3152627832444775,
                -0.9001324076799644,
                -0.30061950617678174,
                0.11113602791237784,
                0.27957554985046384,
                -0.9536703768342981
            ],
            "cam_t_m2c": [
                -91.3428818376556,
                59.55170735978978,
                752.9456774838148
            ],
            "obj_id": 22
        },
        {
            "cam_R_m2c": [
                0.7712543910102853,
                0.6349997408382514,
                -0.044074042266387344,
                -0.6032798542940286,
                0.7513007132772888,
                0.2675849771873797,
                0.20302959865948034,
                -0.1797868772447892,
                0.9625261320409324
            ],
            "cam_t_m2c": [
                7.809049748943511,
                -27.739369656172382,
                777.4090448041094
            ],
            "obj_id": 23
        },
        {
            "cam_R_m2c": [
                0.24582523515903984,
                0.2870949052602194,
                -0.9258223407439382,
                0.816698994589373,
                0.4531009429480406,
                0.3573560610926154,
                0.5220858763375198,
                -0.8439649561234274,
                -0.12308686889195718
            ],
            "cam_t_m2c": [
                78.98186297303461,
                -1.3260776540898744,
                774.8123107774576
            ],
            "obj_id": 24
        }
    ],
    "65": [
        {
            "cam_R_m2c": [
                0.9746796016781744,
                0.22349557067904072,
                0.007035003342411272,
                0.2130336269959415,
                -0.9185752760001604,
                -0.33292119476616605,
                -0.06794423762267651,
                0.3259900857384702,
                -0.9429288660505715
            ],
            "cam_t_m2c": [
                -45.25810236844049,
                71.59723580895098,
                749.0196035159182
            ],
            "obj_id": 19
        },
        {
            "cam_R_m2c": [
                -0.001126312477464813,
                -0.2944178818565247,
                0.9556761642062589,
                0.33771075675287704,
                -0.8996427452193594,
                -0.2767575814304965,
                0.9412497212935024,
                0.32243031346159257,
                0.10044129125127449
            ],
            "cam_t_m2c": [
                21.178076691562882,
                52.54628387442537,
                738.4397561043315
            ],
            "obj_id": 20
        },
        {
            "cam_R_m2c": [
                -0.008840922587911738,
                0.9408015283957094,
                0.3388427520567544,
                -0.28593812292106696,
                0.32232847509360596,
                -0.902410172668947,
                -0.9582077498102735,
                -0.10486619845527591,
                0.266161222224582
            ],
            "cam_t_m2c": [
                -69.34171578063733,
                -67.18717587007383,
                774.8910831978146
            ],
            "obj_id": 21
        },
        {
            "cam_R_m2c": [
                0.9922097030697987,
                0.12447458610031681,
                0.0051060475434506186,
                0.12087311898011639,
                -0.9519609599321038,
                -0.28135459794343215,
                -0.030160766170164298,
                0.2797798340020632,
                -0.959590736982218
            ],
            "cam_t_m2c": [
                -100.17267654966768,
                22.1023233570757,
                765.3514790833669
            ],
            "obj_id": 22
        },
        {
            "cam_R_m2c": [
                0.966905470920844,
                0.2545261538420099,
                -0.017616344189056065,
                -0.2421734232886425,
                0.9373210923128327,
                0.25056255379761067,
                0.08028682523211865,
                -0.23800398274458906,
                0.967940561286073
            ],
            "cam_t_m2c": [
                25.883286220635675,
                -17.596018304838488,
                774.5263419325076
            ],
            "obj_id": 23
        },
        {
            "cam_R_m2c": [
                -0.04203576053523114,
                -0.04580206608116459,
                -0.9980657554872538,
                0.8451853318826607,
                0.531098691140669,
                -0.05996934269484379,
                0.5328183589827108,
                -0.8460714520601778,
                0.016386132691600153
            ],
            "cam_t_m2c": [
                79.84515734027762,
                35.12526939433819,
                762.8060046740485
            ],
            "obj_id": 24
        }
    ],
    "71": [
        {
            "cam_R_m2c": [
                0.7234786151284566,
                0.6879060421477405,
                0.05800282035262599,
                0.6636437096071123,
                -0.6698922213425632,
                -0.3328993884510391,
                -0.1901476213824611,
                0.2793385099619538,
                -0.9411765634318965
            ],
            "cam_t_m2c": [
                -68.30722990233126,
                46.88887524599776,
                758.0696866541876
            ],
            "obj_id": 19
        },
        {
            "cam_R_m2c": [
                -0.026432800731796574,
                0.20709983478097177,
                0.9779628374890684,
                0.31316117595014553,
                -0.9273452240294945,
                0.20484499573603612,
                0.9493318848777792,
                0.3116742538364268,
                -0.04034321374842834
            ],
            "cam_t_m2c": [
                -3.062170143128786,
                60.10128734926585,
                734.6580394369091
            ],
            "obj_id": 20
        },
        {
            "cam_R_m2c": [
                -0.004312458094899857,
                0.6373504268784667,
                0.7705622518792067,
                -0.28454324505911915,
                0.7379339658506205,
                -0.6119551951597989,
                -0.958653308960507,
                -0.22189704193476376,
                0.17817122083189635
            ],
            "cam_t_m2c": [
                -19.853844561033387,
                -86.42792261036212,
                781.1254018101865
            ],
            "obj_id": 21
        },
        {
            "cam_R_m2c": [
                0.8088630956715476,
                0.5879965703266847,
                0.0009370886658673559,
                0.5605373412438687,
                -0.7706061245378931,
                -0.3032567376168337,
                -0.17759159093631013,
                0.24581817750284932,
                -0.9529082273321876
            ],
            "cam_t_m2c": [
                -89.46112507096551,
                -22.38059614998093,
                779.4294166762269
            ],
            "obj_id": 22
        },
        {
            "cam_R_m2c": [
                0.9603832861928339,
                -0.27838382426458835,
                -0.012912478830980132,
                0.27286951678966354,
                0.9299239741405569,
                0.24654452185996195,
                -0.056626283493458725,
                -0.2403003525873028,
                0.969045222863076
            ],
            "cam_t_m2c": [
                39.872409863953735,
                3.8180810364216287,
                769.5363614175294
            ],
            "obj_id": 23
        },
        {
            "cam_R_m2c": [
                -0.37175122842605246,
                -0.3958032907411214,
                -0.8397268233942612,
                0.7580171318452369,
                0.3927733249288025,
                -0.5207107814013382,
                0.535921033386913,
                -0.8301015196550732,
                0.1540115205404036
            ],
            "cam_t_m2c": [
                61.77299247430075,
                76.00138409342364,
                750.742324571621
            ],
            "obj_id": 24
        }
    ],
    "80": [
        {
            "cam_R_m2c": [
                0.07319472197728943,
                0.9948439221610427,
                0.07020360387545439,
                0.8930122669238078,
                -0.03403571251675864,
                -0.44874422720507323,
                -0.4440410738256742,
                0.09553888611990678,
                -0.8908987255203051
            ],
            "cam_t_m2c": [
                -71.22836001194837,
                -8.720842871084399,
                775.9364323482879
            ],
            "obj_id": 19
        },
        {
            "cam_R_m2c": [
                -0.03837128638887201,
                0.8173036648704519,
                0.5749285450564241,
                0.48783100915952426,
                -0.4868098561635045,
                0.7245949066112859,
                0.8720946269952327,
                0.3082720601018578,
                -0.3800263027533211
            ],
            "cam_t_m2c": [
                -37.183825155805565,
                36.83839035097682,
                732.6340547438853
            ],
            "obj_id": 20
        },
        {
            "cam_R_m2c": [
                -0.0016007904928343518,
                -0.05336638628052214,
                0.998573953027487,
                -0.45931762712690355,
                0.8870456351147623,
                0.04666980065853743,
                -0.8882709470657212,
                -0.4585879930755572,
                -0.025931571939544318
            ],
            "cam_t_m2c": [
                54.71821352165571,
                -73.02291817376464,
                792.1250642514487
            ],
            "obj_id": 21
        },
        {
            "cam_R_m2c": [
                0.21029100503901493,
                0.9775920335494089,
                0.009589372689758565,
                0.8725620532595171,
                -0.18325589531054004,
                -0.4528282883706868,
                -0.44092398070236277,
                0.10359355450833364,
                -0.8915464735342152
            ],
            "cam_t_m2c": [
                -38.80201376056251,
                -69.08562558835432,
                807.3229126754759
            ],
            "obj_id": 22
        },
        {
            "cam_R_m2c": [
                0.5166612347149006,
                -0.8560451527292873,
                0.015757919024914118,
                0.7653745671883748,
                0.4700300102018335,
                0.4396297071228854,
                -0.38374936104730895,
                -0.21507940411076507,
                0.8980411897552195
            ],
            "cam_t_m2c": [
                38.35033387794582,
                27.240705185715488,
                755.2124078840826
            ],
            "obj_id": 23
        },
        {
            "cam_R_m2c": [
                -0.6423970042683278,
                -0.7264816765831907,
                -0.24403060419587067,
                0.4932730617394374,
                -0.14825841832741604,
                -0.8571475046202554,
                0.5865217906679276,
                -0.6710028868950487,
                0.4535945309407152
            ],
            "cam_t_m2c": [
                3.3883658629828286,
                88.42885557150561,
                728.1423701332022
            ],
            "obj_id": 24
        }
    ],
    "103": [
        {
            "cam_R_m2c": [
                -0.9299808636447985,
                -0.3667297500038593,
                -0.02539151420098253,
                -0.32315774271464776,
                0.8485025412393713,
                -0.41906136667494553,
                0.17522693748014675,
                -0.3815141641186468,
                -0.907602583125588
            ],
            "cam_t_m2c": [
                37.27613513556484,
                -32.79363845797371,
                790.1290089247475
            ],
            "obj_id": 19
        },
        {
            "cam_R_m2c": [
                -0.009675074169883207,
                0.16352583456565611,
                -0.9864915290812284,
                0.42994266561486216,
                0.8913725260126948,
                0.14354174014480145,
                0.9028041218900174,
                -0.4227464708758139,
                -0.07893121043402687
            ],
            "cam_t_m2c": [
                -29.71380976447116,
                -36.20544544144965,
                769.5746866811589
            ],
            "obj_id": 20
        },
        {
            "cam_R_m2c": [
                0.015700929348903353,
                -0.8825817736231785,
                -0.4698965004550482,
                -0.46371369895798514,
                -0.42278599912514825,
                0.7786022773834398,
                -0.8858457231373552,
                0.20567263120929014,
                -0.4159039684824347
            ],
            "cam_t_m2c": [
                44.26739523300438,
                86.86129681495362,
                711.2142008412336
            ],
            "obj_id": 21
        },
        {
            "cam_R_m2c": [
                -0.9744271593318129,
                -0.2244903096211802,
                0.009778897353696836,
                -0.20413780506520815,
                0.8662183534687689,
                -0.45606297178052685,
                0.09391089166734357,
                -0.44639695100187304,
                -0.8898935317088109
            ],
            "cam_t_m2c": [
                86.54840644507482,
                19.19617089494101,
                763.6205771192277
            ],
            "obj_id": 22
        },
        {
            "cam_R_m2c": [
                -0.9955789415496508,
                -0.09353165276157147,
