{
    "5": [
        {
            "cam_R_m2c": [
                0.8043820502454254,
                0.5726611107583724,
                -0.1582037136895149,
                0.4999466607065088,
                -0.796311024734714,
                -0.3405035115990646,
                -0.3209722039695882,
                0.19480155840392466,
                -0.9268385103833636
            ],
            "cam_t_m2c": [
                -59.726685970318115,
                7.154479578541677,
                771.4894827411679
            ],
            "obj_id": 19
        },
        {
            "cam_R_m2c": [
                -0.16853045943008937,
                0.12548874470856364,
                0.977675532940222,
                0.6468938700433774,
                -0.7342966968979393,
                0.2057611457662148,
                0.7437247532725975,
                0.6671291516847659,
                0.04257329373624154
            ],
            "cam_t_m2c": [
                -32.981136681938096,
                45.19413106239101,
                745.5676722065956
            ],
            "obj_id": 20
        },
        {
            "cam_R_m2c": [
                0.5543570508514535,
                -0.18910069761282797,
                0.8105117888255843,
                -0.12201025181678199,
                0.9448606588542248,
                0.30389466806356186,
                -0.8232875815731056,
                -0.2673568782076538,
                0.5007176744607631
            ],
            "cam_t_m2c": [
                23.135781745661397,
                -88.70772334087047,
                777.9269980917472
            ],
            "obj_id": 21
        },
        {
            "cam_R_m2c": [
                0.8824608784595146,
                0.4507065441670154,
                -0.13463294256044003,
                0.39689219310356383,
                -0.8670536132357838,
                -0.30115641018591716,
                -0.25246688476245743,
                0.21232395513992458,
                -0.94402302141061
            ],
            "cam_t_m2c": [
                -58.81066743072002,
                -64.95880876624011,
                803.5623364095687
            ],
            "obj_id": 22
        },
        {
            "cam_R_m2c": [
                0.7062011647164871,
                -0.6995695472632156,
                -0.10900329461510666,
                0.6112651566401154,
                0.68012021832936,
                -0.40471196101357737,
                0.3572596818359046,
                0.21917858911960592,
                0.9079246532324505
            ],
            "cam_t_m2c": [
                47.54427956973374,
                26.54940181861296,
                776.5502620526647
            ],
            "obj_id": 23
        },
        {
            "cam_R_m2c": [
                -0.7481779666521674,
                -0.6626024489901331,
                0.03446319964615917,
                0.4291499375951785,
                -0.5228804396694182,
                -0.7364964126874624,
                0.5060242280853399,
                -0.5362407683503816,
                0.675563015134486
            ],
            "cam_t_m2c": [
                33.5203643977068,
                107.33860638236222,
                732.7406282130178
            ],
            "obj_id": 24
        }
    ],
    "13": [
        {
            "cam_R_m2c": [
                -0.520121552587467,
                0.8097981195824626,
                -0.27148000145658857,
                0.7585885226379142,
                0.5840571577047149,
                0.2888259060819052,
                0.3924504606264178,
                -0.05571693009072163,
                -0.9180837031194259
            ],
            "cam_t_m2c": [
                -68.8585141381239,
                -32.52189939135282,
                780.7559964442411
            ],
            "obj_id": 19
        },
        {
            "cam_R_m2c": [
                -0.17278485756566916,
                0.9846591770657144,
                0.02433426353102973,
                0.8108749414238101,
                0.1281784749535419,
                0.5710093982388413,
                0.5591303069515059,
                0.11839442767252516,
                -0.8205826755446911
            ],
            "cam_t_m2c": [
                -56.04496683047302,
                47.77261522416836,
                736.5075187253473
            ],
            "obj_id": 20
        },
        {
            "cam_R_m2c": [
                -0.20288204721636863,
                -0.18140090850258353,
                0.9622540781246262,
                0.3084351169891999,
                0.9208299073537204,
                0.23862171529229567,
                -0.929357938032194,
                0.34520493663659163,
                -0.13086928921873942
            ],
            "cam_t_m2c": [
                85.77484195168728,
                -16.086910905521595,
                759.4911006370197
            ],
            "obj_id": 21
        },
        {
            "cam_R_m2c": [
                -0.6627197139820864,
                0.6076235197663654,
                -0.43771806982537514,
                0.748867670501395,
                0.5377444350216257,
                -0.3873342984888465,
                2.7152265584556633e-05,
                -0.5844867930464166,
                -0.8114028284909747
            ],
            "cam_t_m2c": [
                13.738815587073972,
                -55.19165117598355,
                790.9101240432398
            ],
            "obj_id": 22
        },
        {
            "cam_R_m2c": [
                -0.5318204435367285,
                -0.8326753211706377,
                0.15433614914313318,
                0.7300422189976284,
                -0.3584207336730272,
                0.58187001713729,
                -0.4291913826036703,
                0.42212193293178546,
                0.7985030934351643
            ],
            "cam_t_m2c": [
                26.642429455515078,
                69.93069130723683,
                744.6311169820674
            ],
            "obj_id": 23
        },
        {
            "cam_R_m2c": [
                -0.6534497889070554,
                -0.24517450727634477,
                0.716165604173142,
                -0.3985630239911298,
                -0.6928959082338941,
                -0.6008681917085505,
                0.6435451249903422,
                -0.6780745537154491,
                0.35505547882243443
            ],
            "cam_t_m2c": [
                -50.338093221158935,
                107.6303658416175,
                747.8560559870347
            ],
            "obj_id": 24
        }
    ],
    "20": [
        {
            "cam_R_m2c": [
                -0.6449456564117935,
                0.45598301236780464,
                -0.6132905819665684,
                0.6613003435639143,
                0.7352151422475559,
                -0.14879868263331175,
                0.38305083618528973,
                -0.5015362658992417,
                -0.7757152772920358
            ],
            "cam_t_m2c": [
                -29.891817328902597,
                -40.989470640904216,
                774.1760532079935
            ],
            "obj_id": 19
        },
        {
            "cam_R_m2c": [
                -0.19717151737585376,
                0.5329714432930915,
                -0.8228400745441962,
                0.6029419628177041,
                0.7277379497796167,
                0.3268926348234241,
                0.7730361849545003,
                -0.43167072437380305,
                -0.4648399389502353
            ],
            "cam_t_m2c": [
                -60.34343653868474,
                10.184986001005502,
                765.0258043308161
            ],
            "obj_id": 20
        },
        {
            "cam_R_m2c": [
                0.25971815789832764,
                -0.44235527867598035,
                0.8584107241140493,
                -0.44144823567482916,
                0.7362126899794511,
                0.5129472761757403,
                -0.8588774590811603,
                -0.5121656987683157,
                -0.004069322041714527
            ],
            "cam_t_m2c": [
                85.65746956338658,
                31.778484370640925,
                737.6139318065328
            ],
            "obj_id": 21
        },
        {
            "cam_R_m2c": [
                -0.7035346425226641,
                0.6011007299478455,
                0.37910132729259505,
                0.18406326748172466,
                0.6693708363657946,
                -0.7197663945476379,
                -0.6864114464693343,
                -0.43660173759544046,
                -0.5815660554331957
            ],
            "cam_t_m2c": [
                44.34937095445966,
                -46.90056371123376,
                795.4052024409744
            ],
            "obj_id": 22
        },
        {
            "cam_R_m2c": [
                -0.9323128565331573,
                -0.3608707972437936,
                -0.0237900982973802,
                0.2957234872985085,
                -0.7985657333440166,
                0.5242525485185581,
                -0.20818537898566783,
                0.4817319941607958,
                0.8512307807463181
            ],
            "cam_t_m2c": [
                -13.648297802691587,
                77.1025536328198,
                755.8614729090593
            ],
            "obj_id": 23
        },
        {
            "cam_R_m2c": [
                -0.12002135832221227,
                0.04586928569603779,
                0.991711551460462,
                -0.5393221704595058,
                -0.8416877120259406,
                -0.026340654085910742,
                0.8335029638266422,
                -0.5380131429926086,
                0.12575892340785488
            ],
            "cam_t_m2c": [
                -83.25552828104792,
                63.92170508171324,
                766.2332319702783
            ],
            "obj_id": 24
        }
    ],
    "29": [
        {
            "cam_R_m2c": [
                -0.6649703321522092,
                -0.5858677521746497,
                -0.4632217676985255,
                -0.36376015926246186,
                0.7957372483714257,
                -0.4842320895954786,
                0.6522983093065291,
                -0.15349851851309182,
                -0.7422570435417474
            ],
            "cam_t_m2c": [
                20.095233066905013,
                -43.39619505470231,
                785.1954941906894
            ],
            "obj_id": 19
        },
        {
            "cam_R_m2c": [
                -0.19140900075822015,
                0.7909190375701526,
                -0.5812139519737982,
                0.05902181708417562,
                0.6003665047943761,
                0.7975444796069582,
                0.9797344750314281,
                0.11835235616275604,
                -0.1615972855679366
            ],
            "cam_t_m2c": [
                -30.951167670698624,
                -33.08086058035275,
                772.9587506638569
            ],
            "obj_id": 20
        },
        {
            "cam_R_m2c": [
                -0.07019800875886904,
                -0.9951495361428708,
                0.068917484884868,
                0.27332140709320296,
                0.04725614093215621,
                0.9607618185204244,
                -0.9593582451608634,
                0.08628023169233208,
                0.26867789857701097
            ],
            "cam_t_m2c": [
                65.89685685314825,
                98.48050558077016,
                739.2575300909577
            ],
            "obj_id": 21
        },
        {
            "cam_R_m2c": [
                -0.905475865600176,
                0.38051456534539707,
                0.1879418170330665,
                0.1458049355567164,
                0.6948046272455607,
                -0.7042638358335322,
                -0.3985656275197568,
                -0.6102915249769981,
                -0.6846100476530628
            ],
            "cam_t_m2c": [
                93.86010235986453,
                31.292613998422308,
                762.4846621781097
            ],
            "obj_id": 22
        },
        {
            "cam_R_m2c": [
                -0.6372687087495283,
                -0.7495971186140461,
                -0.1788652185690324,
                0.5329219536900061,
                -0.5963123103427366,
                0.6003382609516352,
                -0.5566715983750944,
                0.2872560907169185,
                0.7794881464690893
            ],
            "cam_t_m2c": [
                -49.697892241821336,
                61.17721552677993,
                741.7998547985064
            ],
            "obj_id": 23
        },
        {
            "cam_R_m2c": [
                -0.607125547339795,
                -0.08012243912664592,
                0.7905561992241514,
                -0.30847931777595516,
                -0.8931054620372586,
                -0.32741946094568236,
                0.7322842020580703,
                -0.4426545431144462,
                0.5175109917736523
            ],
            "cam_t_m2c": [
                -91.80955412006777,
                19.442094814151634,
                765.9337783621446
            ],
            "obj_id": 24
        }
    ],
    "35": [
        {
            "cam_R_m2c": [
                -0.5729001608444433,
                -0.7376963291097899,
                -0.3571962956841949,
                -0.33192085860565523,
                0.6072840036326743,
                -0.7218275073473464,
                0.7494085701604163,
                -0.2949736928964903,
                -0.5927704451813665
            ],
            "cam_t_m2c": [
                56.14713664366769,
                -11.199546556687274,
                759.5600107785854
            ],
            "obj_id": 19
        },
        {
            "cam_R_m2c": [
                -0.24294636267931444,
                -0.5747992558614812,
                -0.7813977572975627,
                0.6348272810942228,
                0.5148666623935355,
                -0.5761134848055365,
                0.7334659774118659,
                -0.6360165763067788,
                0.23981309786535443
            ],
            "cam_t_m2c": [
                -5.973423789747905,
                -27.65685636642352,
                748.2446257819018
            ],
            "obj_id": 20
        },
        {
            "cam_R_m2c": [
                0.00165158439479695,
                -0.9201740565860118,
                -0.39150530705995906,
                0.22420276682344717,
                -0.38119799618587763,
                0.8968947825559058,
                -0.9745416145967978,
                -0.08925792067363147,
                0.20567598315835942
            ],
            "cam_t_m2c": [
                18.497055545592943,
                107.68629151117915,
                721.9273483978234
            ],
            "obj_id": 21
        },
        {
            "cam_R_m2c": [
                -0.9992900444658599,
                -0.017216005726635262,
                0.033501687581721326,
                -0.016544944603240096,
                0.9996586730019139,
                0.020196642538698514,
                -0.03383807914970033,
                0.019628147236329774,
                -0.9992350600133332
            ],
            "cam_t_m2c": [
                73.25438638021296,
                48.87912719306851,
                760.6213511975
            ],
            "obj_id": 22
        },
        {
            "cam_R_m2c": [
                -0.8590934311797607,
                -0.17268084047509732,
                -0.481808589349399,
                0.07192694401534394,
                -0.9727562671002297,
                0.22038797382194383,
                -0.5067390867539863,
                0.1546787096798765,
                0.848110019802788
            ],
            "cam_t_m2c": [
                -57.80221096319562,
                19.09266272185194,
                763.0451876889788
            ],
            "obj_id": 23
        },
        {
            "cam_R_m2c": [
                -0.19195781992017522,
                0.37421164351269903,
                0.9072582116593638,
                -0.6807070644660843,
                -0.716699266008,
                0.15158849434877744,
                0.7069583265356817,
                -0.5884793080674703,
                0.392304526031535
            ],
            "cam_t_m2c": [
                -70.52295102454559,
                -36.61838163269192,
                798.5389166894367
            ],
            "obj_id": 24
        }
    ],
    "45": [
        {
            "cam_R_m2c": [
                0.10383229108752401,
                -0.9228095876416562,
                0.37100179180373904,
                -0.9695074100204294,
                -0.010656434244951057,
                0.2448314823301834,
                -0.22197878565574486,
                -0.3851107144469586,
                -0.8957765137770303
            ],
            "cam_t_m2c": [
                48.35286427933865,
                32.38291991860883,
                754.5921641069962
            ],
            "obj_id": 19
        },
        {
            "cam_R_m2c": [
                0.1802069780303237,
                -0.4275477096702725,
                -0.8858497213635738,
                0.437518775762415,
                0.841438775411547,
                -0.3171087936103989,
                0.8809671521710145,
                -0.3304306394281875,
                0.3386934911608398
            ],
            "cam_t_m2c": [
                12.998929920386903,
                -12.179453288501097,
                761.4381585399898
            ],
            "obj_id": 20
        },
        {
            "cam_R_m2c": [
                0.516600736882687,
                -0.1852089417001922,
                -0.835956146234026,
                -0.5266472144287806,
                -0.8385302390371183,
                -0.1396766759364688,
                -0.6751049707217767,
                0.5124109000342444,
                -0.5307251600140198
            ],
            "cam_t_m2c": [
                -70.07614368839127,
                81.47135415225938,
                737.8261690192583
            ],
            "obj_id": 21
        },
        {
            "cam_R_m2c": [
                -0.48220579361289334,
                -0.8631456230870185,
                0.14986249376366223,
                -0.6293341905179413,
                0.22229322662663975,
                -0.7446636017892412,
                0.6094395094867118,
                -0.4533945281796664,
                -0.6503981013463146
            ],
            "cam_t_m2c": [
                1.3508892784969735,
                120.83572315875678,
                740.9452995892092
            ],
            "obj_id": 22
        },
        {
            "cam_R_m2c": [
                0.1644723707889697,
                0.8894188721646274,
                -0.42647760132571044,
                -0.9625391648746258,
                0.2392098145995445,
                0.12766398799696196,
                0.21556460693110932,
                0.3895042404204794,
                0.8954435044633761
            ],
            "cam_t_m2c": [
                -45.39439226672841,
                -13.127291958164207,
                757.9605033150335
            ],
            "obj_id": 23
        },
        {
            "cam_R_m2c": [
                0.05174401294598895,
                0.9984059036134177,
                0.022560256297782553,
                0.06331723797553472,
                -0.025824050852285542,
                0.9976595244868749,
                0.9966515614978838,
                -0.050194061406094254,
                -0.06455260733252724
            ],
            "cam_t_m2c": [
                -11.383037496895422,
                -52.23823728068043,
                800.8216819425943
            ],
            "obj_id": 24
        }
    ],
    "54": [
        {
            "cam_R_m2c": [
                0.7008292493461145,
                -0.3407250971712126,
                -0.6266935469906314,
                -0.6134336591785319,
                -0.7362538433992082,
                -0.28570921162602014,
                -0.3640573453252274,
                0.5846681825838035,
                -0.7250002335356353
            ],
            "cam_t_m2c": [
                12.083506309545639,
                64.41520219922582,
                750.6846520608669
            ],
            "obj_id": 19
        },
        {
            "cam_R_m2c": [
                0.016549634026103006,
                -0.5943545608134937,
                0.8040329543392429,
                0.5834096138334215,
                -0.6473210192889354,
                -0.4905190869870083,
                0.8120093779412711,
                0.47719843096180753,
                0.33603910916187
            ],
            "cam_t_m2c": [
                44.54900059821588,
                5.608927265899094,
                761.9500238717187
            ],
            "obj_id": 20
        },
        {
            "cam_R_m2c": [
                -0.18538993568956388,
                0.9815306068933957,
                0.0472060811270095,
                -0.22869224023833185,
                0.0036244095715476108,
                -0.9734921685750079,
                -0.9556831647485616,
                -0.1912714316068586,
                0.2237963663302192
            ],
            "cam_t_m2c": [
                -108.8603619438715,
                5.175917831783515,
                758.390123651136
            ],
            "obj_id": 21
        },
        {
            "cam_R_m2c": [
                0.0910940091437263,
                -0.9474546436635647,
                -0.3066460663856434,
                -0.9923738601338878,
                -0.06068785158081938,
                -0.10729111065332692,
                0.08304364280669257,
                0.3140810186448863,
                -0.9457572066458123
            ],
            "cam_t_m2c": [
                -52.03248249921448,
                81.28456837175446,
                737.978400525017
            ],
            "obj_id": 22
        },
        {
            "cam_R_m2c": [
                0.3081142074278505,
                0.9422026512230188,
                0.1316054675989635,
                -0.8617123832220633,
                0.3350198785219419,
                -0.3810689327078424,
                -0.40313480829443155,
                0.004006739129089502,
                0.91513187372664
            ],
            "cam_t_m2c": [
                -16.669606181424374,
                -35.96398482966963,
                791.5695037740658
            ],
            "obj_id": 23
        },
        {
            "cam_R_m2c": [
                0.47041915913304944,
                0.8437701141139751,
                -0.25837561946179916,
                0.0012844251826143079,
                0.29214070282271304,
                0.9563745753887788,
                0.8824422392013427,
                -0.45022854886949104,
                0.13634499860306826
            ],
            "cam_t_m2c": [
                49.247573461482716,
                -25.963494575203608,
                787.2378885717363
            ],
            "obj_id": 24
        }
    ],
    "60": [
        {
            "cam_R_m2c": [
                0.762176069099551,
                -0.5893023861992848,
                0.26797518391165936,
                -0.6218887548334948,
                -0.7814958991344598,
                0.05019680202307521,
                0.17984061308623653,
                -0.20490948953570012,
                -0.962117659275729
            ],
            "cam_t_m2c": [
                -29.62985885486678,
                73.20591283848438,
                753.685992214337
            ],
            "obj_id": 19
        },
        {
            "cam_R_m2c": [
                0.28040853948564454,
                -0.11814168646422583,
                0.9525831615878373,
                0.20920698149724082,
                -0.9610176756849175,
                -0.18077148969290005,
                0.936805384792777,
                0.24997649501065572,
                -0.24476104230284537
            ],
            "cam_t_m2c": [
                21.23535004995486,
                41.85595018073019,
                748.0295479609433
            ],
            "obj_id": 20
        },
        {
            "cam_R_m2c": [
                0.3619131265174874,
                0.8260329191363224,
                0.4320753672077198,
                0.024165005611789143,
                0.4550257314826611,
                -0.8901507939200048,
                -0.93189900426423,
                0.3325985505128738,
                0.14471876598382735
            ],
            "cam_t_m2c": [
                -105.82246929184699,
                -19.14727135434811,
                762.2891265829577
            ],
            "obj_id": 21
        },
        {
            "cam_R_m2c": [
                0.8946950608432561,
                -0.255810901944386,
                0.36617190522424464,
                -0.36896676133214285,
                -0.8852957302345857,
                0.2830479977013346,
                0.25176376833666264,
                -0.388346783438622,
                -0.886455176404172
            ],
            "cam_t_m2c": [
                -97.9458161803959,
                73.23893664018557,
                758.7652245454125
            ],
            "obj_id": 22
        },
        {
            "cam_R_m2c": [
                0.45936699114662405,
                0.755270940410347,
                0.46749189575783223,
                -0.8635955372596491,
                0.256623485058646,
                0.433990711254938,
                0.20781157728003358,
                -0.6030845275357897,
                0.7701325769144747
            ],
            "cam_t_m2c": [
                9.242302897250251,
                -11.759684123700495,
                774.3766119577836
            ],
            "obj_id": 23
        },
        {
            "cam_R_m2c": [
                -0.03307373231327612,
                0.7793610466364315,
                -0.6257018230659332,
                0.6255186905526706,
                0.5044153556231544,
                0.5952248676762106,
                0.7795084683796245,
                -0.3717019024548155,
                -0.5041877862717866
            ],
            "cam_t_m2c": [
                72.10153394108718,
                -15.998299407395407,
                771.1019821154526
            ],
            "obj_id": 24
        }
    ],
    "65": [
        {
            "cam_R_m2c": [
                0.973691691913414,
                -0.07038710047684513,
                -0.216726174871324,
                -0.21406799418247388,
                -0.6085236031528318,
                -0.7641168596140193,
                -0.0780990047963676,
                0.790408137789619,
                -0.607582134042163
            ],
            "cam_t_m2c": [
                -35.51449800193648,
                66.09877507581744,
                761.1787012628263
            ],
            "obj_id": 19
        },
        {
            "cam_R_m2c": [
                -0.03805333916973819,
                -0.8167283458650034,
                0.5757663357036603,
                0.0780677699670188,
                -0.5768525549469402,
                -0.813109375114164,
                0.9962219774286768,
                0.014007288583133473,
                0.08571122138496713
            ],
            "cam_t_m2c": [
                6.308821079455456,
                56.777828262119016,
                741.9192735697633
            ],
            "obj_id": 20
        },
        {
            "cam_R_m2c": [
                0.3261246076475478,
                0.7609634848855547,
                0.5608721520142631,
                0.2871187828470805,
                0.4855480741923514,
                -0.825715571235039,
                -0.9006699776674252,
                0.4303228132289342,
                -0.0601377675737919
            ],
            "cam_t_m2c": [
                -55.425106311130975,
                -73.22389886906409,
                775.2296243784245
            ],
            "obj_id": 21
        },
        {
            "cam_R_m2c": [
                0.8291574241887039,
                -0.046012577064137625,
                0.5571186383128837,
                0.31707301946167793,
                -0.7820759167938969,
                -0.5364908406297404,
                0.4603941179207431,
                0.621482461906064,
                -0.633874802127593
            ],
            "cam_t_m2c": [
                -102.12900821396512,
                27.920472229660827,
                780.3747549057347
            ],
            "obj_id": 22
        },
        {
            "cam_R_m2c": [
                0.8542811883399192,
                -0.13208625098664561,
                0.5027496027243274,
                -0.14883423139896376,
                0.8645301615496084,
                0.48003797352254246,
                -0.4980483448042642,
                -0.4849135087391521,
                0.7188930658087246
            ],
            "cam_t_m2c": [
                15.861998163858946,
                -14.963989704953477,
                763.290263473958
            ],
            "obj_id": 23
        },
        {
            "cam_R_m2c": [
                -0.4240551909057138,
                -0.23996494578401328,
                -0.873266415772008,
                0.9035210790076182,
                -0.046227520789122824,
                -0.4260436453871838,
                0.0618668644529143,
                -0.9696805618843864,
                0.23641628326765224
            ],
            "cam_t_m2c": [
                85.30538663759745,
                29.40606892598322,
                748.8186039924379
            ],
            "obj_id": 24
        }
    ],
    "71": [
        {
            "cam_R_m2c": [
                0.7325799817845156,
                0.6458770560496891,
                0.21487141886426403,
                0.5693603666424619,
                -0.7544378467460583,
                0.3265766370354653,
                0.37303584405797563,
                -0.11690456814070599,
                -0.9204225263710538
            ],
            "cam_t_m2c": [
                -75.69619286524207,
                56.967912383845,
                748.5274917114853
            ],
            "obj_id": 19
        },
        {
            "cam_R_m2c": [
                -0.5245523853959485,
                0.36529507387316507,
                0.7690283054206397,
                -0.11132257682313958,
                -0.9249484313799587,
                0.36342529017353187,
                0.8440685526587745,
                0.10502502031832794,
                0.5258496768159716
            ],
            "cam_t_m2c": [
                -2.502467133670774,
                75.61123044689903,
                741.1536659252691
            ],
            "obj_id": 20
        },
        {
            "cam_R_m2c": [
                0.6253975508912349,
                0.36239722124462515,
                0.6910472438479744,
                -0.1700522608872582,
                0.9276225704299831,
                -0.3325644457655074,
                -0.7615508875255156,
                0.09047111517291966,
                0.6417592422550286
            ],
            "cam_t_m2c": [
                -16.853730976065563,
                -91.15066777232482,
                766.0663769303983
            ],
            "obj_id": 21
        },
        {
            "cam_R_m2c": [
                0.45629357913156887,
                0.8890789066365644,
                -0.03654020634660579,
                0.5913972128567635,
                -0.3336880823774991,
                -0.7340994288062591,
                -0.6648653231354066,
                0.31335491656464537,
                -0.6780578579361916
            ],
            "cam_t_m2c": [
                -86.44118430423842,
                -20.21605051225752,
                764.0128263873005
            ],
            "obj_id": 22
        },
        {
            "cam_R_m2c": [
                0.5816496128070593,
                -0.7847292394832404,
                -0.2142058739075278,
                0.806533572286268,
                0.590597726426898,
                0.02642664056626725,
                0.10577187844792105,
                -0.18813494355531202,
                0.9764307725457858
            ],
            "cam_t_m2c": [
                29.45129129480595,
                -5.0505359652127915,
                761.944351492004
            ],
            "obj_id": 23
        },
        {
            "cam_R_m2c": [
                -0.07684904171281522,
                -0.3206531363280685,
                -0.9440742515735198,
                0.33617486269443214,
                0.8830949539422269,
                -0.32730686408906473,
                0.9386591439462232,
                -0.3425266867786189,
                0.03993029539906918
            ],
            "cam_t_m2c": [
                50.0090373330967,
                66.599397559663,
                743.3710423189649
            ],
            "obj_id": 24
        }
    ],
    "80": [
        {
            "cam_R_m2c": [
                0.5084642650236137,
                0.7707966760650492,
                0.38384471726821007,
                0.8609781565907907,
                -0.46207034305761924,
                -0.21262265753742046,
                0.013474290835097333,
                0.4385932286093895,
                -0.8985851685331206
            ],
            "cam_t_m2c": [
                -69.3306855604394,
                -18.261059674569587,
                788.0612861004294
            ],
            "obj_id": 19
        },
        {
            "cam_R_m2c": [
                -0.11863518225806931,
                0.2600682810305768,
                0.958274805356637,
                0.5980283387084718,
                -0.751701287485324,
                0.27804259823202393,
                0.7926463821798914,
                0.6060614187545306,
                -0.06634992373136897
            ],
            "cam_t_m2c": [
                -32.32258352614535,
                35.405664440706914,
                718.3254934283236
            ],
            "obj_id": 20
        },
        {
            "cam_R_m2c": [
                0.3557279634666608,
                -0.44275517872077663,
                0.8230587921972309,
                0.018449822701808415,
                0.883818890917145,
                0.46746598042292825,
                -0.9344076950511795,
                -0.1511055827154701,
                0.322568191419692
            ],
            "cam_t_m2c": [
                57.49488703912485,
                -62.35085403111974,
                802.6703652329821
            ],
            "obj_id": 21
        },
        {
            "cam_R_m2c": [
                -0.3153230611178432,
                0.8435297704383671,
                0.4347748645558637,
                0.8088454447604294,
                0.47850825430347504,
                -0.34175958212554347,
                -0.49632772838596956,
                0.24390143236283757,
                -0.8331696912780783
            ],
            "cam_t_m2c": [
                -35.62462813778242,
                -84.32600860180648,
                811.0871109031121
            ],
            "obj_id": 22
        },
        {
            "cam_R_m2c": [
                0.5694414341427875,
                -0.5896642310654828,
                0.5727420425783578,
                0.28250303416902,
                0.794680501279525,
                0.5372851299367065,
                -0.7719644554167232,
                -0.14415151599050813,
                0.6191056547197633
            ],
            "cam_t_m2c": [
                46.00853753678656,
                36.91811121698546,
                746.1616119697509
            ],
            "obj_id": 23
        },
        {
            "cam_R_m2c": [
                -0.5834271762855487,
                -0.6858961550791639,
                -0.43492487167976757,
                0.1324221308602843,
                0.4480095955611577,
                -0.8841678300719777,
                0.8012971637844015,
                -0.5734413012421654,
                -0.17055316830949735
            ],
            "cam_t_m2c": [
                9.182715452722354,
                104.31241482510273,
                726.8181943364762
            ],
            "obj_id": 24
        }
    ],
    "103": [
        {
            "cam_R_m2c": [
                -0.7903390665319381,
                -0.5483814087534774,
                -0.27320699474516325,
                -0.08079773073019815,
                0.535325262785786,
                -0.8407722888513638,
                0.60731844996089,
                -0.6424212193005415,
                -0.46739651608787885
            ],
            "cam_t_m2c": [
                32.0533409626067,
                -22.01187150637843,
                780.1493646674851
            ],
            "obj_id": 19
        },
        {
            "cam_R_m2c": [
                -0.5970689482124204,
                0.05890222985620091,
                -0.8000241755990314,
                0.07868135832122461,
                0.9967920022065911,
                0.014668308110000142,
                0.7983216771521693,
                -0.05418938081898075,
                -0.5997883487428536
            ],
            "cam_t_m2c": [
                -36.41453837224856,
                -34.40943428692938,
                784.7837054358469
            ],
            "obj_id": 20
        },
        {
            "cam_R_m2c": [
                -0.47851259901568405,
                -0.5465731139375875,
                -0.6872290343310521,
                -0.27071358810914936,
                -0.6526952585716245,
                0.7076037731961538,
                -0.8353079700211083,
                0.5246394475974212,
                0.16435782006644484
            ],
            "cam_t_m2c": [
                58.8750767744166,
                80.1728273914995,
                709.4952581699487
            ],
            "obj_id": 21
        },
        {
            "cam_R_m2c": [
                -0.9545024899266618,
                -0.22414639143136791,
                -0.1966807103391209,
                -0.2616704580002913,
                0.9458808933536084,
                0.19193312786523042,
                0.14301522998542282,
                0.2346659405636073,
                -0.9614977542606576
            ],
            "cam_t_m2c": [
                93.69367748610814,
                31.233384704237963,
                755.2982718827459
            ],
            "obj_id": 22
        },
        {
            "cam_R_m2c": [
                -0.7692591856384506,
                -0.5331697785435776,
                -0.3520937729772802,
                0.4801522256298829,
                -0.845956353924572,
