{
  "103": [
    {
      "cam_R_m2c": [
        -0.869400023201013,
        -0.4919619967925607,
        0.04600910052787079,
        -0.4771014267060633,
        0.8116080318225101,
        -0.33714481233167076,
        0.12852097624022304,
        -0.3150652723544469,
        -0.9403276796498071
      ],
      "cam_t_m2c": [
        37.282095416629154,
        -31.63684156046387,
        786.1779262803595
      ],
      "obj_id": 19
    },
    {
      "cam_R_m2c": [
        0.1480530371931002,
        0.11682183734158944,
        -0.9820554443690205,
        0.39690785157240477,
        0.9025019128111895,
        0.16719569042745133,
        0.9058388602924294,
        -0.4145397604945527,
        0.08725026865890961
      ],
      "cam_t_m2c": [
        -31.094052223951902,
        -33.30230028076783,
        771.9982460888901
      ],
      "obj_id": 20
    },
    {
      "cam_R_m2c": [
        -0.07131757348946077,
        -0.8873652775421016,
        -0.4555178750588902,
        -0.31057610122795615,
        -0.4142234915921987,
        0.8555474580240998,
        -0.9478691091295663,
        0.2024884753323875,
        -0.24605355322846387
      ],
      "cam_t_m2c": [
        46.340652713938304,
        83.51781322171283,
        708.5589098738732
      ],
      "obj_id": 21
    },
    {
      "cam_R_m2c": [
        -0.9337517583807088,
        -0.3255515960236268,
        0.14873995799823056,
        -0.35591270476336606,
        0.800579426636176,
        -0.4820773853127045,
        0.037862754561997766,
        -0.50307962872401,
        -0.8634103186230004
      ],
      "cam_t_m2c": [
        86.69033822657887,
        23.705710584475177,
        765.1465735774551
      ],
      "obj_id": 22
    },
    {
      "cam_R_m2c": [
        -0.9791981629949129,
        -0.138761039383634,
        0.14804126027453465,
        0.18863803563509077,
        -0.8913151584374976,
        0.41227781090232196,
        0.07474297784619284,
        0.43162830628920634,
        0.8989495661403694
      ],
      "cam_t_m2c": [
        -44.06069377920866,
        41.79392826997144,
        751.3454358801368
      ],
      "obj_id": 23
    },
    {
      "cam_R_m2c": [
        0.14618907055497132,
        0.15159902917838236,
        0.9775716511137021,
        -0.40238680192012494,
        -0.8936335392362666,
        0.1987562355759908,
        0.9037222416557749,
        -0.4224174271340588,
        -0.0696378053007466
      ],
      "cam_t_m2c": [
        -92.30251292698046,
        -11.066841474170097,
        776.9490438441592
      ],
      "obj_id": 24
    }
  ],
  "129": [
    {
      "cam_R_m2c": [
        0.8412899334042968,
        -0.5081758947810899,
        -0.1843597718622884,
        -0.5315156036385198,
        -0.7153835766897451,
        -0.45356166768817,
        0.09860136331370825,
        0.4795676329433405,
        -0.8719473724117205
      ],
      "cam_t_m2c": [
        3.7749183092388385,
        70.59997245081546,
        738.3204535405326
      ],
      "obj_id": 19
    },
    {
      "cam_R_m2c": [
        -0.003130002766394742,
        -0.8894532640336278,
        0.45701542734690287,
        0.6115020521505001,
        -0.36331392902577875,
        -0.7029001041231817,
        0.7912359864370458,
        0.2772664226766329,
        0.5450402457182228
      ],
      "cam_t_m2c": [
        39.01260013549302,
        14.262854528522649,
        743.4017468055188
      ],
      "obj_id": 20
    },
    {
      "cam_R_m2c": [
        0.029422775386793505,
        0.9741641131896798,
        -0.22391602806086536,
        -0.4869320242482645,
        -0.18166650854743094,
        -0.8543390873056897,
        -0.8729435519927453,
        0.13416901475563042,
        0.46900736245434776
      ],
      "cam_t_m2c": [
        -110.45039075555368,
        -15.574950188379201,
        764.7422485572732
      ],
      "obj_id": 21
    },
    {
      "cam_R_m2c": [
        0.6954447152800491,
        -0.7185777911587216,
        0.0016766135264006158,
        -0.6317620685127933,
        -0.6125332322797428,
        -0.47505811990826896,
        0.3423934077142298,
        0.32931810915713017,
        -0.8799522218322313
      ],
      "cam_t_m2c": [
        -76.72545102860674,
        68.69085547461393,
        733.6564172962998
      ],
      "obj_id": 22
    },
    {
      "cam_R_m2c": [
        0.47529218911970705,
        0.8732685775084064,
        0.10723523594880398,
        -0.819175196937132,
        0.39475853274025735,
        0.4160748760686509,
        0.3210136021017074,
        -0.28560218715384955,
        0.90298463247443
      ],
      "cam_t_m2c": [
        -5.293915977756008,
        -33.63333042794334,
        788.2858967427652
      ],
      "obj_id": 23
    },
    {
      "cam_R_m2c": [
        0.40800007945003186,
        0.3228437618327638,
        -0.8539951303983635,
        0.8484940149844082,
        0.21122669793237495,
        0.4852235545267102,
        0.3370367525354802,
        -0.9225809217921325,
        -0.18775085554195842
      ],
      "cam_t_m2c": [
        67.33934130162145,
        -35.81299693199665,
        789.4268056024631
      ],
      "obj_id": 24
    }
  ],
  "13": [
    {
      "cam_R_m2c": [
        -0.23475316052790632,
        0.9710563499178326,
        0.044055322362866994,
        0.9384165695954315,
        0.2382157646498264,
        -0.2502549784849523,
        -0.2535066778622599,
        -0.017405430207017535,
        -0.9671768480807329
      ],
      "cam_t_m2c": [
        -51.51689876737757,
        -28.039009385019284,
        781.3869204317284
      ],
      "obj_id": 19
    },
    {
      "cam_R_m2c": [
        -0.04626385961552607,
        0.9976615818424133,
        0.05031502038179455,
        0.14617195606128836,
        -0.04306594182551819,
        0.9883212596512747,
        0.9881765491750112,
        0.053078712262310944,
        -0.1438377666263707
      ],
      "cam_t_m2c": [
        -47.939725874617835,
        34.92436830233695,
        744.7501375216905
      ],
      "obj_id": 20
    },
    {
      "cam_R_m2c": [
        0.04097530978195848,
        -0.3533202964450894,
        0.9346047995318741,
        -0.3625767043994526,
        0.8663716851570316,
        0.3434211976000133,
        -0.9310524587118613,
        -0.3529381354274667,
        -0.09260536954241695
      ],
      "cam_t_m2c": [
        85.5563399355754,
        -31.114712706627426,
        767.8971323384716
      ],
      "obj_id": 21
    },
    {
      "cam_R_m2c": [
        -0.32457602698701904,
        0.9336357112252649,
        -0.15157650776345358,
        0.9285786179064417,
        0.28403440961979687,
        -0.23888501275467616,
        -0.17997877939416762,
        -0.21828660813825962,
        -0.9591444262967318
      ],
      "cam_t_m2c": [
        8.905850663830238,
        -72.63119325313168,
        793.2129587968425
      ],
      "obj_id": 22
    },
    {
      "cam_R_m2c": [
        0.14670876015992554,
        -0.9858313233277892,
        0.08132420007378481,
        0.9776752008610445,
        0.15701425514505543,
        0.13963409032954707,
        -0.15042476490753667,
        0.05902257790393426,
        0.9868577654867025
      ],
      "cam_t_m2c": [
        26.74846812622933,
        59.52687847801001,
        752.9199278989564
      ],
      "obj_id": 23
    },
    {
      "cam_R_m2c": [
        -0.6249647075927749,
        -0.777883369090504,
        0.06570383762271907,
        0.20250067521679171,
        -0.24282378322272266,
        -0.9486991205804647,
        0.7539310508360068,
        -0.5795985278239478,
        0.3092784082038606
      ],
      "cam_t_m2c": [
        -34.8301665716313,
        102.46365015401032,
        741.2112478017606
      ],
      "obj_id": 24
    }
  ],
  "136": [
    {
      "cam_R_m2c": [
        0.9769652186557404,
        0.13607831939856016,
        0.16438284176865833,
        0.19422589655930642,
        -0.8861228589148935,
        -0.4207878594493283,
        0.08840327789159912,
        0.44302263042417556,
        -0.8921408901138359
      ],
      "cam_t_m2c": [
        -40.44195549677936,
        59.15554703977436,
        739.5629860235637
      ],
      "obj_id": 19
    },
    {
      "cam_R_m2c": [
        -0.014278467854173065,
        -0.5361421955252175,
        0.8440068377863977,
        0.3801476870279266,
        -0.7836203996308867,
        -0.4913520815746878,
        0.924815308835576,
        0.3138315847804968,
        0.21500212715979228
      ],
      "cam_t_m2c": [
        22.64942298460265,
        34.87967906247076,
        731.7869489225848
      ],
      "obj_id": 20
    },
    {
      "cam_R_m2c": [
        -0.08171884367154705,
        0.9324022343207479,
        0.352062743412509,
        -0.48789748961634644,
        0.270597472127399,
        -0.829899309724053,
        -0.8690670714181988,
        -0.23958895358367868,
        0.4328038334078927
      ],
      "cam_t_m2c": [
        -83.20876979865885,
        -65.00314410173154,
        790.2976518106636
      ],
      "obj_id": 21
    },
    {
      "cam_R_m2c": [
        0.9844688200845924,
        -0.014957877332682033,
        0.17492127178326702,
        0.07329207044662372,
        -0.8703648640856748,
        -0.4869220449226266,
        0.15952872509565585,
        0.4921800861141792,
        -0.8557505333952184
      ],
      "cam_t_m2c": [
        -103.74432873861416,
        21.949968863270254,
        758.2855547901295
      ],
      "obj_id": 22
    },
    {
      "cam_R_m2c": [
        0.976550208615726,
        0.2128476499859694,
        0.03233667501270962,
        -0.20977577563466984,
        0.9069627490627553,
        0.3652567615706181,
        0.04841585013039828,
        -0.36347507224115444,
        0.9303447438312071
      ],
      "cam_t_m2c": [
        22.762828454200935,
        -31.27425323044826,
        783.9114427688911
      ],
      "obj_id": 23
    },
    {
      "cam_R_m2c": [
        0.18631934488954333,
        0.14765331320209973,
        -0.9713307408102003,
        0.8975881107292412,
        0.3764463819359701,
        0.22939875938464485,
        0.3995251878565702,
        -0.9145962752246509,
        -0.062392620010974884
      ],
      "cam_t_m2c": [
        81.49101463332943,
        18.531141273278458,
        765.8546922290167
      ],
      "obj_id": 24
    }
  ],
  "145": [
    {
      "cam_R_m2c": [
        0.7129898202512556,
        0.6939061398714232,
        0.1006928360852183,
        0.5896423176291851,
        -0.5156547383156459,
        -0.621628425502829,
        -0.3794291875558988,
        0.5025880187057017,
        -0.7768131629410678
      ],
      "cam_t_m2c": [
        -70.72833205239671,
        16.920042370212837,
        761.2859087046229
      ],
      "obj_id": 19
    },
    {
      "cam_R_m2c": [
        -0.09762217914597025,
        0.5128638623586333,
        0.8529010784421881,
        0.5777520668899365,
        -0.668596918009308,
        0.46816681396136395,
        0.8103530589886975,
        0.5384692288756578,
        -0.23103809979632703
      ],
      "cam_t_m2c": [
        -13.212012773106485,
        27.079022118797898,
        728.9353219096768
      ],
      "obj_id": 20
    },
    {
      "cam_R_m2c": [
        0.16484230462758986,
        0.4337978026681408,
        0.8858024928287875,
        -0.5547571053635987,
        0.7833441334876454,
        -0.2803854650050333,
        -0.8155189734709268,
        -0.4451860117078994,
        0.369781131920635
      ],
      "cam_t_m2c": [
        3.486511121994175,
        -94.56227723092815,
        818.8888974660175
      ],
      "obj_id": 21
    },
    {
      "cam_R_m2c": [
        0.6024683802360264,
        0.7980901966523133,
        0.009137674238390382,
        0.6974528615713943,
        -0.5208639445998569,
        -0.4921989635382275,
        -0.3880597006652358,
        0.3029077807089364,
        -0.8704345550610727
      ],
      "cam_t_m2c": [
        -81.90477506064869,
        -44.449378178642874,
        808.5622044696486
      ],
      "obj_id": 22
    },
    {
      "cam_R_m2c": [
        0.9204155649453093,
        -0.3904771813964481,
        -0.019030219588495066,
        0.35848685038951844,
        0.8235901688212224,
        0.4395294822230154,
        -0.1559530603112065,
        -0.41137225116843174,
        0.8980263492969918
      ],
      "cam_t_m2c": [
        44.87315018309436,
        -8.711965663720074,
        774.9466134521045
      ],
      "obj_id": 23
    },
    {
      "cam_R_m2c": [
        -0.5029113401163944,
        -0.34904721337411293,
        -0.7907247165663941,
        0.8407520904679743,
        0.014705768075033814,
        -0.5412202190126614,
        0.20053937360559376,
        -0.9369897746842333,
        0.28606653343095384
      ],
      "cam_t_m2c": [
        52.66000723934693,
        59.04356411990679,
        730.8466828806517
      ],
      "obj_id": 24
    }
  ],
  "160": [
    {
      "cam_R_m2c": [
        -0.6082995610616941,
        0.7936175997206241,
        0.01194639789990589,
        0.551535975815058,
        0.4334746886981763,
        -0.7126763034410847,
        -0.5707709328079738,
        -0.42693174641476295,
        -0.7013909823942542
      ],
      "cam_t_m2c": [
        -41.15906579470604,
        -42.291561324685986,
        806.1085134407465
      ],
      "obj_id": 19
    },
    {
      "cam_R_m2c": [
        0.026374031976115066,
        0.9995014026036606,
        -0.017359171124562204,
        0.693186597348843,
        -0.0057735365414967816,
        0.720734861702362,
        0.7202751579497018,
        -0.031041741573863975,
        -0.6929932106379647
      ],
      "cam_t_m2c": [
        -56.03950629502566,
        -2.3243295475107937,
        752.3831119719224
      ],
      "obj_id": 20
    },
    {
      "cam_R_m2c": [
        0.046837178382037326,
        -0.7293491320598856,
        0.6825364969280326,
        -0.46923804413019754,
        0.5871386880044728,
        0.6596086745680867,
        -0.8818284925657507,
        -0.3511663238646239,
        -0.3147382915993495
      ],
      "cam_t_m2c": [
        97.27276648508791,
        -27.31823976422518,
        766.7195554205424
      ],
      "obj_id": 21
    },
    {
      "cam_R_m2c": [
        -0.6322769925157491,
        0.7677090667385111,
        0.10415621276943086,
        0.5561707063294699,
        0.5433702683134867,
        -0.6288264620300895,
        -0.5393511651076287,
        -0.33966377112771806,
        -0.7705376830898081
      ],
      "cam_t_m2c": [
        28.422743161841314,
        -67.25314317441128,
        825.8569670787624
      ],
      "obj_id": 22
    },
    {
      "cam_R_m2c": [
        -0.34756111036667775,
        -0.9376333910840582,
        -0.006695862315371965,
        0.6989924690115843,
        -0.2638486738043852,
        0.6646752718743897,
        -0.6249883869537832,
        0.22633484517879623,
        0.7471020812406445
      ],
      "cam_t_m2c": [
        14.540845135131903,
        31.897705101009386,
        739.1101795268717
      ],
      "obj_id": 23
    },
    {
      "cam_R_m2c": [
        -0.5849860235793911,
        -0.6559643250667082,
        0.47697183430107587,
        0.33638358564344223,
        -0.7313619811588729,
        -0.593258368901111,
        0.7379952378355723,
        -0.186602328523981,
        0.6484921726319582
      ],
      "cam_t_m2c": [
        -61.85813098444021,
        57.229701070812865,
        724.8292686450912
      ],
      "obj_id": 24
    }
  ],
  "168": [
    {
      "cam_R_m2c": [
        -0.9683135902708593,
        0.220566365412368,
        -0.11713056831691417,
        0.24312347579138874,
        0.7253371368631644,
        -0.6440317712168616,
        -0.05709169189610072,
        -0.6521017613543895,
        -0.7559788579833862
      ],
      "cam_t_m2c": [
        1.6556997647808487,
        -51.94710855359545,
        811.1921926660672
      ],
      "obj_id": 19
    },
    {
      "cam_R_m2c": [
        0.0394368673184308,
        0.7528076620949813,
        -0.6570584899533032,
        0.49260217874494233,
        0.5574637643269446,
        0.6682640865563012,
        0.8693608855967246,
        -0.3500228622518624,
        -0.3488493951278896
      ],
      "cam_t_m2c": [
        -52.19527529101082,
        -30.05105144162272,
        767.8438684343922
      ],
      "obj_id": 20
    },
    {
      "cam_R_m2c": [
        0.1377663314722764,
        -0.9900766261357311,
        -0.027723877002964983,
        -0.6142124570867356,
        -0.10735882026173017,
        0.7818040464986735,
        -0.777022539009518,
        -0.09067711003500731,
        -0.6229074705859386
      ],
      "cam_t_m2c": [
        91.27453422165803,
        30.93442413573795,
        726.6735111428931
      ],
      "obj_id": 21
    },
    {
      "cam_R_m2c": [
        -0.9872829229502168,
        0.15575737224146016,
        0.03180949021646082,
        0.09993706610984322,
        0.7637157647254087,
        -0.6377704819823073,
        -0.12363003563397953,
        -0.6264809449868798,
        -0.7695696843364053
      ],
      "cam_t_m2c": [
        80.98184129230677,
        -29.197828125422284,
        794.9553208377893
      ],
      "obj_id": 22
    },
    {
      "cam_R_m2c": [
        -0.8520064917719896,
        -0.5211069504877354,
        -0.05032252113411933,
        0.3377631907758168,
        -0.6205810785970032,
        0.7076691003757623,
        -0.3999995965916914,
        0.5859418349862298,
        0.7047500491936881
      ],
      "cam_t_m2c": [
        -21.290501498186522,
        36.58361598553206,
        733.865540008157
      ],
      "obj_id": 23
    },
    {
      "cam_R_m2c": [
        -0.26821330697995666,
        -0.3814026921189208,
        0.884643488845719,
        0.11521795382775535,
        -0.9243988730833044,
        -0.36360895692296147,
        0.9564449560235554,
        0.004401842905371886,
        0.2918795215478634
      ],
      "cam_t_m2c": [
        -90.88257260141295,
        21.941034200350686,
        754.2742663366374
      ],
      "obj_id": 24
    }
  ],
  "176": [
    {
      "cam_R_m2c": [
        -0.8333566909911486,
        -0.5345829301385783,
        0.14048850879244143,
        -0.5212204036446239,
        0.6754382623916223,
        -0.521644776765849,
        0.18397090548288197,
        -0.5079416809164583,
        -0.8415160547781895
      ],
      "cam_t_m2c": [
        47.606054800108005,
        -35.362555511954675,
        797.9017878178638
      ],
      "obj_id": 19
    },
    {
      "cam_R_m2c": [
        0.0019672148730512516,
        0.1875617042366876,
        -0.9822504655590134,
        0.6555123770154603,
        0.7415395653585086,
        0.14291044235334735,
        0.7551815750604648,
        -0.644158565639363,
        -0.1214904494051203
      ],
      "cam_t_m2c": [
        -26.047865226062548,
        -48.746130785357614,
        782.0743102568573
      ],
      "obj_id": 20
    },
    {
      "cam_R_m2c": [
        -0.008103370859358135,
        -0.8322802559542734,
        -0.5542952079564821,
        -0.46476731109410346,
        -0.4876685070653758,
        0.739034300799518,
        -0.8853955502102597,
        0.26360667826726253,
        -0.38286482052625015
      ],
      "cam_t_m2c": [
        30.134971604644555,
        71.83388719244205,
        699.3625160447442
      ],
      "obj_id": 21
    },
    {
      "cam_R_m2c": [
        -0.972189229376184,
        -0.22652436965069261,
        0.059447781260517515,
        -0.20591347726995834,
        0.7058650215101763,
        -0.6777573542920581,
        0.11156632578371818,
        -0.6711496292885778,
        -0.7328782575030258
      ],
      "cam_t_m2c": [
        88.16966439178385,
        21.423907882146608,
        759.5170752458049
      ],
      "obj_id": 22
    },
    {
      "cam_R_m2c": [
        -0.982048039986307,
        0.18842822480892976,
        0.008708577592729489,
        -0.14493405216439792,
        -0.7833058648511549,
        0.6045054796651516,
        0.12072711486860283,
        0.5923911149039441,
        0.7965531652699946
      ],
      "cam_t_m2c": [
        -44.77345815484534,
        22.7317736035882,
        751.5019176065384
      ],
      "obj_id": 23
    },
    {
      "cam_R_m2c": [
        0.11676174244477962,
        0.20968622701855472,
        0.9707716652256252,
        0.09491135736347096,
        -0.9753404948308054,
        0.19925740400600914,
        0.9886141511458217,
        0.06887212675540005,
        -0.13378392254706942
      ],
      "cam_t_m2c": [
        -86.77870424290317,
        -28.355498003412276,
        788.8887533935665
      ],
      "obj_id": 24
    }
  ],
  "185": [
    {
      "cam_R_m2c": [
        -0.37624127769338656,
        -0.914865054470567,
        -0.14650920693977923,
        -0.7632724567734501,
        0.3956877747310954,
        -0.5107313535424961,
        0.5252213138276923,
        -0.08033122106135751,
        -0.8471655439245788
      ],
      "cam_t_m2c": [
        58.01816730892692,
        9.41284435767572,
        765.2606795202252
      ],
      "obj_id": 19
    },
    {
      "cam_R_m2c": [
        0.04548570382865232,
        -0.759047770320007,
        -0.6494441847838308,
        0.6795896188204786,
        0.5000084819893746,
        -0.5367962689692318,
        0.7321816090067679,
        -0.4169379582236899,
        0.5385838245032724
      ],
      "cam_t_m2c": [
        16.460026743082125,
        -45.16507782171388,
        779.1078956344548
      ],
      "obj_id": 20
    },
    {
      "cam_R_m2c": [
        0.0193084432873327,
        -0.10853966842247495,
        -0.9939047344489863,
        -0.7266324362177882,
        -0.6843475756116452,
        0.06061774941554986,
        -0.6867557328249193,
        0.7210319988608872,
        -0.0920815499035965
      ],
      "cam_t_m2c": [
        -49.311852292816894,
        70.56196646456142,
        694.0152075464978
      ],
      "obj_id": 21
    },
    {
      "cam_R_m2c": [
        -0.4729421851100123,
        -0.8662449505383147,
        0.16107710166089853,
        -0.7439362843655816,
        0.2946347416935801,
        -0.599791359048123,
        0.47210641315837526,
        -0.40349699958813606,
        -0.7837763961306439
      ],
      "cam_t_m2c": [
        42.335481209694336,
        68.69275324851255,
        719.50279871968
      ],
      "obj_id": 22
    },
    {
      "cam_R_m2c": [
        -0.7308918889953769,
        0.681990444395542,
        0.026201951423605877,
        -0.5782712002257407,
        -0.6392121384978786,
        0.5069619237619858,
        0.36249127433676925,
        0.35538169534026215,
        0.8615706815026232
      ],
      "cam_t_m2c": [
        -55.0911030613075,
        -8.699033615514647,
        769.8741433193528
      ],
      "obj_id": 23
    },
    {
      "cam_R_m2c": [
        0.6829687674913552,
        0.5460259526349298,
        0.48519046033569324,
        0.09467511048883333,
        -0.7248049923156762,
        0.6824181942024306,
        0.7242861752962608,
        -0.4201354841819183,
        -0.546713530772143
      ],
      "cam_t_m2c": [
        -37.909393830892114,
        -67.52774670776796,
        818.0182164400063
      ],
      "obj_id": 24
    }
  ],
  "196": [
    {
      "cam_R_m2c": [
        0.6063534031891539,
        -0.7951945794029336,
        0.0008873812423230175,
        -0.5192217247619771,
        -0.3967630691023609,
        -0.7569599095109107,
        0.602282677326523,
        0.458524625422022,
        -0.6534603901670318
      ],
      "cam_t_m2c": [
        26.08747521650789,
        50.70384994647272,
        734.216296564251
      ],
      "obj_id": 19
    },
    {
      "cam_R_m2c": [
        -0.1368023563767316,
        -0.9865347963130829,
        0.08963155487377047,
        0.6426917729596208,
        -0.15724636545981321,
        -0.7498142929998624,
        0.753811619265068,
        -0.04497086109552596,
        0.6555496117963716
      ],
      "cam_t_m2c": [
        38.8953594486048,
        -13.832010538083455,
        759.5785606842218
      ],
      "obj_id": 20
    },
    {
      "cam_R_m2c": [
        0.1688310887197841,
        0.695782641285754,
        -0.6981276234760254,
        -0.5406679111469381,
        -0.5268464513560248,
        -0.6558290455287231,
        -0.824120021898315,
        0.48817957263825185,
        0.28723932490535375
      ],
      "cam_t_m2c": [
        -113.0110427632892,
        3.21677835583898,
        743.7549459511296
      ],
      "obj_id": 21
    },
    {
      "cam_R_m2c": [
        0.5132482947268089,
        -0.8533713133295955,
        -0.09128678060437057,
        -0.7689087174650727,
        -0.4099673182962181,
        -0.4906188638856557,
        0.3812555409082687,
        0.3220004533286601,
        -0.866579129584072
      ],
      "cam_t_m2c": [
        -41.45204196595497,
        70.8821720756116,
        715.7326619443205
      ],
      "obj_id": 22
    },
    {
      "cam_R_m2c": [
        0.25731719522575314,
        0.9598706917750557,
        -0.11151567079217593,
        -0.8378324186054926,
        0.2791108612269218,
        0.469185159956006,
        0.4814823375063169,
        -0.02729793432955298,
        0.8760302791173729
      ],
      "cam_t_m2c": [
        -23.82078816104945,
        -34.74486167860987,
        795.2604207467107
      ],
      "obj_id": 23
    },
    {
      "cam_R_m2c": [
        0.6852068369960603,
        0.6026127002247803,
        -0.4090834191818951,
        0.6625033948606277,
        -0.28230158266850447,
        0.6938267128596662,
        0.3026234079764514,
        -0.7464336757417664,
        -0.5926681332126276
      ],
      "cam_t_m2c": [
        43.07326931868371,
        -52.76122240466881,
        813.9678118972186
      ],
      "obj_id": 24
    }
  ],
  "20": [
    {
      "cam_R_m2c": [
        -0.8550838419049598,
        0.49484645582203013,
        0.15478877241144853,
        0.4173543649888727,
        0.8340428153489657,
        -0.3608160582445628,
        -0.3076490607205362,
        -0.24392623125734722,
        -0.9197025526520921
      ],
      "cam_t_m2c": [
        -16.11274396852414,
        -45.30835006512325,
        782.3816348284553
      ],
      "obj_id": 19
    },
    {
      "cam_R_m2c": [
        -0.146575277609802,
        0.820917195400506,
        -0.5519163206534066,
        0.18968884297828728,
        0.5709133976846658,
        0.7987968529121743,
        0.9708421045066693,
        0.012391442074384737,
        -0.23940074058985253
      ],
      "cam_t_m2c": [
        -56.20399280278939,
        7.098926149489057,
        747.1650005023297
      ],
      "obj_id": 20
    },
    {
      "cam_R_m2c": [
        0.1763859579401616,
        -0.873361757084179,
        0.4540134088697348,
        -0.2882890543169274,
        0.39518252238378254,
        0.8721929616744839,
        -0.9411577822250706,
        -0.2847297591038698,
        -0.18207608564545863
      ],
      "cam_t_m2c": [
        101.69822906134019,
        28.251977200840514,
        744.3250704353852
      ],
      "obj_id": 21
    },
    {
      "cam_R_m2c": [
        -0.760972289352941,
        0.6471539129697663,
        0.045977351812106444,
        0.5628653985346239,
        0.6937786565493106,
        -0.4492816932684702,
        -0.32265255535803283,
        -0.3160118194574183,
        -0.8922065899338573
      ],
      "cam_t_m2c": [
        58.19059237151085,
        -44.3612232155554,
        790.9922805009265
      ],
      "obj_id": 22
    },
    {
      "cam_R_m2c": [
        -0.4450648228858937,
        -0.8882963350508517,
        0.11334831215062253,
        0.8294499958858685,
        -0.3612128975264747,
        0.4260731542465572,
        -0.3375363731139112,
        0.28364685926082206,
        0.8975602335543743
      ],
      "cam_t_m2c": [
        -5.90499850749628,
        64.62357661207497,
        751.6574138835706
      ],
      "obj_id": 23
    },
    {
      "cam_R_m2c": [
        -0.5740335452230301,
        -0.5180559522414512,
        0.6341170336968487,
        -0.15721847774200018,
        -0.6902763273234315,
        -0.7062586917102103,
        0.8035972622686228,
        -0.5051108395813646,
        0.3147938788060916
      ],
      "cam_t_m2c": [
        -77.11409562150118,
        68.05488575855267,
        748.3991241865373
      ],
      "obj_id": 24
    }
  ],
  "208": [
    {
      "cam_R_m2c": [
        0.9817908087180184,
        0.06773583720519022,
        0.17747923490938947,
        0.16767927460893337,
        -0.7480859167500933,
        -0.6420678510925162,
        0.08927902038126535,
        0.6601352825835375,
        -0.7458221816401491
      ],
      "cam_t_m2c": [
        -43.533289096307584,
        47.553010071418505,
        734.9256440102711
      ],
      "obj_id": 19
    },
    {
      "cam_R_m2c": [
        0.03218711707293738,
        -0.2688084244069931,
        0.9626558590935874,
        0.5438600927407962,
        -0.8033697578508865,
        -0.24251409188700865,
        0.8385588387323168,
        0.531355319277476,
        0.12033595820582277
      ],
      "cam_t_m2c": [
        25.461497544823636,
        17.2080894922428,
        735.8008069812553
      ],
      "obj_id": 20
    },
    {
      "cam_R_m2c": [
        0.17990163819200825,
        0.937891280130713,
        0.2966404513987306,
        -0.5765246864651394,
        0.34486847639326434,
        -0.7407327610419918,
        -0.7970291106595094,
        -0.03776113742587241,
        0.6027592813931346
      ],
      "cam_t_m2c": [
        -77.71084667041164,
        -76.16681045703807,
        801.7352944223936
      ],
      "obj_id": 21
    },
    {
      "cam_R_m2c": [
        0.9889017526812603,
        -0.1475829944913411,
        -0.017112768487608288,
        -0.12692543567280767,
        -0.7793313015186092,
        -0.6136225547289531,
        0.07722395330007889,
        0.6089837846902796,
        -0.7894144858986896
      ],
      "cam_t_m2c": [
        -99.8520000272642,
        7.063241130490627,
        766.2805205384868
      ],
      "obj_id": 22
    },
    {
      "cam_R_m2c": [
        0.9840273727534339,
        0.17798226758714578,
        0.0035649555235680716,
        -0.15565135934339008,
        0.8505025312309162,
        0.5024121839673769,
        0.08638842310940144,
        -0.49494156408923473,
        0.8646212970394872
      ],
      "cam_t_m2c": [
        23.182766759539042,
        -29.660765391913998,
        789.6819441010832
      ],
      "obj_id": 23
    },
    {
      "cam_R_m2c": [
        0.1131297501620086,
        0.00938129391811324,
        -0.9935360988896292,
        0.9924291410303432,
        0.04705477077803671,
        0.11344783264742919,
        0.04781559652613013,
        -0.9988481096560428,
        -0.003987105769107492
      ],
      "cam_t_m2c": [
        78.72944212391297,
        6.901969365598036,
        765.2108210244722
      ],
      "obj_id": 24
    }
  ],
  "212": [
    {
      "cam_R_m2c": [
        0.9042268145210209,
        0.42003876432576975,
        -0.07708511361751406,
        0.3132975678546792,
        -0.7751304784927915,
        -0.5486497299359077,
        -0.29020470245979435,
        0.4719534509447704,
        -0.8324910968835547
      ],
      "cam_t_m2c": [
        -57.524201755018844,
        30.489898211158174,
        743.9379536739351
      ],
      "obj_id": 19
    },
    {
      "cam_R_m2c": [
        0.004059431148368376,
        0.08378895538702087,
        0.9964756509492105,
        0.5470279286845275,
        -0.8343532450241771,
        0.06792867007860738,
        0.8371045629926315,
        0.5448242192901996,
        -0.0492213869677298
      ],
      "cam_t_m2c": [
        11.81813261501689,
        22.634532821270547,
        726.7910816288971
      ],
      "obj_id": 20
    },
    {
      "cam_R_m2c": [
        -0.1491647517473523,
        0.7824918713843957,
        0.6045306242245901,
        -0.627462606777503,
        0.39760659494623557,
        -0.6694765703755827,
        -0.7642255502084915,
        -0.47918220598408146,
        0.43167559587520155
      ],
      "cam_t_m2c": [
        -41.41862890260384,
        -88.04913095569378,
        815.517443370654
      ],
      "obj_id": 21
    },
    {
      "cam_R_m2c": [
        0.959187765840251,
        0.2653713231778864,
        -0.09766100457861435,
        0.13502121542089318,
        -0.7332774059594305,
        -0.6663878277378676,
        -0.24845227012555973,
        0.6260047546804289,
        -0.7391817888948238
      ],
      "cam_t_m2c": [
        -99.3004567941409,
        -13.953285626181206,
        784.7225454436151
      ],
      "obj_id": 22
    },
    {
      "cam_R_m2c": [
        0.9894482868897911,
        -0.02508607779537626,
        -0.14270026546425965,
        0.11387423824100543,
        0.7436042154179462,
        0.6588510962833981,
        0.0895851145386841,
        -0.6681487603892675,
        0.7386149454170647
      ],
      "cam_t_m2c": [
        35.846573761072214,
        -24.92909555621698,
        788.2233229477195
      ],
      "obj_id": 23
    },
    {
      "cam_R_m2c": [
        -0.2541279295639223,
        -0.08528846092871185,
        -0.9634030512766726,
        0.9301798691135109,
        0.25129444869053114,
        -0.2676110464611898,
        0.26492208190880906,
        -0.9641459373660703,
        0.01547205718726338
      ],
      "cam_t_m2c": [
        76.43069813221308,
        35.441167651687635,
        747.9355785257111
      ],
      "obj_id": 24
    }
  ],
  "217": [
    {
      "cam_R_m2c": [
        0.656066592289118,
        0.7542825696402159,
        -0.025179031082630934,
        0.5607529156556864,
        -0.5095227631063225,
        -0.6526421713614743,
        -0.5051065149169469,
        0.4140581037483122,
        -0.7572471678978838
      ],
      "cam_t_m2c": [
        -70.56857862085208,
        8.781062630997347,
        758.9276253149627
      ],
      "obj_id": 19
    },
    {
      "cam_R_m2c": [
        0.10442346423589949,
        0.43469079229361046,
        0.8945050140642961,
        0.78728612328072,
        -0.5856961275461239,
        0.19271616568170516,
        0.607680306504759,
        0.6841081235124186,
        -0.40338671040596635
      ],
      "cam_t_m2c": [
        -6.360560393259724,
        11.934028467069478,
        722.2430927687785
      ],
      "obj_id": 20
    },
    {
      "cam_R_m2c": [
        0.09196382252386599,
        0.4234640674166591,
        0.9012326828470958,
        -0.6645393758327259,
        0.7001298634060321,
        -0.2611602277340745,
        -0.7415721019992906,
        -0.5748879847117325,
        0.34579569193774645
      ],
      "cam_t_m2c": [
        -7.003987429341281,
        -89.02042787373492,
        842.1641641713235
      ],
      "obj_id": 21
    },
    {
      "cam_R_m2c": [
        0.7082176197494487,
        0.6820514484645203,
        0.18229947833915872,
        0.5463052122289696,
        -0.3658815665760642,
        -0.7534455904533494,
        -0.44718916261035285,
        0.6331952864178341,
        -0.631732341004095
      ],
      "cam_t_m2c": [
        -83.43193594962138,
        -44.831379754132044,
        810.4828976720701
      ],
      "obj_id": 22
    },
    {
      "cam_R_m2c": [
        0.9470405052852191,
        -0.29985966186450524,
        0.11488257701533966,
        0.15651023270463615,
        0.743426330892733,
        0.6502467577452409,
        -0.2803897851474999,
        -0.597830520616442,
        0.7509862160400221
      ],
      "cam_t_m2c": [
        41.47861442583001,
        -19.101264972847233,
        779.0725163754256
      ],
      "obj_id": 23
    },
    {
      "cam_R_m2c": [
        -0.46884443839821227,
        -0.3370067486458359,
        -0.8164624123706461,
        0.8743119477539602,
        -0.04567981119158151,
        -0.4832090607418172,
        0.12554856475239182,
        -0.940393413341928,
        0.316066209780214
      ],
      "cam_t_m2c": [
        53.95090679770632,
        41.212406477342775,
        728.218403509047
      ],
      "obj_id": 24
    }
  ],
  "230": [
    {
      "cam_R_m2c": [
        -0.5367202129112199,
        0.8404216756232618,
        -0.07499039330071167,
        0.5967477481464566,
        0.3152593162232706,
        -0.7379056986537815,
        -0.5965096112807637,
        -0.44079927648234024,
        -0.6707254387055789
      ],
      "cam_t_m2c": [
        -55.91020716357781,
        -41.032885370869536,
        809.0145126390693
      ],
      "obj_id": 19
    },
    {
      "cam_R_m2c": [
        0.10054396616529084,
        0.9805642903069365,
        0.16847982771921724,
        0.7327198752024906,
        -0.18753187187499046,
        0.6541823136319374,
        0.67306278214611,
        0.057673897726432735,
        -0.7373333272122211
      ],
      "cam_t_m2c": [
        -48.508631913753185,
        -10.518911510965832,
        744.6919886703084
      ],
      "obj_id": 20
    },
    {
      "cam_R_m2c": [
        -0.045821264507191074,
        -0.5833864347559993,
        0.8109016678882495,
        -0.8335420137124419,
        0.46971274007896874,
        0.2908244329168384,
        -0.5505534589724248,
        -0.6625936917436963,
        -0.5077998238677508
      ],
      "cam_t_m2c": [
        93.70381755204832,
        -45.28741717377095,
        793.4345215903348
      ],
      "obj_id": 21
    },
    {
      "cam_R_m2c": [
        -0.17246776341346864,
        0.9826280033323846,
        0.06854265046178126,
        0.6814568521217,
        0.16927325622793893,
        -0.7120142040416336,
        -0.7112465215189371,
        -0.07609079854997519,
        -0.6988123244744564
      ],
      "cam_t_m2c": [
        11.73976259910369,
        -65.72993550355632,
        843.3043068272743
      ],
      "obj_id": 22
    },
    {
      "cam_R_m2c": [
        0.12068782445109086,
        -0.992688936058133,
        -0.002026920973525284,
        0.5637905378672139,
        0.06686301036675499,
        0.823207602635634,
        -0.8170526334166477,
        -0.100493431856901,
        0.5677376935640439
      ],
      "cam_t_m2c": [
        23.403230754348385,
        21.48676894918323,
        743.0977307396281
      ],
      "obj_id": 23
    },
    {
      "cam_R_m2c": [
        -0.6945899961580708,
        -0.7078798790423109,
        0.1282646682960286,
        0.42671419007124517,
        -0.5489352697350921,
        -0.7187392678520995,
        0.5791898895134913,
        -0.4444963131496123,
        0.6833463472055835
      ],
      "cam_t_m2c": [
        -44.27465550284657,
        50.10168137477331,
        714.1825613169544
      ],
      "obj_id": 24
    }
  ],
  "244": [
    {
      "cam_R_m2c": [
        -0.9729078025090986,
        -0.20133556511696662,
        -0.11364463231165067,
        -0.08086344212214287,
        0.7568453478626548,
        -0.6485729533920052,
        0.2165921944202113,
        -0.621811682282707,
        -0.7526207674406522
      ],
      "cam_t_m2c": [
        27.007999905533,
        -46.132000547963756,
        814.3330566591462
      ],
      "obj_id": 19
    },
    {
      "cam_R_m2c": [
        0.0760555513088532,
        0.35564452705541494,
        -0.931521993661288,
        0.6302295061043324,
        0.7068051404931628,
        0.3213066412053787,
        0.7726748005845097,
        -0.6115095165465891,
        -0.17038103825402062
      ],
      "cam_t_m2c": [
        -36.70542662887737,
        -48.66249808534346,
        788.0786453785053
      ],
      "obj_id": 20
    },
    {
      "cam_R_m2c": [
        0.11141078419311981,
