{
    "1": [
        {
            "cam_R_m2c": [
                -0.9235759445836792,
                0.2863481058385726,
                -0.25497421355858796,
                -0.2903318026655162,
                -0.9566559378719397,
                -0.022720572767606865,
                -0.250428339926292,
                0.05304317048851066,
                0.9666811895388984
            ],
            "cam_t_m2c": [
                -44.77325900372482,
                -81.55138590569507,
                760.2058754642295
            ],
            "obj_id": 13
        },
        {
            "cam_R_m2c": [
                0.5709680029376213,
                -0.05651080264440381,
                -0.8190247638160953,
                -0.8144300092778078,
                0.08670394202340975,
                -0.5737470519887748,
                0.10343611744358687,
                0.9946302277749245,
                0.0034812615939898094
            ],
            "cam_t_m2c": [
                37.1847558046248,
                -2.827182429755073,
                749.8083064462422
            ],
            "obj_id": 14
        },
        {
            "cam_R_m2c": [
                0.3925792482525239,
                0.817533398070522,
                -0.4213316202143383,
                -0.9191284035433105,
                0.33233989822700055,
                -0.2115483539916717,
                -0.03292222800588173,
                0.47030715588928895,
                0.8818886144286211
            ],
            "cam_t_m2c": [
                -16.41362341557414,
                -24.873594240065838,
                736.7515487156738
            ],
            "obj_id": 15
        },
        {
            "cam_R_m2c": [
                0.7779230394833645,
                -0.13483500806729173,
                -0.6137224403030174,
                -0.25271055360417655,
                -0.9613697331906904,
                -0.1091095852707694,
                -0.5753021717905159,
                0.23997316304613436,
                -0.7819465845528324
            ],
            "cam_t_m2c": [
                -57.94383197956436,
                -43.700323376001535,
                735.2397528900921
            ],
            "obj_id": 16
        },
        {
            "cam_R_m2c": [
                -0.6870234991657055,
                -0.6337673102305027,
                0.3554394984526868,
                0.7265411716941096,
                -0.6069954869984354,
                0.32201515656131957,
                0.011667448598830994,
                0.47947348175161997,
                0.8774791093059724
            ],
            "cam_t_m2c": [
                6.257004681690074,
                -75.42294316539798,
                745.1931739817245
            ],
            "obj_id": 16
        },
        {
            "cam_R_m2c": [
                0.8651957045872818,
                0.030989600898436682,
                -0.5004754438266561,
                0.1996782163393207,
                0.8942457871886731,
                0.4005652521874821,
                0.45996136965517437,
                -0.446501387157043,
                0.767510519406381
            ],
            "cam_t_m2c": [
                -105.68512681080247,
                62.47006782171512,
                736.8943375643121
            ],
            "obj_id": 17
        },
        {
            "cam_R_m2c": [
                -0.5004629677392167,
                -0.8650820238571766,
                0.034196800725350494,
                0.8046032240258987,
                -0.47933065500602423,
                -0.35050745774311054,
                0.31960891552579523,
                -0.14790091194731814,
                0.9359357221025516
            ],
            "cam_t_m2c": [
                -10.795718074221817,
                100.19991117017207,
                718.4945408312543
            ],
            "obj_id": 18
        },
        {
            "cam_R_m2c": [
                -0.8780292497061758,
                0.0447182928293484,
                -0.4765129583436342,
                0.297848201049185,
                0.8303897096451568,
                -0.47089150965951826,
                0.3746339425888719,
                -0.5553850392097249,
                -0.7424265506327663
            ],
            "cam_t_m2c": [
                73.16596535462415,
                -67.09474892596359,
                748.5348753167225
            ],
            "obj_id": 24
        },
        {
            "cam_R_m2c": [
                0.4375384948370077,
                -0.6419031783051073,
                0.6296985384829115,
                -0.7814873389760054,
                -0.6178506567025167,
                -0.0868182846654201,
                0.44478865956980795,
                -0.45411492596647396,
                -0.771973401422309
            ],
            "cam_t_m2c": [
                86.06876956859892,
                71.93261455959438,
                723.9486691362283
            ],
            "obj_id": 30
        }
    ],
    "6": [
        {
            "cam_R_m2c": [
                -0.7417660491819806,
                0.5844734111908323,
                -0.32889887828761316,
                -0.6592708159616745,
                -0.5454778355747569,
                0.5175079644250248,
                0.12306294592935228,
                0.6007035017064296,
                0.7899434978022642
            ],
            "cam_t_m2c": [
                9.303739298192673,
                -103.68730256320912,
                772.2526730723372
            ],
            "obj_id": 13
        },
        {
            "cam_R_m2c": [
                0.6683046333054169,
                -0.703097893063784,
                0.24294479686949566,
                0.624490681764525,
                0.3528177359089421,
                -0.6967998043747752,
                0.40420327228846975,
                0.6173921027343376,
                0.6748680404803883
            ],
            "cam_t_m2c": [
                48.04830267191133,
                -1.347270455008578,
                723.7159069601988
            ],
            "obj_id": 14
        },
        {
            "cam_R_m2c": [
                0.4027568567334984,
                0.7091160170450367,
                -0.5787416979690134,
                -0.5735046897669409,
                0.6882931662028126,
                0.44423351012816154,
                0.7133574119243612,
                0.15299287994746022,
                0.6838964104893153
            ],
            "cam_t_m2c": [
                -4.650894643379595,
                -26.28834619894676,
                727.7184593067931
            ],
            "obj_id": 15
        },
        {
            "cam_R_m2c": [
                0.7084259339277799,
                0.5487556696239824,
                -0.44384657722392096,
                0.29959834834287863,
                -0.8032108951018788,
                -0.514870538057439,
                -0.6390413160045706,
                0.23177251641950264,
                -0.7334222769951775
            ],
            "cam_t_m2c": [
                -41.2230270514994,
                -63.44581591448771,
                769.1665550601493
            ],
            "obj_id": 16
        },
        {
            "cam_R_m2c": [
                -0.7221348326081153,
                0.4103931854582364,
                -0.556864991725172,
                -0.45167065104110804,
                -0.889451308821681,
                -0.06978095265532354,
                -0.523941973264928,
                0.2011288835372244,
                0.827666417990252
            ],
            "cam_t_m2c": [
                36.15974838306266,
                -70.81471397721589,
                771.6474881162728
            ],
            "obj_id": 16
        },
        {
            "cam_R_m2c": [
                0.7821742843703525,
                -0.5105360458072199,
                -0.3571495161851646,
                0.5320550250056192,
                0.8455901286684154,
                -0.04352621250421708,
                0.3242237779715009,
                -0.15597876465589594,
                0.9330323650589221
            ],
            "cam_t_m2c": [
                -120.09013802331853,
                17.617222784585582,
                740.4371865808841
            ],
            "obj_id": 17
        },
        {
            "cam_R_m2c": [
                -0.9667632795989227,
                0.23157896424309177,
                0.10834910317322154,
                -0.15161699257101482,
                -0.8605015119090406,
                0.48636247098887936,
                0.20586606258053328,
                0.4537707405751417,
                0.8670130735667579
            ],
            "cam_t_m2c": [
                -38.18442444727761,
                107.56550653166879,
                734.6061194716247
            ],
            "obj_id": 18
        },
        {
            "cam_R_m2c": [
                -0.6043097141200731,
                -0.5619311065698699,
                -0.5648389674262492,
                -0.7037199489478094,
                0.7088759205633227,
                0.04766947675169247,
                0.3736148092475112,
                0.42629526770389353,
                -0.8238229502319087
            ],
            "cam_t_m2c": [
                82.21820843397616,
                -31.4380448586813,
                709.6629657218706
            ],
            "obj_id": 24
        },
        {
            "cam_R_m2c": [
                0.31504428140175966,
                -0.8902094520775552,
                0.3290512692533398,
                -0.764407688648907,
                -0.44349756830353204,
                -0.46796303750270557,
                0.5625189238035926,
                -0.1040999381276758,
                -0.8202045776510547
            ],
            "cam_t_m2c": [
                56.08794402560957,
                88.12452238304681,
                732.1349779743937
            ],
            "obj_id": 30
        }
    ],
    "17": [
        {
            "cam_R_m2c": [
                0.620668735949065,
                0.665502175136301,
                -0.41457983496679085,
                -0.2849309630676599,
                0.6840446420802139,
                0.6714889554089598,
                0.7304685590213401,
                -0.29864587243774315,
                0.6141874604959275
            ],
            "cam_t_m2c": [
                88.25349574803839,
                -65.58357889912048,
                760.9695390161788
            ],
            "obj_id": 13
        },
        {
            "cam_R_m2c": [
                0.32385912070355555,
                0.4467708510950994,
                0.8339727037652312,
                0.9397911470270993,
                -0.05024326322136202,
                -0.33803606426034405,
                -0.10912283998777972,
                0.8932364794264914,
                -0.43614280387177257
            ],
            "cam_t_m2c": [
                9.852311287077232,
                42.249870088946736,
                709.2506443194644
            ],
            "obj_id": 14
        },
        {
            "cam_R_m2c": [
                0.8356082547592266,
                -0.4171979605393765,
                0.3573568644134554,
                0.5082004193040841,
                0.8340801771930842,
                -0.21457546350371876,
                -0.2085435479260582,
                0.360910091818962,
                0.9089848905571483
            ],
            "cam_t_m2c": [
                -3.861818826088362,
                3.114486342587702,
                742.6095804957162
            ],
            "obj_id": 15
        },
        {
            "cam_R_m2c": [
                0.661065892427763,
                0.5359167427589103,
                -0.5251521125572985,
                0.4951714349718967,
                -0.8374439087319044,
                -0.23128499325903465,
                -0.5637349920485358,
                -0.1071455093763048,
                -0.8189765630190956
            ],
            "cam_t_m2c": [
                35.84112839504702,
                -70.81899500351753,
                748.2663406455055
            ],
            "obj_id": 16
        },
        {
            "cam_R_m2c": [
                0.05622315666779517,
                0.8339265418674073,
                -0.5490036307052812,
                -0.9489310714586733,
                0.21560178118019988,
                0.2303164621184237,
                0.31043331222923043,
                0.5080172700125215,
                0.8034609137297501
            ],
            "cam_t_m2c": [
                68.82863818803536,
                5.281927983661393,
                724.509040345683
            ],
            "obj_id": 16
        },
        {
            "cam_R_m2c": [
                0.8434820896404883,
                -0.35374965984375345,
                -0.4042260293089596,
                0.5092204515026827,
                0.7661200603698554,
                0.3921155614138399,
                0.17097481801799097,
                -0.5365822987949148,
                0.8263454442575946
            ],
            "cam_t_m2c": [
                -98.21432750973568,
                -48.80342377319498,
                767.9609796178055
            ],
            "obj_id": 17
        },
        {
            "cam_R_m2c": [
                -0.8610178852801196,
                0.45041345670609273,
                -0.2361674608974605,
                -0.361172631266478,
                -0.8684727975006241,
                -0.3395722730709317,
                -0.358053047182094,
                -0.2070808669048198,
                0.9104480813949004
            ],
            "cam_t_m2c": [
                -131.51884632992238,
                35.02865232199383,
                736.7094445117157
            ],
            "obj_id": 18
        },
        {
            "cam_R_m2c": [
                -0.22604032168441984,
                -0.8848102646782253,
                0.40745055827562365,
                -0.962600931767055,
                0.2670182792021175,
                0.045831915395136556,
                -0.149349571825624,
                -0.38185227583942105,
                -0.9120765199789388
            ],
            "cam_t_m2c": [
                50.117236743521985,
                63.415680566290106,
                700.4612548619609
            ],
            "obj_id": 24
        },
        {
            "cam_R_m2c": [
                0.9356611556178549,
                -0.08710279042096347,
                0.34198056308353264,
                0.1829349475103988,
                -0.7089802384103643,
                -0.6810888731860868,
                0.30178183274829623,
                0.6998285965240943,
                -0.6474313411474398
            ],
            "cam_t_m2c": [
                -68.68600535747251,
                97.92856615337384,
                714.8728168696366
            ],
            "obj_id": 30
        }
    ],
    "33": [
        {
            "cam_R_m2c": [
                0.8866000990050961,
                -0.26987911286718935,
                0.3756407219918596,
                -0.06054680635348256,
                0.7374261119351203,
                0.6727086563924571,
                -0.4585573086743669,
                -0.619167176920416,
                0.637461151692004
            ],
            "cam_t_m2c": [
                73.11917850748696,
                65.35728467858675,
                704.7211129869482
            ],
            "obj_id": 13
        },
        {
            "cam_R_m2c": [
                -0.7155460502504496,
                -0.19859831680284934,
                0.6697407271144258,
                0.6830554081962792,
                -0.39981655204828764,
                0.6112135263389873,
                0.1463875089851075,
                0.894821203166604,
                0.4217413336708759
            ],
            "cam_t_m2c": [
                -35.19506694378932,
                22.374343937399154,
                722.9112129137801
            ],
            "obj_id": 14
        },
        {
            "cam_R_m2c": [
                -0.4786887870190549,
                -0.7965270968721473,
                -0.36932611659106485,
                0.5980912730085342,
                -0.6037884174820901,
                0.526997988883405,
                -0.642762760827882,
                0.031377308826495025,
                0.7654220463829841
            ],
            "cam_t_m2c": [
                -5.860825675096557,
                1.8127329713060263,
                739.0729700799798
            ],
            "obj_id": 15
        },
        {
            "cam_R_m2c": [
                -0.42445028404789303,
                0.8607040142822551,
                0.2811241351273914,
                0.9028420034064966,
                0.4258650780330249,
                0.05928923331912308,
                -0.06869035762245035,
                0.27897648880754156,
                -0.9578379906094239
            ],
            "cam_t_m2c": [
                70.47855483606422,
                28.290808708277165,
                724.4707041216701
            ],
            "obj_id": 16
        },
        {
            "cam_R_m2c": [
                0.9254374942398625,
                0.346205131574219,
                -0.15397310545809556,
                -0.37888825939383064,
                0.8488189067374838,
                -0.3687138736331669,
                0.003044620754454644,
                0.39956073887564714,
                0.916701679282058
            ],
            "cam_t_m2c": [
                -8.670478279670009,
                76.50392427156865,
                714.1665455217991
            ],
            "obj_id": 16
        },
        {
            "cam_R_m2c": [
                -0.6873777076972586,
                -0.55175914341976,
                -0.47230695087065394,
                0.69245719618657,
                -0.6940496561054919,
                -0.19697212919427,
                -0.21912317542547402,
                -0.4624471130383555,
                0.8591436022932222
            ],
            "cam_t_m2c": [
                40.864502132054525,
                -72.04469487546493,
                793.4081530274304
            ],
            "obj_id": 17
        },
        {
            "cam_R_m2c": [
                0.5012889594263913,
                0.6611401593460049,
                0.558214184101756,
                -0.8520313126206498,
                0.26469865835509343,
                0.45163875988923335,
                0.15083777004583762,
                -0.7020176381402061,
                0.6960021210681928
            ],
            "cam_t_m2c": [
                -46.11880830896959,
                -92.97373044627875,
                787.3815281722614
            ],
            "obj_id": 18
        },
        {
            "cam_R_m2c": [
                0.7443088692859615,
                -0.42734964287811444,
                0.513202284257096,
                -0.29508239526138225,
                -0.8998200473216811,
                -0.3213261293161381,
                0.5991085365707208,
                0.08772848991988248,
                -0.7958470599590097
            ],
            "cam_t_m2c": [
                -57.46735587561227,
                68.01272947547608,
                678.7563419308318
            ],
            "obj_id": 24
        },
        {
            "cam_R_m2c": [
                -0.6008417199145343,
                0.6809444428611496,
                0.4186932523109929,
                0.7459212974289386,
                0.6659153716796803,
                -0.012588507153108013,
                -0.28738595073627,
                0.3047487402857738,
                -0.9080402517236179
            ],
            "cam_t_m2c": [
                -131.59597007538585,
                -14.451633256274853,
                769.9226830891321
            ],
            "obj_id": 30
        }
    ],
    "42": [
        {
            "cam_R_m2c": [
                0.26390282799392983,
                -0.908903560900227,
                -0.3228769881587842,
                0.6581177600852894,
                -0.07504541529722614,
                0.7491653450923064,
                -0.7051499755086542,
                -0.4101986323894233,
                0.5783608402832409
            ],
            "cam_t_m2c": [
                -3.781126434983724,
                100.2584484204772,
                693.4297672948517
            ],
            "obj_id": 13
        },
        {
            "cam_R_m2c": [
                -0.8933775295067522,
                0.021211016507658036,
                0.44880549812946485,
                0.36092311029658447,
                0.6288035239577139,
                0.6887237844439463,
                -0.267602396974688,
                0.777274638224219,
                -0.5694152331502405
            ],
            "cam_t_m2c": [
                -48.02010333026798,
                -15.856003945050249,
                744.5178978438162
            ],
            "obj_id": 14
        },
        {
            "cam_R_m2c": [
                -0.7962448065370094,
                -0.30091236887258493,
                -0.524829431327639,
                0.39355586786336016,
                -0.9165083111528526,
                -0.07159988314995583,
                -0.4594657502066939,
                -0.2635603365933723,
                0.8481904788383184
            ],
            "cam_t_m2c": [
                -21.775520957021342,
                0.7256410263024535,
                743.3834055372945
            ],
            "obj_id": 15
        },
        {
            "cam_R_m2c": [
                -0.9996934012615647,
                -0.005168465491353421,
                0.024213210121686448,
                -0.022979817950747505,
                0.5576788419272826,
                -0.8297384080047255,
                -0.009215148381090594,
                -0.830041143911446,
                -0.5576266024278493
            ],
            "cam_t_m2c": [
                10.412767782578918,
                53.577742105978245,
                710.4673016015261
            ],
            "obj_id": 16
        },
        {
            "cam_R_m2c": [
                0.7351033554183857,
                -0.4200237435738445,
                0.5321685713612077,
                0.07568727410252503,
                0.8308991280146828,
                0.5512514297684462,
                -0.6737167583331737,
                -0.3649486293179036,
                0.6425869570290625
            ],
            "cam_t_m2c": [
                -52.80321401938012,
                52.28617709912953,
                724.6867404270622
            ],
            "obj_id": 16
        },
        {
            "cam_R_m2c": [
                -0.922349585406625,
                0.38522350962849367,
                -0.029573459317580125,
                -0.35984353977577577,
                -0.8844017191814127,
                -0.2972312350620205,
                -0.14065522057045474,
                -0.2635090387749461,
                0.9543471724468222
            ],
            "cam_t_m2c": [
                88.59876545905733,
                -10.225619590140802,
                752.9764218340482
            ],
            "obj_id": 17
        },
        {
            "cam_R_m2c": [
                0.920782432214786,
                0.21025476856864445,
                -0.32856161994479643,
                -0.3164846795653309,
                0.8950646144076236,
                -0.31416127745705746,
                0.22803010495802498,
                0.39325852741209316,
                0.89070169431017
            ],
            "cam_t_m2c": [
                30.257172116283737,
                -86.47774632455038,
                791.4339895006713
            ],
            "obj_id": 18
        },
        {
            "cam_R_m2c": [
                0.4880786966480558,
                0.8602919501283036,
                -0.14723256427123788,
                0.4655790181142087,
                -0.39931100950963255,
                -0.7898015316238362,
                -0.7382513453650793,
                0.3169374944107727,
                -0.5954289593734909
            ],
            "cam_t_m2c": [
                -97.0317534059912,
                4.0906951782840775,
                723.250632760778
            ],
            "obj_id": 24
        },
        {
            "cam_R_m2c": [
                -0.7294086924047789,
                0.6729276195023132,
                -0.12300929530898252,
                0.4622156782311239,
                0.35224950192583604,
                -0.8138037912917251,
                -0.5043018709557495,
                -0.6504525672653028,
                -0.5679715094480018
            ],
            "cam_t_m2c": [
                -62.261307668485145,
                -106.38392206243034,
                785.4164864394035
            ],
            "obj_id": 30
        }
    ],
    "47": [
        {
            "cam_R_m2c": [
                0.03065872725954211,
                -0.9990887784687064,
                0.029696090266294627,
                0.5631142994778242,
                0.04181116023810946,
                0.8253204903066763,
                -0.8258098104661965,
                -0.008581083130490235,
                0.5638833086796526
            ],
            "cam_t_m2c": [
                -63.240506797988886,
                98.43505952892643,
                696.8007329882062
            ],
            "obj_id": 13
        },
        {
            "cam_R_m2c": [
                -0.9960254470984673,
                -0.08256647247367047,
                0.0334089588895698,
                -0.03533883004258703,
                0.7106292714785856,
                0.7026783134103424,
                -0.08175918586362108,
                0.6987052399243932,
                -0.7107225971724151
            ],
            "cam_t_m2c": [
                -48.984507281751036,
                -41.11604701916741,
                750.0528209193444
            ],
            "obj_id": 14
        },
        {
            "cam_R_m2c": [
                -0.868125471543122,
                0.3621039463385865,
                0.3394686160597823,
                -0.27615422071831486,
                -0.9206752013478583,
                0.275854661201049,
                0.4124283313386828,
                0.14573088907149367,
                0.8992582722525602
            ],
            "cam_t_m2c": [
                -10.622990494406992,
                8.35313742368158,
                728.5973240722827
            ],
            "obj_id": 15
        },
        {
            "cam_R_m2c": [
                -0.8359452156669215,
                -0.21253188984735263,
                -0.5059901675114316,
                0.025355539795257728,
                0.9060307683504767,
                -0.4224511076662976,
                0.5482269096263666,
                -0.3659755267762565,
                -0.7520034358173582
            ],
            "cam_t_m2c": [
                -16.91910781193479,
                69.47856765050571,
                702.5539853818137
            ],
            "obj_id": 16
        },
        {
            "cam_R_m2c": [
                0.875839681110339,
                -0.2058315659702275,
                0.43650705685830543,
                0.2570493558504067,
                0.9644726286984293,
                -0.06097361953697295,
                -0.4084488495024318,
                0.16560688874185428,
                0.8976324221296206
            ],
            "cam_t_m2c": [
                -89.94156463031021,
                27.32864059850697,
                716.4060104883864
            ],
            "obj_id": 16
        },
        {
            "cam_R_m2c": [
                -0.5706239551799263,
                0.6213118651801028,
                0.5369917399999852,
                -0.4010283585733968,
                -0.7814563976968633,
                0.4780185177799888,
                0.7166342727039204,
                0.05741985301063546,
                0.6950815290535193
            ],
            "cam_t_m2c": [
                92.43892495658743,
                6.313248998676215,
                745.944422948677
            ],
            "obj_id": 17
        },
        {
            "cam_R_m2c": [
                0.9824394055504548,
                0.036254002741090176,
                0.18302653053618725,
                -0.17050737193608842,
                0.5727712171573622,
                0.8017855948477463,
                -0.07576439111401909,
                -0.8189128736082734,
                0.5688948091910924
            ],
            "cam_t_m2c": [
                53.00530098055596,
                -70.91174845927809,
                784.5512599194126
            ],
            "obj_id": 18
        },
        {
            "cam_R_m2c": [
                0.5067221022391583,
                0.621397655641705,
                -0.597576730620918,
                0.6743717348870718,
                -0.7175275805600709,
                -0.17428842665899014,
                -0.5370802102061095,
                -0.3146730925402902,
                -0.7826402435480739
            ],
            "cam_t_m2c": [
                -103.03507043884596,
                -38.5798948766605,
                732.5974231469789
            ],
            "obj_id": 24
        },
        {
            "cam_R_m2c": [
                -0.8471675111570452,
                -0.24063650815757112,
                -0.4737103449008973,
                0.055242433696388045,
                0.8468383083572191,
                -0.5289733050047255,
                0.5284464350117563,
                -0.4742979079702938,
                -0.7041206623825852
            ],
            "cam_t_m2c": [
                -17.671678058139523,
                -90.16790081715232,
                798.5935951562043
            ],
            "obj_id": 30
        }
    ],
    "55": [
        {
            "cam_R_m2c": [
                -0.22848046296353497,
                -0.972110725109976,
                -0.05288575645805175,
                0.7562880306525288,
                -0.21143722654014874,
                0.6191299064528875,
                -0.61304552669114,
                0.10146291746707717,
                0.7835052107545528
            ],
            "cam_t_m2c": [
                -124.09752595307681,
                33.19707730384215,
                719.1172535067094
            ],
            "obj_id": 13
        },
        {
            "cam_R_m2c": [
                -0.47307491361482085,
                0.24224026159354012,
                -0.8470649188594834,
                -0.8740388070489219,
                -0.008226344743374714,
                0.4857869885518761,
                0.11070894599152652,
                0.9701808412811022,
                0.21561895534138958
            ],
            "cam_t_m2c": [
                -26.55224358911227,
                -42.827823281655576,
                736.0299530604071
            ],
            "obj_id": 14
        },
        {
            "cam_R_m2c": [
                -0.5457920062665174,
                0.5953498462520285,
                0.5896347936169269,
                -0.42340646155756584,
                -0.803193763583116,
                0.4190540764276293,
                0.7230749748162414,
                -0.020938158878163967,
                0.6904517528023537
            ],
            "cam_t_m2c": [
                -17.48726712273649,
                1.2827099671844788,
                741.3356267404591
            ],
            "obj_id": 15
        },
        {
            "cam_R_m2c": [
                -0.2892226052114037,
                -0.7313621086130353,
                -0.6176236066055162,
                -0.9072632574738165,
                0.41521984128675,
                -0.06682816208942494,
                0.3053256869707455,
                0.5410187193573897,
                -0.7836288859217181
            ],
            "cam_t_m2c": [
                -49.30473913133371,
                52.35291280894941,
                732.9425103173343
            ],
            "obj_id": 16
        },
        {
            "cam_R_m2c": [
                0.058149932244927434,
                -0.8337975918255919,
                -0.5489984079481025,
                0.9862473423651831,
                0.13320421913128108,
                -0.09784242262125237,
                0.1547091958438756,
                -0.5357587654777903,
                0.8300763551532114
            ],
            "cam_t_m2c": [
                -88.49415355181735,
                -29.505726189287934,
                740.5923680457223
            ],
            "obj_id": 16
        },
        {
            "cam_R_m2c": [
                -0.3054792597202558,
                0.7656193662663506,
                -0.5661347183391084,
                -0.8661766023411023,
                0.023518756280607393,
                0.49918359401448925,
                0.39550032851361233,
                0.6428633387167584,
                0.6559774179166116
            ],
            "cam_t_m2c": [
                64.88548179755651,
                84.71637360972356,
                718.066585658158
            ],
            "obj_id": 17
        },
        {
            "cam_R_m2c": [
                0.3632526558537894,
                -0.7507086586934953,
                0.5518003459008828,
                0.7918487582753372,
                0.5608407643130096,
                0.24172915426329977,
                -0.49094054863023145,
                0.3491331962726027,
                0.7981745115528299
            ],
            "cam_t_m2c": [
                90.78304056373261,
                -11.301608835238621,
                741.7380008442266
            ],
            "obj_id": 18
        },
        {
            "cam_R_m2c": [
                -0.15706601043827353,
                0.9847569878126183,
                -0.0747203152170484,
                0.9103415142356595,
                0.1736995779007065,
                0.3756424981355318,
                0.382895232782165,
                -0.009020363124454638,
                -0.9237471199543362
            ],
            "cam_t_m2c": [
                -58.62337316366201,
                -79.64573675542627,
                728.1995219654685
            ],
            "obj_id": 24
        },
        {
            "cam_R_m2c": [
                -0.8729199578466112,
                -0.18022127116179681,
                0.45335458251349614,
                -0.4594104044443424,
                0.6163680901376103,
                -0.6395557985880365,
                -0.1641712834798522,
                -0.7665576945967297,
                -0.6208358531383327
            ],
            "cam_t_m2c": [
                60.050269636475065,
                -68.85085684929271,
                788.0415741085455
            ],
            "obj_id": 30
        }
    ],
    "74": [
        {
            "cam_R_m2c": [
                -0.6023382727548278,
                0.7929194494081145,
                -0.09201759198272554,
                -0.7646716939661461,
                -0.6062385074336594,
                -0.2185224615516805,
                -0.2290550388920639,
                -0.06126058855171291,
                0.9714837608951211
            ],
            "cam_t_m2c": [
                -19.748954360013595,
                -108.665892820196,
                786.6981101301641
            ],
            "obj_id": 13
        },
        {
            "cam_R_m2c": [
                0.9329799898861922,
                0.2563916075776558,
                -0.252609936174499,
                -0.3330372708634893,
                0.348765706740021,
                -0.8760410710132148,
                -0.13650757339247757,
                0.901457455746118,
                0.4107801919395842
            ],
            "cam_t_m2c": [
                24.801759078931,
                -24.107642561572476,
                749.7618152919862
            ],
            "obj_id": 14
        },
        {
            "cam_R_m2c": [
                0.5567438860150693,
                0.6930580687729101,
                -0.4579370532337675,
                -0.16911171820318668,
                0.6342970012661432,
                0.7543661942129484,
                0.8132876052196304,
                -0.3425467107645281,
                0.47034589859525544
            ],
            "cam_t_m2c": [
                10.792935575529839,
                -34.97753993307249,
                730.1491692763485
            ],
            "obj_id": 15
        },
        {
            "cam_R_m2c": [
                0.9804799946125103,
                0.17049006178477605,
                0.09793624256110671,
                0.15326742571328286,
                -0.9747423637827913,
                0.16243995313517365,
                0.12315736159097848,
                -0.1442581885296829,
                -0.9818460983741111
            ],
            "cam_t_m2c": [
                -53.86052976043288,
                -49.134356991082385,
                754.6495112572438
            ],
            "obj_id": 16
        },
        {
            "cam_R_m2c": [
                -0.7986192260266024,
                0.5164953545080884,
                0.3089328334472168,
                -0.39877526929156687,
                -0.8385889920174056,
                0.3711424487461573,
                0.45076093950651924,
                0.1732075637880228,
                0.8756790479682143
            ],
            "cam_t_m2c": [
                21.711239501884453,
                -75.14899506416104,
                771.9877356860447
            ],
            "obj_id": 16
        },
        {
            "cam_R_m2c": [
                0.5506630165878105,
                0.8346976798634412,
                -0.007105194882105216,
                -0.7622795209409337,
                0.5063197400235232,
                0.40319861392727463,
                0.3401465611054865,
                -0.21661081275330102,
                0.9150849193106371
            ],
            "cam_t_m2c": [
                -100.26471259540051,
                45.524417440035876,
                715.8700337379712
            ],
            "obj_id": 17
        },
        {
            "cam_R_m2c": [
                -0.6884556057174279,
                -0.6916023679982489,
                0.21843773890097395,
                0.4324025410896397,
                -0.14959294628141367,
                0.8891846141671349,
                -0.5822852696227852,
                0.7066177006028304,
                0.4020393721117515
            ],
            "cam_t_m2c": [
                -17.77595036292556,
                83.68421893657062,
                691.8464859696733
            ],
            "obj_id": 18
        },
        {
            "cam_R_m2c": [
                -0.8871033849059266,
                -0.37027010695525503,
                0.2755856544247628,
                -0.33592719631009293,
                0.9273817990856312,
                0.16466878898775708,
                -0.31654514835235376,
