{
  "1": [
    {
      "cam_R_m2c": [
        -0.6637877627011445,
        0.7478866019643482,
        0.0071374972998301135,
        -0.7134926796747457,
        -0.6360657122949567,
        0.2938500969464797,
        0.2243065684050335,
        0.18996167867067937,
        0.955825179032174
      ],
      "cam_t_m2c": [
        -50.18829245388849,
        -95.32900469116453,
        763.0430854407828
      ],
      "obj_id": 13
    },
    {
      "cam_R_m2c": [
        0.7985470702560964,
        -0.393430829503445,
        -0.45555927859860007,
        -0.30802909386041194,
        0.38312923150224687,
        -0.8708210751171649,
        0.5171463861457102,
        0.8357179600476711,
        0.18475865718989914
      ],
      "cam_t_m2c": [
        37.58782629308909,
        -16.69563990090289,
        743.4853712203515
      ],
      "obj_id": 14
    },
    {
      "cam_R_m2c": [
        0.44577555876689,
        0.8945320533731189,
        -0.03310670071924722,
        -0.8462864474854336,
        0.43320805359207115,
        0.3100472635306565,
        0.29168949494970475,
        -0.1101938001249643,
        0.9501448359447606
      ],
      "cam_t_m2c": [
        -4.066126842885645,
        -15.576593448900686,
        734.4266364487193
      ],
      "obj_id": 15
    },
    {
      "cam_R_m2c": [
        0.9580428411420517,
        -0.28659154255886593,
        -0.0043239990793529385,
        -0.2744540301287536,
        -0.9129105452670184,
        -0.30210694069289823,
        0.08263393982741263,
        0.2906182828935873,
        -0.9532645466188436
      ],
      "cam_t_m2c": [
        -68.48172258730439,
        -43.81935616397517,
        748.3873317480521
      ],
      "obj_id": 16
    },
    {
      "cam_R_m2c": [
        -0.9853287299558475,
        -0.1699195999786091,
        -0.015941422756092446,
        0.15760389869419766,
        -0.9417775075867829,
        0.297010797184292,
        -0.06548127189763306,
        0.290141000554957,
        0.9547413486281896
      ],
      "cam_t_m2c": [
        1.5058316849986524,
        -81.5891710074714,
        760.2415358604476
      ],
      "obj_id": 16
    },
    {
      "cam_R_m2c": [
        0.9133193412830592,
        0.40693886036653043,
        -0.01574963629049404,
        -0.3868837064074369,
        0.8790848023670569,
        0.27844240774715573,
        0.12715438429925444,
        -0.2482137106860936,
        0.9603240927195601
      ],
      "cam_t_m2c": [
        -90.02112788764632,
        68.57615923922036,
        735.6943595776245
      ],
      "obj_id": 17
    },
    {
      "cam_R_m2c": [
        -0.6539282821809291,
        -0.7565561213060104,
        -0.00038088786790471067,
        0.7153871660757329,
        -0.6185076514980615,
        0.32506732702549396,
        -0.2461674094042932,
        0.21229833945874216,
        0.9456911032921613
      ],
      "cam_t_m2c": [
        2.4246017521008367,
        108.09867366499626,
        719.3595992433364
      ],
      "obj_id": 18
    },
    {
      "cam_R_m2c": [
        -0.95899651156218,
        -0.28322321124177313,
        0.010478950363626685,
        -0.274754871676925,
        0.9199795867199679,
        -0.27954713098877343,
        0.06953385110055607,
        -0.2709640382201704,
        -0.9600750958016318
      ],
      "cam_t_m2c": [
        63.73679849955198,
        -64.35163203474593,
        735.1233494196223
      ],
      "obj_id": 24
    },
    {
      "cam_R_m2c": [
        0.5094619670422439,
        -0.8604821568610663,
        -0.00429683403121721,
        -0.8226913755847625,
        -0.4856114787746607,
        -0.2955666981094295,
        0.25224343757933076,
        0.15411502099886276,
        -0.9553127553891907
      ],
      "cam_t_m2c": [
        81.77060149800005,
        68.8096840611861,
        739.2012917648863
      ],
      "obj_id": 30
    }
  ],
  "109": [
    {
      "cam_R_m2c": [
        0.6409780833965127,
        -0.7675547317920921,
        -0.0024586282042329856,
        0.6892135506339647,
        0.5741409375189883,
        0.44198121544488683,
        -0.33783317182074496,
        -0.2849948988864956,
        0.8970209022033558
      ],
      "cam_t_m2c": [
        26.390743795369808,
        72.17999682197637,
        694.5563470839036
      ],
      "obj_id": 13
    },
    {
      "cam_R_m2c": [
        -0.839527094284817,
        0.3543673151691691,
        0.4118462028522558,
        0.5254436837515747,
        0.33671719716859877,
        0.7813648117390414,
        0.1382143565969608,
        0.8723789718875279,
        -0.46888332320935516
      ],
      "cam_t_m2c": [
        -56.252062116720914,
        -2.7392388387257447,
        733.8604694956139
      ],
      "obj_id": 14
    },
    {
      "cam_R_m2c": [
        -0.4884707924540523,
        -0.8724737257879277,
        -0.013605751008790457,
        0.7886927544950952,
        -0.44812738099387905,
        0.42088727253519426,
        -0.37331029779211644,
        0.1948603647350312,
        0.907010860871939
      ],
      "cam_t_m2c": [
        -15.857690405638131,
        -9.101411456422614,
        729.5923065010024
      ],
      "obj_id": 15
    },
    {
      "cam_R_m2c": [
        -0.975261886695439,
        0.22100709165318919,
        0.004399272554403162,
        0.19541767627491513,
        0.8712992994039745,
        -0.45016660239820566,
        -0.10332319030424518,
        -0.43817068537812515,
        -0.8929337114846813
      ],
      "cam_t_m2c": [
        46.95193619152922,
        24.118033806378556,
        718.8990688241332
      ],
      "obj_id": 16
    },
    {
      "cam_R_m2c": [
        0.9932635766913191,
        0.11582975372923635,
        0.0031870171521134172,
        -0.10467456662430305,
        0.8851256269522183,
        0.45342737306505754,
        0.049699558811326046,
        -0.4507065574435146,
        0.891287493423794
      ],
      "cam_t_m2c": [
        -24.592764647377653,
        56.946176062371634,
        702.3317202755759
      ],
      "obj_id": 16
    },
    {
      "cam_R_m2c": [
        -0.926901531562423,
        -0.3748023874884528,
        -0.019389013819603423,
        0.32316737132411394,
        -0.8233402957743244,
        0.46655560267918295,
        -0.1908300151599501,
        0.4261852694313617,
        0.8842792905500676
      ],
      "cam_t_m2c": [
        74.99416294612517,
        -63.190868836163396,
        787.2261360598214
      ],
      "obj_id": 17
    },
    {
      "cam_R_m2c": [
        0.677586164938411,
        0.7354351189923596,
        0.0033762008152233474,
        -0.6618333400122396,
        0.60775847491808,
        0.4388699034774382,
        0.32070853935784627,
        -0.29960664887147065,
        0.8985442324944383
      ],
      "cam_t_m2c": [
        -16.802092784061198,
        -106.70592901611802,
        804.0046944998759
      ],
      "obj_id": 18
    },
    {
      "cam_R_m2c": [
        0.9473308721662863,
        0.32004580735951077,
        0.011580542132985719,
        0.28987449992113035,
        -0.8415312242385793,
        -0.4558492206239059,
        -0.13614720413691805,
        0.4351970456027106,
        -0.889981637855548
      ],
      "cam_t_m2c": [
        -83.9871114424544,
        24.219869278738173,
        697.0234975117423
      ],
      "obj_id": 24
    },
    {
      "cam_R_m2c": [
        -0.5228269874014624,
        0.8521747927796841,
        0.021195965464412294,
        0.7514655571119081,
        0.47249287095432346,
        -0.46048945027691696,
        -0.40243256126376564,
        -0.22482825325058897,
        -0.8874120428815773
      ],
      "cam_t_m2c": [
        -99.151020005347,
        -68.71022700661703,
        792.4747210342413
      ],
      "obj_id": 30
    }
  ],
  "115": [
    {
      "cam_R_m2c": [
        0.1708828591456172,
        -0.9852533954789379,
        -0.008639493422284289,
        0.8710401148774962,
        0.1469637177655424,
        0.46871166099574657,
        -0.46053049419505104,
        -0.08761963723232614,
        0.8833088914939202
      ],
      "cam_t_m2c": [
        -26.899340034530447,
        76.17673745543375,
        691.4465711402073
      ],
      "obj_id": 13
    },
    {
      "cam_R_m2c": [
        -0.9253429004811571,
        0.3632920608856966,
        -0.10844002491526661,
        0.1012224255254964,
        0.5123716501348049,
        0.8527773205476914,
        0.3653693911908959,
        0.7781346946668896,
        -0.5108930697601471
      ],
      "cam_t_m2c": [
        -56.61634383388188,
        -25.82803995004913,
        746.6304440747366
      ],
      "obj_id": 14
    },
    {
      "cam_R_m2c": [
        -0.8526752739543138,
        -0.5224189110826436,
        0.004817993156212958,
        0.47263741022751155,
        -0.7674281134983242,
        0.4332064336117319,
        -0.22261745609621264,
        0.3716621542951159,
        0.90128176801524
      ],
      "cam_t_m2c": [
        -19.75871039510014,
        -14.053301785112154,
        731.0627385346386
      ],
      "obj_id": 15
    },
    {
      "cam_R_m2c": [
        -0.9588338796103616,
        -0.2838559766907043,
        0.007951297575564346,
        -0.25434149344967427,
        0.8460116646236796,
        -0.46858777684969316,
        0.1262851811344027,
        -0.4513203485664608,
        -0.8833810816606427
      ],
      "cam_t_m2c": [
        16.070831298262434,
        43.34241749248699,
        709.1386636543947
      ],
      "obj_id": 16
    },
    {
      "cam_R_m2c": [
        0.916483421668776,
        -0.40007121005619734,
        0.0009982019089705637,
        0.35415081211931304,
        0.8124447964221453,
        0.4631527852824009,
        -0.18610572983745072,
        -0.4241184256309597,
        0.8862778183620814
      ],
      "cam_t_m2c": [
        -64.02564811135441,
        39.92740658106356,
        710.2833066696835
      ],
      "obj_id": 16
    },
    {
      "cam_R_m2c": [
        -0.9901147512638301,
        0.13934189919317017,
        -0.016014369441908552,
        -0.13210971872079494,
        -0.8881365009097045,
        0.44018228379539165,
        0.04711349509492126,
        0.4379468716259236,
        0.8977655382716356
      ],
      "cam_t_m2c": [
        95.11222752983946,
        -18.397353489756554,
        764.5186379852361
      ],
      "obj_id": 17
    },
    {
      "cam_R_m2c": [
        0.9546756372754919,
        0.2974539682655597,
        0.010742119076652316,
        -0.2703872846323906,
        0.8515864053743002,
        0.4491003814646558,
        0.1244384154423904,
        -0.43165021490189537,
        0.8934166497936756
      ],
      "cam_t_m2c": [
        38.758687200199645,
        -97.06130531736567,
        799.9516752542169
      ],
      "obj_id": 18
    },
    {
      "cam_R_m2c": [
        0.6445824237150269,
        0.7644177910923625,
        0.013370546507766897,
        0.6793319508279873,
        -0.5646370064572372,
        -0.46871417850017755,
        -0.3507445725059286,
        0.3112077556819096,
        -0.8832486119666351
      ],
      "cam_t_m2c": [
        -103.14153485593302,
        -16.44861162863976,
        717.6375725159097
      ],
      "obj_id": 24
    },
    {
      "cam_R_m2c": [
        -0.8937017939771249,
        0.44848204217654136,
        0.012680789912132149,
        0.3953193166550557,
        0.8004998024155078,
        -0.45046925888206135,
        -0.21217800501520154,
        -0.3975727818796059,
        -0.8927018021441712
      ],
      "cam_t_m2c": [
        -50.672043650182495,
        -100.82281936378607,
        808.2501410042285
      ],
      "obj_id": 30
    }
  ],
  "123": [
    {
      "cam_R_m2c": [
        -0.5033971262161946,
        -0.8640523887326002,
        0.00228760994995933,
        0.7658738992772878,
        -0.4449697618453631,
        0.46415319670357186,
        -0.4000347501244327,
        0.2354056356418197,
        0.8857518955508039
      ],
      "cam_t_m2c": [
        -91.00545611085244,
        42.007657690376284,
        706.623320187519
      ],
      "obj_id": 13
    },
    {
      "cam_R_m2c": [
        -0.6705653586215325,
        0.22517780458387024,
        -0.706850400696186,
        -0.39958777224614805,
        0.6931531352243057,
        0.5998895275938645,
        0.6250376730326511,
        0.6847140381535296,
        -0.37482614013634236
      ],
      "cam_t_m2c": [
        -38.73686400118836,
        -51.698768137397536,
        758.7184808614977
      ],
      "obj_id": 14
    },
    {
      "cam_R_m2c": [
        -0.9854750985898257,
        0.16621886540709255,
        0.034792798490934224,
        -0.13271329445933847,
        -0.8816272211298499,
        0.4529014606090454,
        0.10595527238632589,
        0.44170572574410705,
        0.8908813418312793
      ],
      "cam_t_m2c": [
        -22.875640218925476,
        -21.42561525406835,
        735.1597096395436
      ],
      "obj_id": 15
    },
    {
      "cam_R_m2c": [
        -0.5616840289882241,
        -0.8269767243821966,
        0.02491950800542262,
        -0.7405879025777141,
        0.4891245230200305,
        -0.4607449009201156,
        0.3688367471377475,
        -0.27724803694573424,
        -0.8871826234327916
      ],
      "cam_t_m2c": [
        -32.84901527026733,
        43.00243467782881,
        706.9583014837176
      ],
      "obj_id": 16
    },
    {
      "cam_R_m2c": [
        0.4607328960073426,
        -0.8874906352444779,
        -0.009273821814233627,
        0.7874157087916249,
        0.40391380522791254,
        0.46564927210852036,
        -0.40951371928369484,
        -0.2218421639154519,
        0.8849206805561415
      ],
      "cam_t_m2c": [
        -91.24891465047618,
        -6.333479236655404,
        731.5632734147651
      ],
      "obj_id": 16
    },
    {
      "cam_R_m2c": [
        -0.6695601624037668,
        0.7425730341265282,
        -0.016580161478365586,
        -0.6611905832161943,
        -0.585712008885438,
        0.468793735862941,
        0.33840258851556915,
        0.32484818096451173,
        0.8831519564713826
      ],
      "cam_t_m2c": [
        79.92394605030913,
        42.666113776662954,
        732.1544913871567
      ],
      "obj_id": 17
    },
    {
      "cam_R_m2c": [
        0.925460110355938,
        -0.37880605192737804,
        0.005477260260958022,
        0.33344181055410854,
        0.8213228473356512,
        0.46286548011083933,
        -0.17983505824269483,
        -0.4265371979554141,
        0.8864115285139671
      ],
      "cam_t_m2c": [
        91.90720035201043,
        -50.388631076730796,
        775.2187801859347
      ],
      "obj_id": 18
    },
    {
      "cam_R_m2c": [
        0.0024539823040280904,
        0.9999545064767642,
        0.009240164149910059,
        0.8825419426236871,
        0.0021796058147967754,
        -0.47022769871171716,
        -0.47022654650366785,
        0.009308562585300148,
        -0.8824966762855116
      ],
      "cam_t_m2c": [
        -86.87335953371779,
        -71.92105721804509,
        745.9623109914085
      ],
      "obj_id": 24
    },
    {
      "cam_R_m2c": [
        -0.9795872861094187,
        -0.20094092446748868,
        0.0056501472337299454,
        -0.1804952207068007,
        0.866844920909247,
        -0.4647585001491952,
        0.08849141262944435,
        -0.45629139925249046,
        -0.8854193725571615
      ],
      "cam_t_m2c": [
        26.21468830495327,
        -103.6184315475191,
        811.0718766171187
      ],
      "obj_id": 30
    }
  ],
  "128": [
    {
      "cam_R_m2c": [
        -0.8211196848385176,
        -0.5700073140030124,
        -0.029228949973149305,
        0.4945822232805355,
        -0.7361572337951177,
        0.4620183249552702,
        -0.2848714571086677,
        0.3649165026393589,
        0.8863890165121504
      ],
      "cam_t_m2c": [
        -111.6968055949843,
        6.465401706861323,
        724.7378943146981
      ],
      "obj_id": 13
    },
    {
      "cam_R_m2c": [
        -0.34208541174736146,
        0.06034095590863639,
        -0.9377295677400869,
        -0.6012892210567157,
        0.7528196883380273,
        0.267794310646128,
        0.7221007448094872,
        0.6554553116866935,
        -0.22124672465351883
      ],
      "cam_t_m2c": [
        -17.79224275710129,
        -59.271626547932144,
        763.6096665384509
      ],
      "obj_id": 14
    },
    {
      "cam_R_m2c": [
        -0.8321543818249558,
        0.5538454433051416,
        0.027830061636357685,
        -0.48012877554419664,
        -0.7446904691525733,
        0.4635865302883176,
        0.2774801490793885,
        0.37241414724969335,
        0.8856148902929294
      ],
      "cam_t_m2c": [
        -19.144521538128707,
        -27.631694479929198,
        737.3866461558059
      ],
      "obj_id": 15
    },
    {
      "cam_R_m2c": [
        -0.15000738733138144,
        -0.9883458964908527,
        0.025891894621928875,
        -0.8870228465594036,
        0.12297044048555475,
        -0.4450491262794663,
        0.4366790391584914,
        -0.08972770730885034,
        -0.8951321846631204
      ],
      "cam_t_m2c": [
        -57.972089075694825,
        28.971935642088145,
        714.0699019993621
      ],
      "obj_id": 16
    },
    {
      "cam_R_m2c": [
        0.033895930629504974,
        -0.9992719077334433,
        -0.017519547748729908,
        0.8971280446691855,
        0.022696623229171223,
        0.4411871914361334,
        -0.44046886419711806,
        -0.030672011559928495,
        0.8972444862898098
      ],
      "cam_t_m2c": [
        -88.64223299846655,
        -38.25463744396391,
        747.3825194049713
      ],
      "obj_id": 16
    },
    {
      "cam_R_m2c": [
        -0.2953541952804735,
        0.9553100896493474,
        -0.012195632190908119,
        -0.858128396288032,
        -0.2596543395598998,
        0.4429393745898094,
        0.41997825000689193,
        0.1412898378150208,
        0.8964690304798708
      ],
      "cam_t_m2c": [
        46.772616965723586,
        71.47685822010757,
        717.8442093230229
      ],
      "obj_id": 17
    },
    {
      "cam_R_m2c": [
        0.6833826328379767,
        -0.7300605009486321,
        -0.00018082159102281428,
        0.6498083910409385,
        0.6081493611083738,
        0.45596426759798386,
        -0.33277175723642755,
        -0.3117161140833985,
        0.8899984854788098
      ],
      "cam_t_m2c": [
        101.48013060378649,
        -7.404267567337052,
        754.7039205963929
      ],
      "obj_id": 18
    },
    {
      "cam_R_m2c": [
        -0.4087152761656513,
        0.9121999438061503,
        0.029039565600276065,
        0.8057277965891767,
        0.37558868878641083,
        -0.45796926142139965,
        -0.42866707320747505,
        -0.16378102508164508,
        -0.8884940079999892
      ],
      "cam_t_m2c": [
        -57.72814878194217,
        -98.3575852508012,
        759.656184867034
      ],
      "obj_id": 24
    },
    {
      "cam_R_m2c": [
        -0.7892479371169963,
        -0.6140744176509195,
        0.0007247023477135273,
        -0.5480250783978943,
        0.7038244928176765,
        -0.45199512047449064,
        0.27704867384717796,
        -0.35713395981901824,
        -0.8920205316598704
      ],
      "cam_t_m2c": [
        68.99116867023757,
        -81.0102907259386,
        799.2005218904628
      ],
      "obj_id": 30
    }
  ],
  "140": [
    {
      "cam_R_m2c": [
        -0.9072465341311944,
        0.42059914279561306,
        0.00015483943975104484,
        -0.3765581735130693,
        -0.8124133375826688,
        0.4451844455411576,
        0.18736958988051447,
        0.4038339457678334,
        0.8954390265258618
      ],
      "cam_t_m2c": [
        -82.43432623304133,
        -84.69227424160813,
        771.0159602353157
      ],
      "obj_id": 13
    },
    {
      "cam_R_m2c": [
        0.5766574489841795,
        -0.3240014976847462,
        -0.7499927739427273,
        -0.45380681221851743,
        0.636324066593456,
        -0.6238202567629726,
        0.6793573472599279,
        0.7000821011377087,
        0.21990662153678694
      ],
      "cam_t_m2c": [
        29.672731896425805,
        -45.977718718807544,
        757.1488678887416
      ],
      "obj_id": 14
    },
    {
      "cam_R_m2c": [
        0.0855984697923484,
        0.9962544465486852,
        -0.012244493747905727,
        -0.8734138567588691,
        0.08094560314052042,
        0.4802048540497408,
        0.47939740788218355,
        -0.03040983822419562,
        0.8770710481293955
      ],
      "cam_t_m2c": [
        -7.6836433499222565,
        -31.90352330791059,
        741.1096777967066
      ],
      "obj_id": 15
    },
    {
      "cam_R_m2c": [
        0.7891791050546403,
        -0.6136575548528794,
        0.024913549667958574,
        -0.5376155666692449,
        -0.7098608314752961,
        -0.4550469753612596,
        0.2969285383770037,
        0.34571940293481773,
        -0.8901189919709338
      ],
      "cam_t_m2c": [
        -79.41274071391986,
        -32.78131600921806,
        746.1055222597544
      ],
      "obj_id": 16
    },
    {
      "cam_R_m2c": [
        -0.8487185252645101,
        -0.5283454584918957,
        -0.022975448894708615,
        0.4661414363232105,
        -0.7679012008935248,
        0.43936383804718776,
        -0.24977915395826522,
        0.3621862077208673,
        0.8980154840722846
      ],
      "cam_t_m2c": [
        -28.357469473724958,
        -88.60923036451233,
        775.3392441822114
      ],
      "obj_id": 16
    },
    {
      "cam_R_m2c": [
        0.6755547013373573,
        0.7369453571061437,
        -0.02317955820447212,
        -0.6486260252274204,
        0.6089532280654371,
        0.45657519682484027,
        0.35058656885392464,
        -0.29340636430419836,
        0.88938296716267
      ],
      "cam_t_m2c": [
        -56.74297850646126,
        75.10604440126274,
        715.934791037498
      ],
      "obj_id": 17
    },
    {
      "cam_R_m2c": [
        -0.31636764715276,
        -0.9486229333845834,
        -0.005097868407691157,
        0.8306541451060703,
        -0.27961196565615504,
        0.4814888342729876,
        -0.45817693403265963,
        0.14809250865014809,
        0.8764375542165972
      ],
      "cam_t_m2c": [
        45.39598927658482,
        77.3552364162702,
        711.0004199467986
      ],
      "obj_id": 18
    },
    {
      "cam_R_m2c": [
        -0.9957266462024967,
        0.09165459286586658,
        0.011306261597180324,
        0.07748441175460927,
        0.8957736608384309,
        -0.4377058111391608,
        -0.05024603652246667,
        -0.4349592592436109,
        -0.899047299063595
      ],
      "cam_t_m2c": [
        37.600181720335755,
        -99.52171311900493,
        761.8149917147979
      ],
      "obj_id": 24
    },
    {
      "cam_R_m2c": [
        0.13684781450403502,
        -0.9903627824406218,
        0.021311576237928342,
        -0.8872389026059543,
        -0.1321090184285054,
        -0.4419898187576737,
        0.4405457946424961,
        0.041576447165674664,
        -0.896767010679281
      ],
      "cam_t_m2c": [
        103.1383629175736,
        18.934047519251305,
        750.5643133988231
      ],
      "obj_id": 30
    }
  ],
  "145": [
    {
      "cam_R_m2c": [
        -0.6584231478521443,
        0.7526289746956941,
        -0.00538349266830261,
        -0.6041878430594373,
        -0.524269904988757,
        0.6000818355506676,
        0.448816559931433,
        0.39836037077188385,
        0.7999205320877542
      ],
      "cam_t_m2c": [
        -49.403859853391964,
        -109.23859308278877,
        803.3774676693082
      ],
      "obj_id": 13
    },
    {
      "cam_R_m2c": [
        0.8082733971246988,
        -0.3893823362161334,
        -0.4416739821598182,
        -0.11299296857590442,
        0.6335999791290133,
        -0.7653651116058544,
        0.5778641709000453,
        0.6685301430700153,
        0.468124536166812
      ],
      "cam_t_m2c": [
        38.03887140979533,
        -42.25877527382276,
        758.2236884879256
      ],
      "obj_id": 14
    },
    {
      "cam_R_m2c": [
        0.45917307414576686,
        0.8880929532877373,
        -0.021245928705383384,
        -0.6793831929044625,
        0.366471654052464,
        0.6357177815344228,
        0.5723624597894268,
        -0.2774703671871958,
        0.7716291561616341
      ],
      "cam_t_m2c": [
        -1.9431174108441744,
        -43.36073578454617,
        748.1786939384374
      ],
      "obj_id": 15
    },
    {
      "cam_R_m2c": [
        0.9570604012099365,
        -0.28961616865713574,
        0.012579752467742242,
        -0.22429584132713146,
        -0.7672996914331931,
        -0.6007850246498284,
        0.18364947045976238,
        0.5721659415052499,
        -0.7993116711245029
      ],
      "cam_t_m2c": [
        -66.30026918792353,
        -64.98585085614853,
        771.107117206238
      ],
      "obj_id": 16
    },
    {
      "cam_R_m2c": [
        -0.9891216211864058,
        -0.14651287808048638,
        -0.013144708376400215,
        0.10773481870475257,
        -0.7823630809029075,
        0.6134340326511611,
        -0.1001598879990456,
        0.6053446900608076,
        0.7896365948651727
      ],
      "cam_t_m2c": [
        2.363117473450916,
        -96.84254800397767,
        796.1659709576707
      ],
      "obj_id": 16
    },
    {
      "cam_R_m2c": [
        0.9134541570872313,
        0.4069283183263,
        0.0033531238872528783,
        -0.32529906255611707,
        0.7252161948132732,
        0.6068295404233852,
        0.24450434403284557,
        -0.5554017030768579,
        0.7948249604267732
      ],
      "cam_t_m2c": [
        -89.83843299569499,
        35.708470292469585,
        720.4743839607686
      ],
      "obj_id": 17
    },
    {
      "cam_R_m2c": [
        -0.6357752386516659,
        -0.7716677054950042,
        -0.017866223644474787,
        0.5942193754419255,
        -0.5040866774133076,
        0.6267376231751722,
        -0.49263926547396697,
        0.3878477890458796,
        0.7790255367378899
      ],
      "cam_t_m2c": [
        3.8515238783422063,
        66.61699486471504,
        692.8154954519435
      ],
      "obj_id": 18
    },
    {
      "cam_R_m2c": [
        -0.9525987254633623,
        -0.3033168443928533,
        0.02355760280979366,
        -0.25791063665983494,
        0.7640683637887355,
        -0.5913389383531067,
        0.16136344716910078,
        -0.5693844392154953,
        -0.8060789929955791
      ],
      "cam_t_m2c": [
        64.16587990768491,
        -87.73616697367284,
        768.7325588775941
      ],
      "obj_id": 24
    },
    {
      "cam_R_m2c": [
        0.4873173360066598,
        -0.8730243747473483,
        0.018725746341314096,
        -0.6944736455172481,
        -0.4004730368676056,
        -0.5977690128895018,
        0.529366037214569,
        0.2782986603734885,
        -0.8014496847990905
      ],
      "cam_t_m2c": [
        83.21375920904818,
        39.12677411135861,
        724.7941156921842
      ],
      "obj_id": 30
    }
  ],
  "150": [
    {
      "cam_R_m2c": [
        -0.3091886140677365,
        0.9508219865431722,
        -0.01842302657805833,
        -0.7605298199343267,
        -0.2355855126448441,
        0.605056650528674,
        0.5709606729207524,
        0.2010881069495465,
        0.795969627290033
      ],
      "cam_t_m2c": [
        -3.497944663072249,
        -115.98638357899296,
        808.5240729798518
      ],
      "obj_id": 13
    },
    {
      "cam_R_m2c": [
        0.9087492009246128,
        -0.41607102215625713,
        -0.03254601770448037,
        0.20065909255274741,
        0.5039762664166161,
        -0.8400854431148228,
        0.36593820255739545,
        0.7568969224868061,
        0.5414761820088391
      ],
      "cam_t_m2c": [
        41.12732565744041,
        -24.95362072406272,
        745.4335256707745
      ],
      "obj_id": 14
    },
    {
      "cam_R_m2c": [
        0.7766685728493093,
        0.6291257288190752,
        -0.0314039651747221,
        -0.4825227981073054,
        0.6262516578464119,
        0.6123563423239401,
        0.4049160495446711,
        -0.46044443625777326,
        0.7899582807927524
      ],
      "cam_t_m2c": [
        1.308687799082429,
        -39.48016347114684,
        746.9848292441189
      ],
      "obj_id": 15
    },
    {
      "cam_R_m2c": [
        0.9859211646366784,
        0.16720920757156282,
        8.777047943419411e-05,
        0.13245781200804205,
        -0.7806928405941888,
        -0.6107154306018384,
        -0.10204838957445446,
        0.6021287190495308,
        -0.7918505330341099
      ],
      "cam_t_m2c": [
        -42.6356886961885,
        -82.20947191052774,
        783.5611289289951
      ],
      "obj_id": 16
    },
    {
      "cam_R_m2c": [
        -0.9608396326454235,
        0.2757977406561073,
        -0.02687473545931712,
        -0.23679371135052715,
        -0.7668205952572751,
        0.5965857985218229,
        0.1439285660055891,
        0.5795869226797021,
        0.8020995886487217
      ],
      "cam_t_m2c": [
        37.232889654660596,
        -85.16668634044701,
        787.8944597592465
      ],
      "obj_id": 16
    },
    {
      "cam_R_m2c": [
        0.9999620970333201,
        -0.007749339286019612,
        -0.003901510250808252,
        0.00855209053656803,
        0.8045153842964042,
        0.5938699671824119,
        -0.001462967076311731,
        -0.5938806132287473,
        0.804551954388156
      ],
      "cam_t_m2c": [
        -110.99705051502161,
        1.9039472747805746,
        744.9377813391263
      ],
      "obj_id": 17
    },
    {
      "cam_R_m2c": [
        -0.909941017066149,
        -0.41466573064150114,
        -0.007690440157126859,
        0.3231416211408074,
        -0.7204812238666836,
        0.6135845357666849,
        -0.25997350497099936,
        0.5558403294330063,
        0.7895919627814226
      ],
      "cam_t_m2c": [
        -43.52185732805532,
        62.44277616290309,
        695.5981710898263
      ],
      "obj_id": 18
    },
    {
      "cam_R_m2c": [
        -0.7366332305485662,
        -0.6757398141156562,
        0.02732435860955748,
        -0.5497951811566352,
        0.5748325712192734,
        -0.6060466002163194,
        0.3938225208284695,
        -0.4614569038472284,
        -0.7949600677631973
      ],
      "cam_t_m2c": [
        82.85747137612331,
        -57.315254784909456,
        746.5581481044553
      ],
      "obj_id": 24
    },
    {
      "cam_R_m2c": [
        0.8253613416411509,
        -0.5645883232988148,
        0.004259163070949193,
        -0.4526644658529579,
        -0.6662134606848324,
        -0.5926670191159906,
        0.33745051508776913,
        0.48723613068008714,
        -0.8054366986469831
      ],
      "cam_t_m2c": [
        45.44863939801731,
        64.9910626222103,
        705.4763234007328
      ],
      "obj_id": 30
    }
  ],
  "161": [
    {
      "cam_R_m2c": [
        0.6104959836670296,
        0.7916744260946491,
        -0.023380483096639572,
        -0.6269020584192582,
        0.5010519995161272,
        0.5966072420192019,
        0.48403309134575656,
        -0.34956868950121883,
        0.8021930480693299
      ],
      "cam_t_m2c": [
        80.40613952137224,
        -75.40188432422575,
        780.3422489938724
      ],
      "obj_id": 13
    },
    {
      "cam_R_m2c": [
        0.5602683119216376,
        -0.19832961654985504,
        0.8042171165905941,
        0.8208075964448639,
        0.26332362033487844,
        -0.5068876166845991,
        -0.1112379275576793,
        0.9441008393781865,
        0.31032195755740255
      ],
      "cam_t_m2c": [
        15.403578623442009,
        5.6412538678194615,
        720.2166289763717
      ],
      "obj_id": 14
    },
    {
      "cam_R_m2c": [
        0.9520366602626095,
        -0.3015911808959287,
        -0.05166580963731631,
        0.2731768445387857,
        0.7616890388930246,
        0.587540409322553,
        -0.13784354005916433,
        -0.5734733608300164,
        0.8075440895648399
      ],
      "cam_t_m2c": [
        4.435401500529966,
        -31.410465310355434,
        738.5629596395036
      ],
      "obj_id": 15
    },
    {
      "cam_R_m2c": [
        0.435060900526981,
        0.9003815961264614,
        -0.005949300569158449,
        0.7137088428985118,
        -0.3488747061649153,
        -0.6073760445443176,
        -0.5489452459872175,
        0.25999924271765157,
        -0.7943925286199996
      ],
      "cam_t_m2c": [
        23.41397717062076,
        -81.97747506996701,
        783.4922274256219
      ],
      "obj_id": 16
    },
    {
      "cam_R_m2c": [
        -0.31138383356147653,
        0.9502809471756014,
        -0.0025725016117468472,
        -0.7520812409305612,
        -0.2447821690762301,
        0.6119273034182868,
        0.580872602268802,
        0.19247880508554802,
        0.7909101687082046
      ],
      "cam_t_m2c": [
        74.98509278693656,
        -31.510643662659202,
        747.8046751993836
      ],
      "obj_id": 16
    },
    {
      "cam_R_m2c": [
        0.5607767522304369,
        -0.8277898398221382,
        -0.01714061853967808,
        0.6569684999994196,
        0.43226576752244883,
        0.6176878180795571,
        -0.5039059012398664,
        -0.35764548913449024,
        0.7862369232583222
      ],
      "cam_t_m2c": [
        -89.12966437166972,
        -73.74008333850969,
        802.6584632090319
      ],
      "obj_id": 17
    },
    {
      "cam_R_m2c": [
        -0.8692487919047539,
        0.4934517801060297,
        -0.030203708221949562,
        -0.40928980014427613,
        -0.6840337225237406,
        0.6038039718555546,
        0.2772874775637639,
        0.5372174565914726,
        0.7965607617056287
      ],
      "cam_t_m2c": [
        -114.83492457806877,
        3.550581590523624,
        737.5357292736849
      ],
      "obj_id": 18
    },
    {
      "cam_R_m2c": [
        0.11308276845235647,
        -0.993568575463658,
        0.005845264988342434,
        -0.7907521648387594,
        -0.09355810696695073,
        -0.6049441425314421,
        0.6015997832509388,
        0.06378651647502721,
        -0.7962467962164458
      ],
      "cam_t_m2c": [
        60.98662990750326,
        9.242412825822178,
        694.1457094214275
      ],
      "obj_id": 24
    },
    {
      "cam_R_m2c": [
        0.9398568152580182,
        0.3403994815150641,
        0.028244436398086475,
        0.2866626003126305,
        -0.7411132834543839,
        -0.607103924669196,
        -0.1857253301639745,
        0.5786868425767818,
        -0.7941206581210778
      ],
      "cam_t_m2c": [
        -58.86582453537449,
        65.67823097871099,
        701.2416124079177
      ],
      "obj_id": 30
    }
  ],
  "17": [
    {
      "cam_R_m2c": [
        0.6177879330579857,
        0.7862961419810928,
        0.008691379485727619,
        -0.7554470461625371,
        0.590409718295544,
        0.28410619280431365,
        0.21826011873502443,
        -0.18208326733042252,
        0.9587534743408325
      ],
      "cam_t_m2c": [
        78.81079391175673,
        -55.948526991275806,
        750.6767834381192
      ],
      "obj_id": 13
    },
    {
      "cam_R_m2c": [
        0.5702850619928134,
        -0.20153446905851713,
        0.7963403148820501,
        0.8025978029187919,
        -0.06977864900125208,
        -0.5924254423273428,
        0.17496182188743536,
        0.9769927251471553,
        0.12195734874149346
      ],
      "cam_t_m2c": [
        13.987403541059509,
        40.713752000437076,
        723.8596165081882
      ],
      "obj_id": 14
    },
    {
      "cam_R_m2c": [
        0.9624373899483689,
        -0.2695168441371806,
        -0.0327725076590375,
        0.2673572467789106,
        0.9198023768727495,
        0.2872000653400323,
        -0.047261041126575934,
        -0.2851740396091645,
        0.9573098633947438
      ],
      "cam_t_m2c": [
        2.5155277981910613,
        -1.1591576990900714,
        729.1225160929677
      ],
      "obj_id": 15
    },
    {
      "cam_R_m2c": [
        0.440355278985798,
        0.897611894573904,
        0.01947326135156966,
        0.8598363376771108,
        -0.41538232343048537,
        -0.29688247475009577,
        -0.25839641267393465,
        0.14747754989128498,
        -0.9547155013318828
      ],
      "cam_t_m2c": [
        22.54477423349596,
        -65.52471666788307,
        753.9611446186349
      ],
      "obj_id": 16
    },
    {
      "cam_R_m2c": [
        -0.3178089458788106,
        0.9481502233862454,
        -0.0027800703620450107,
        -0.9100469904271785,
        -0.30421156798577254,
        0.28154925735474284,
        0.2661052652632828,
        0.09200884580426641,
        0.9595428005219716
      ],
      "cam_t_m2c": [
        73.60242244867099,
        -5.74453312496648,
        736.5199258091573
      ],
      "obj_id": 16
    },
    {
      "cam_R_m2c": [
        0.5652304823272228,
        -0.8247984005215174,
        -0.014872846146868146,
        0.7929984424673244,
        0.5382935261485948,
        0.2852958909834831,
        -0.22730566262567742,
        -0.1730520451320226,
        0.9583241323031014
      ],
      "cam_t_m2c": [
        -91.45979812886488,
        -62.051538895681176,
        774.1554845964918
      ],
      "obj_id": 17
    },
    {
      "cam_R_m2c": [
        -0.8656618591471479,
        0.4996464253498238,
        -0.03133837839192832,
        -0.4872710758667261,
        -0.8265489916698616,
        0.2817514069501234,
        0.1148733963377514,
        0.2591717218818848,
        0.9589755773023412
      ],
      "cam_t_m2c": [
        -116.75181872595992,
        32.48622467961908,
        740.3139199861142
      ],
      "obj_id": 18
    },
    {
      "cam_R_m2c": [
        0.11009146732105417,
        -0.9938995315030924,
        -0.00653288634690065,
        -0.9492551828859312,
        -0.10319364839342905,
        -0.2970957076874705,
        0.2946091343760243,
        0.03890910794330091,
        -0.9548254092107392
      ],
      "cam_t_m2c": [
        60.95368649747212,
        51.53049422602539,
        699.0323813960863
      ],
      "obj_id": 24
    },
    {
      "cam_R_m2c": [
        0.9437438098048103,
        0.33045708009006003,
        -0.012034493343469524,
        0.31222471459877615,
        -0.9024801767568053,
        -0.2967245322637888,
        -0.10891564065141153,
        0.27627447918288844,
        -0.9548873353058976
      ],
      "cam_t_m2c": [
        -59.94041363798024,
        103.44996122783749,
        726.5589538796373
      ],
      "obj_id": 30
    }
  ],
  "180": [
    {
      "cam_R_m2c": [
        0.7410125493087674,
        -0.6714128208839091,
        -0.010292655658015614,
        0.5341853395382831,
        0.5801336571447056,
        0.6148909846104477,
        -0.40687428338124343,
        -0.4611398619033692,
        0.7885450192968044
      ],
      "cam_t_m2c": [
        40.1019105263565,
        44.54329265793568,
        688.418196056489
      ],
      "obj_id": 13
    },
    {
      "cam_R_m2c": [
        -0.7778357914991569,
        0.332854362734884,
        0.5330855094991988,
        0.6281043675757647,
        0.4405709661085288,
        0.6413907444923435,
        -0.021372193194735146,
        0.8337298035197044,
        -0.5517587790801459
      ],
      "cam_t_m2c": [
        -54.717676119470916,
        -13.827172427219972,
        735.4281492608212
      ],
      "obj_id": 14
    },
    {
      "cam_R_m2c": [
        -0.35615249462829707,
