{
  "1": [
    {
      "cam_R_m2c": [
        -0.5421182589561823,
        0.8391387896796022,
        -0.04419698524536126,
        -0.8191563422250768,
        -0.5160196517465829,
        0.25041144224504935,
        0.18732355641945425,
        0.17195699981344184,
        0.967130462917503
      ],
      "cam_t_m2c": [
        -51.6948721146055,
        -99.49191964059555,
        764.96336439663
      ],
      "obj_id": 13
    },
    {
      "cam_R_m2c": [
        0.81642334365235,
        -0.4046922510518712,
        -0.41191819452611084,
        -0.18166384585265571,
        0.49711564705733835,
        -0.8484536727205834,
        0.5481340181307566,
        0.7675288592429894,
        0.3323388765362981
      ],
      "cam_t_m2c": [
        33.22747674887626,
        -17.50618933878861,
        743.2736608906345
      ],
      "obj_id": 14
    },
    {
      "cam_R_m2c": [
        0.5477463508033266,
        0.8314679155206149,
        -0.09292214923833349,
        -0.7405792863508421,
        0.5335268508503365,
        0.4085226394619606,
        0.38925007034704445,
        -0.15495060721554557,
        0.9080062201085519
      ],
      "cam_t_m2c": [
        -1.607158626758888,
        -12.277305977194038,
        734.3392451153886
      ],
      "obj_id": 15
    },
    {
      "cam_R_m2c": [
        0.9625548341151955,
        -0.2365907169860538,
        -0.13233498012021724,
        -0.2698598293870706,
        -0.8826501103548928,
        -0.38484252493823096,
        -0.02575523118707272,
        0.40614403553977335,
        -0.9134463752509169
      ],
      "cam_t_m2c": [
        -65.53689127121814,
        -42.15811946890247,
        749.7678549608634
      ],
      "obj_id": 16
    },
    {
      "cam_R_m2c": [
        -0.9453098123372193,
        -0.3239254056817142,
        -0.03822569096466754,
        0.30227671402605255,
        -0.9140479637891484,
        0.270452166600421,
        -0.12254647602411649,
        0.24410652572830452,
        0.9619745357936057
      ],
      "cam_t_m2c": [
        1.0082352008570579,
        -79.55967163051034,
        762.70672144203
      ],
      "obj_id": 16
    },
    {
      "cam_R_m2c": [
        0.8454146038803328,
        0.5314428765966465,
        -0.05331164174633633,
        -0.4751714791117645,
        0.7939468277681658,
        0.37928854235467685,
        0.2438968467946994,
        -0.29532401797558866,
        0.9237416624932195
      ],
      "cam_t_m2c": [
        -90.71322675562622,
        71.20322781473728,
        732.4895803895162
      ],
      "obj_id": 17
    },
    {
      "cam_R_m2c": [
        -0.687013730105137,
        -0.7132620757341095,
        -0.13881231212281908,
        0.6805884126769697,
        -0.6985477508287892,
        0.2209744953134566,
        -0.25457992114787564,
        0.057338605805256654,
        0.965350708004657
      ],
      "cam_t_m2c": [
        7.311747994548477,
        107.47225393727818,
        718.9970252175524
      ],
      "obj_id": 18
    },
    {
      "cam_R_m2c": [
        -0.9151680945455785,
        -0.3872458708412215,
        -0.11183701795227519,
        -0.32307319210557844,
        0.8706417997033805,
        -0.37095266843509284,
        0.24101986726416433,
        -0.30335264874698165,
        -0.921893266934799
      ],
      "cam_t_m2c": [
        64.40575057126662,
        -66.96121183435594,
        738.8741915762441
      ],
      "obj_id": 24
    },
    {
      "cam_R_m2c": [
        0.370385197060248,
        -0.9244099214214091,
        0.09099791611983658,
        -0.8565487013348164,
        -0.37780160756750386,
        -0.35155306751835735,
        0.3593584215880009,
        0.052265981178389175,
        -0.931735164305593
      ],
      "cam_t_m2c": [
        84.87715192341318,
        67.60564442150671,
        736.0457376009496
      ],
      "obj_id": 30
    }
  ],
  "109": [
    {
      "cam_R_m2c": [
        0.6710978815216724,
        -0.7393402030412135,
        0.05479839037293095,
        0.6925849955518745,
        0.6515937578127413,
        0.30943849027114834,
        -0.26448654239515085,
        -0.16971097126993517,
        0.9493391890150521
      ],
      "cam_t_m2c": [
        29.883472713701526,
        71.44273689543934,
        697.2019964836768
      ],
      "obj_id": 13
    },
    {
      "cam_R_m2c": [
        -0.7636374786639658,
        0.37911493162193277,
        0.5226172455221151,
        0.6128254265932678,
        0.17081342030630123,
        0.7715363880581084,
        0.2032309349059957,
        0.9094472934620139,
        -0.36277079705618903
      ],
      "cam_t_m2c": [
        -57.301857265544584,
        -6.355347473720077,
        736.8718233896999
      ],
      "obj_id": 14
    },
    {
      "cam_R_m2c": [
        -0.4307555002263411,
        -0.8879917812450597,
        -0.16099544567103358,
        0.7897691382618167,
        -0.4572419737472818,
        0.40889483539774607,
        -0.4367092416990177,
        0.04898456304068273,
        0.8982679970034108
      ],
      "cam_t_m2c": [
        -12.774857925956141,
        -6.618323052059125,
        726.6525614083745
      ],
      "obj_id": 15
    },
    {
      "cam_R_m2c": [
        -0.9411084797978551,
        0.30724559902416376,
        -0.14111735922843116,
        0.3375920520799781,
        0.8309612491656716,
        -0.4421941121047186,
        -0.018599277434393657,
        -0.46379273117730435,
        -0.8857483811804984
      ],
      "cam_t_m2c": [
        46.154017993243016,
        27.992292194962836,
        719.3070431653948
      ],
      "obj_id": 16
    },
    {
      "cam_R_m2c": [
        0.9975133408082312,
        0.039281248733466126,
        0.05850983825917458,
        -0.05632308345271629,
        0.9433908925544036,
        0.3268666460402343,
        -0.04235786828486427,
        -0.32934923045676395,
        0.9432575100098433
      ],
      "cam_t_m2c": [
        -22.83001555872721,
        54.9884164059699,
        698.4093638812597
      ],
      "obj_id": 16
    },
    {
      "cam_R_m2c": [
        -0.8602177747188895,
        -0.49901646360272267,
        -0.10491466222597517,
        0.4051429809720065,
        -0.7937700091129092,
        0.4536396536785465,
        -0.30965180253641084,
        0.34772359407926745,
        0.8849880825211045
      ],
      "cam_t_m2c": [
        73.1959652530942,
        -66.4401142375111,
        785.733228742665
      ],
      "obj_id": 17
    },
    {
      "cam_R_m2c": [
        0.5531821007884207,
        0.8326959845962243,
        0.02461842448946573,
        -0.7346792114091043,
        0.47370880992987136,
        0.48564085994581807,
        0.39272938236825294,
        -0.28673451616817736,
        0.8738116599050407
      ],
      "cam_t_m2c": [
        -18.836444084269043,
        -108.76947126976859,
        807.7264075312695
      ],
      "obj_id": 18
    },
    {
      "cam_R_m2c": [
        0.9620356399709308,
        0.27288004876121263,
        -0.004803223809748299,
        0.2175736001436461,
        -0.7774420591047523,
        -0.5901238124828828,
        -0.16476718181851668,
        0.5666753147978584,
        -0.8072984278451562
      ],
      "cam_t_m2c": [
        -80.34230328250412,
        24.788263362759796,
        697.9587501438591
      ],
      "obj_id": 24
    },
    {
      "cam_R_m2c": [
        -0.5692735976033234,
        0.8035376160861131,
        0.1739373654378245,
        0.6628309044457373,
        0.5737349191749891,
        -0.48112764668280183,
        -0.4863982646242983,
        -0.15860225744100392,
        -0.8592216926507253
      ],
      "cam_t_m2c": [
        -100.6493713454454,
        -67.71899184111194,
        788.9576663763568
      ],
      "obj_id": 30
    }
  ],
  "115": [
    {
      "cam_R_m2c": [
        0.13794730775598057,
        -0.9759232326996061,
        -0.1689508536753905,
        0.8629239162373681,
        0.03469849993050453,
        0.5041409667584027,
        -0.4861409511937468,
        -0.21533612435142926,
        0.8469340909837455
      ],
      "cam_t_m2c": [
        -26.89085376441937,
        76.12845670973513,
        695.4575750898994
      ],
      "obj_id": 13
    },
    {
      "cam_R_m2c": [
        -0.9298849346944986,
        0.36049300146678614,
        0.07320339550752512,
        0.2294500267026127,
        0.41287866284117775,
        0.8814101136311244,
        0.28751860530012524,
        0.8364062637694206,
        -0.4666450478125822
      ],
      "cam_t_m2c": [
        -55.191689184527625,
        -23.037300509041557,
        747.020746460962
      ],
      "obj_id": 14
    },
    {
      "cam_R_m2c": [
        -0.8653346291929699,
        -0.5011276128062326,
        0.008181562973887242,
        0.48366928078217314,
        -0.8306864631605545,
        0.2757244402823885,
        -0.1313764912969701,
        0.24255164519044944,
        0.9612018245902333
      ],
      "cam_t_m2c": [
        -20.4886440656124,
        -16.70032231657723,
        733.6192022578946
      ],
      "obj_id": 15
    },
    {
      "cam_R_m2c": [
        -0.9828763289018481,
        -0.14808956559794484,
        0.10965225361203404,
        -0.18324826164998492,
        0.8480127934481778,
        -0.49728685229618025,
        -0.01934289636279339,
        -0.508865200148079,
        -0.8606288590287681
      ],
      "cam_t_m2c": [
        17.423230337570914,
        45.536497006066114,
        712.4409476465902
      ],
      "obj_id": 16
    },
    {
      "cam_R_m2c": [
        0.9405255075884722,
        -0.3126933213927866,
        0.13279447390460788,
        0.2359711263455165,
        0.8825165863875666,
        0.40679478849905076,
        -0.2443959895405034,
        -0.3512653139951612,
        0.9038160753123161
      ],
      "cam_t_m2c": [
        -64.25496841897076,
        37.14713892652079,
        713.36584641249
      ],
      "obj_id": 16
    },
    {
      "cam_R_m2c": [
        -0.9954943165089599,
        0.09407599611471984,
        -0.01185874620175134,
        -0.09328037810423913,
        -0.9491865678030398,
        0.30057208870673213,
        0.017021067236553677,
        0.3003242213727268,
        0.9536853015188516
      ],
      "cam_t_m2c": [
        98.75441261145919,
        -17.30904021929431,
        766.7633172151034
      ],
      "obj_id": 17
    },
    {
      "cam_R_m2c": [
        0.8971807068763537,
        0.4413095540988435,
        -0.017679711010758565,
        -0.40490048812868396,
        0.837831358045189,
        0.36618863160162696,
        0.17641470816815996,
        -0.3213793241908027,
        0.930372597289288
      ],
      "cam_t_m2c": [
        42.71344302674907,
        -98.38255737843949,
        800.8885730375142
      ],
      "obj_id": 18
    },
    {
      "cam_R_m2c": [
        0.7008668422776478,
        0.6959695828946242,
        0.1562435029671823,
        0.6867648459582681,
        -0.5992323564584031,
        -0.41142981964038855,
        -0.1927170757149952,
        0.39565982643538666,
        -0.8979495166618341
      ],
      "cam_t_m2c": [
        -100.45121772074828,
        -12.74297105360225,
        719.4799228329921
      ],
      "obj_id": 24
    },
    {
      "cam_R_m2c": [
        -0.8761776926352336,
        0.4691596025965547,
        -0.11046100785080568,
        0.4456957166021781,
        0.7013940852845928,
        -0.5562386912028097,
        -0.18348772062906954,
        -0.536596493776123,
        -0.8236484367347331
      ],
      "cam_t_m2c": [
        -54.33272635638183,
        -101.04733465377687,
        811.640619814083
      ],
      "obj_id": 30
    }
  ],
  "123": [
    {
      "cam_R_m2c": [
        -0.4672895346191254,
        -0.8840875437328232,
        -0.005492051311584467,
        0.8429137269212235,
        -0.447383984629966,
        0.2989032170661859,
        -0.2667137742735683,
        0.13504524440437898,
        0.9542675452100136
      ],
      "cam_t_m2c": [
        -89.47389697977783,
        46.21567183079908,
        707.7950563435548
      ],
      "obj_id": 13
    },
    {
      "cam_R_m2c": [
        -0.7484047088787805,
        0.2081701303920968,
        -0.6297269906594939,
        -0.26421128150030976,
        0.7773018317451607,
        0.570958284947356,
        0.608344615393255,
        0.5936890480471784,
        -0.5267353450221173
      ],
      "cam_t_m2c": [
        -38.44300412043718,
        -49.70921182777489,
        756.3722134004287
      ],
      "obj_id": 14
    },
    {
      "cam_R_m2c": [
        -0.9977249082156683,
        0.0656304979678207,
        -0.01543146745547546,
        -0.062335892218540606,
        -0.8107929230954968,
        0.5820035905107537,
        0.025685643474382902,
        0.5816413757671013,
        0.8130396838509789
      ],
      "cam_t_m2c": [
        -24.739897876230273,
        -21.336273869403424,
        732.4352704822048
      ],
      "obj_id": 15
    },
    {
      "cam_R_m2c": [
        -0.5630052725794598,
        -0.8263460665674974,
        -0.013329316710006743,
        -0.7871280966741052,
        0.5410613742748869,
        -0.2961098894767994,
        0.25190148546204566,
        -0.15621953532109478,
        -0.9550607915699879
      ],
      "cam_t_m2c": [
        -30.03532238307397,
        46.543919920385726,
        706.561920430283
      ],
      "obj_id": 16
    },
    {
      "cam_R_m2c": [
        0.48146289727946623,
        -0.8652611212064484,
        -0.13970371459097944,
        0.8405133291574072,
        0.4106252907553083,
        0.35344495894892536,
        -0.24845645141289624,
        -0.28759345978604484,
        0.9249645357446177
      ],
      "cam_t_m2c": [
        -93.95600856903327,
        -6.972733168274442,
        729.6676197815297
      ],
      "obj_id": 16
    },
    {
      "cam_R_m2c": [
        -0.5808540599780935,
        0.8056193755620301,
        0.11656033902428319,
        -0.7136420291735027,
        -0.5728682474577166,
        0.4031577432036979,
        0.3915657358989141,
        0.15099338334580917,
        0.9076769073958297
      ],
      "cam_t_m2c": [
        83.25115416620702,
        44.965424519327726,
        732.5340545049228
      ],
      "obj_id": 17
    },
    {
      "cam_R_m2c": [
        0.8729619998162624,
        -0.47992722172589714,
        -0.08722132077782187,
        0.449162167486309,
        0.7211426779253317,
        0.527452185110133,
        -0.1902398466004774,
        -0.4996221829474226,
        0.8450955475950573
      ],
      "cam_t_m2c": [
        89.86424185753069,
        -50.68993413885397,
        779.5379674346847
      ],
      "obj_id": 18
    },
    {
      "cam_R_m2c": [
        -0.00795773130496799,
        0.9968814849274429,
        0.07851365656319542,
        0.951650926005263,
        0.03166145497492349,
        -0.3055441520741316,
        -0.30707734709956946,
        0.07228604512510504,
        -0.9489353138073144
      ],
      "cam_t_m2c": [
        -85.6479128333452,
        -70.5111963824317,
        749.9931228954254
      ],
      "obj_id": 24
    },
    {
      "cam_R_m2c": [
        -0.9349962447390693,
        -0.3420573745300238,
        -0.09369676469031941,
        -0.27108172142096487,
        0.8596196978017904,
        -0.43309102632927604,
        0.22868587308719396,
        -0.37953911622465075,
        -0.8964669163576708
      ],
      "cam_t_m2c": [
        26.721847278454295,
        -98.92114458286241,
        809.8717226015004
      ],
      "obj_id": 30
    }
  ],
  "128": [
    {
      "cam_R_m2c": [
        -0.805806180779923,
        -0.5707233091701437,
        0.1579604922496846,
        0.5687389095844412,
        -0.6715605187103024,
        0.4749132495390027,
        -0.16496457568585618,
        0.4725264425021944,
        0.8657405159774642
      ],
      "cam_t_m2c": [
        -114.48117748446259,
        5.074671409591195,
        723.2822309913981
      ],
      "obj_id": 13
    },
    {
      "cam_R_m2c": [
        -0.3218811579155,
        -0.11267134229490187,
        -0.9400521158752706,
        -0.6421652782186011,
        0.7555789062378178,
        0.12932181346565969,
        0.6957132437816412,
        0.6452951764902329,
        -0.3155606696005301
      ],
      "cam_t_m2c": [
        -18.166743078742847,
        -63.501692259207836,
        762.1541562243457
      ],
      "obj_id": 14
    },
    {
      "cam_R_m2c": [
        -0.8795629624448041,
        0.47077608727591547,
        -0.06884027368702596,
        -0.46050754519162196,
        -0.8059994124525803,
        0.3718842437114385,
        0.11958923591222402,
        0.35879770033201125,
        0.9257234162004702
      ],
      "cam_t_m2c": [
        -19.608691986164963,
        -28.05831738430539,
        733.6177077308868
      ],
      "obj_id": 15
    },
    {
      "cam_R_m2c": [
        -0.005239117130594661,
        -0.9966521378932007,
        0.0815931725951188,
        -0.9217249851523526,
        -0.026829928670268288,
        -0.3869148161533504,
        0.38780914534124183,
        -0.07723388351547318,
        -0.9184988961647598
      ],
      "cam_t_m2c": [
        -58.344200235787476,
        24.811286967764676,
        713.5649253518304
      ],
      "obj_id": 16
    },
    {
      "cam_R_m2c": [
        -0.020416566441943174,
        -0.9955525038570868,
        0.09197102279007632,
        0.9411174089586796,
        0.011913439059879011,
        0.3378700540591986,
        -0.33746358224543055,
        0.09345339275824133,
        0.9366887947205674
      ],
      "cam_t_m2c": [
        -90.24273633366198,
        -40.925961354171505,
        746.0813273350899
      ],
      "obj_id": 16
    },
    {
      "cam_R_m2c": [
        -0.19169008598739262,
        0.9804548144489676,
        -0.04431241815451408,
        -0.8080552101384728,
        -0.13203667191298382,
        0.5741192666212425,
        0.5570474521678667,
        0.14586032977444577,
        0.8175721514995805
      ],
      "cam_t_m2c": [
        49.76115606795475,
        73.9922591239702,
        720.0686339416009
      ],
      "obj_id": 17
    },
    {
      "cam_R_m2c": [
        0.7686421708069068,
        -0.6330988108697849,
        0.09151583734513122,
        0.5111705923536985,
        0.6939176016254246,
        0.5071322424859519,
        -0.3845694334135421,
        -0.3430235765524399,
        0.8569962020472306
      ],
      "cam_t_m2c": [
        99.36511885566509,
        -11.127838796752897,
        753.5891924941549
      ],
      "obj_id": 18
    },
    {
      "cam_R_m2c": [
        -0.5570843001109942,
        0.829813395402888,
        -0.03266859995331982,
        0.7299777466961498,
        0.47054531814796946,
        -0.4957009599571005,
        -0.39596779000081866,
        -0.2999944285815816,
        -0.8678790606436468
      ],
      "cam_t_m2c": [
        -56.18476392664919,
        -100.4702110694783,
        761.6537070858772
      ],
      "obj_id": 24
    },
    {
      "cam_R_m2c": [
        -0.8855340454908063,
        -0.4639029576153694,
        -0.02497039584347033,
        -0.3958747278954176,
        0.781623389843339,
        -0.4820251210466919,
        0.2431304476353134,
        -0.41696510012818555,
        -0.8758019211216326
      ],
      "cam_t_m2c": [
        72.13848454734476,
        -82.78792993872167,
        800.7646934411437
      ],
      "obj_id": 30
    }
  ],
  "140": [
    {
      "cam_R_m2c": [
        -0.9322299211730044,
        0.36186386722078984,
        0.0013392380643179535,
        -0.3441935228540582,
        -0.8878389883620313,
        0.30540709931524157,
        0.11170446651608096,
        0.28424883131040735,
        0.9522210745839855
      ],
      "cam_t_m2c": [
        -86.54531008268077,
        -83.28747808573199,
        772.0603602658243
      ],
      "obj_id": 13
    },
    {
      "cam_R_m2c": [
        0.43418047818679406,
        -0.3636694800907432,
        -0.8241550813281717,
        -0.44039552090719103,
        0.7124128849252297,
        -0.5463701515463032,
        0.7858370944968754,
        0.6001771631813564,
        0.149157149778601
      ],
      "cam_t_m2c": [
        25.85489871364667,
        -44.18844724744791,
        759.3257023820458
      ],
      "obj_id": 14
    },
    {
      "cam_R_m2c": [
        -0.04761330585361205,
        0.9982933781870502,
        -0.0338100277800494,
        -0.9284947069846011,
        -0.03175392828312925,
        0.36998651942452876,
        0.3682815364644558,
        0.049009083883582646,
        0.9284218386124418
      ],
      "cam_t_m2c": [
        -10.223775755832484,
        -33.61406654407007,
        741.4316684074674
      ],
      "obj_id": 15
    },
    {
      "cam_R_m2c": [
        0.7170150364476401,
        -0.6885565739953179,
        0.1085314896849817,
        -0.6207786933371806,
        -0.7015837839894781,
        -0.34987815951331974,
        0.3170551461326753,
        0.18349370209153215,
        -0.9304872077853465
      ],
      "cam_t_m2c": [
        -76.74777315508553,
        -32.15949626552391,
        742.8101039437659
      ],
      "obj_id": 16
    },
    {
      "cam_R_m2c": [
        -0.765249292488391,
        -0.6435392876213841,
        -0.01582759542557181,
        0.5355452529801947,
        -0.6500882810319414,
        0.5390521436689849,
        -0.35719098797860727,
        0.4040327202822181,
        0.8421238250387912
      ],
      "cam_t_m2c": [
        -29.59218121467307,
        -87.92086942592304,
        771.9926152107845
      ],
      "obj_id": 16
    },
    {
      "cam_R_m2c": [
        0.6415332694706503,
        0.7539834550464026,
        -0.14122263082002026,
        -0.6784024821032806,
        0.6435931471012565,
        0.35434251082834445,
        0.35805858989905814,
        -0.13151653305351235,
        0.9243905116980636
      ],
      "cam_t_m2c": [
        -53.68828523097072,
        73.4065325147319,
        714.3707871240596
      ],
      "obj_id": 17
    },
    {
      "cam_R_m2c": [
        -0.18605367992878818,
        -0.9813331689633654,
        0.048673288565411324,
        0.9171059818368764,
        -0.15567390817282586,
        0.36699186420895585,
        -0.3525642439193356,
        0.11291836877179175,
        0.9289500281595866
      ],
      "cam_t_m2c": [
        45.29329238126961,
        73.31956865924826,
        709.6385001473482
      ],
      "obj_id": 18
    },
    {
      "cam_R_m2c": [
        -0.9970310729644678,
        -0.07699502857997338,
        0.0009720943152902422,
        -0.06821458293167813,
        0.8773387531300119,
        -0.4749989789560683,
        0.03571921650353531,
        -0.473654991399107,
        -0.8799859542249381
      ],
      "cam_t_m2c": [
        33.33330673124641,
        -98.61571873996826,
        761.2363015227154
      ],
      "obj_id": 24
    },
    {
      "cam_R_m2c": [
        0.10203381290658142,
        -0.9947184572814697,
        -0.011145481410613655,
        -0.7980166285241211,
        -0.07515716517039144,
        -0.5979310143130351,
        0.59393547918261,
        0.06990297432668789,
        -0.8014702333689945
      ],
      "cam_t_m2c": [
        103.47363965576834,
        19.147865571242647,
        746.7972428977707
      ],
      "obj_id": 30
    }
  ],
  "145": [
    {
      "cam_R_m2c": [
        -0.635260379860824,
        0.751342796664626,
        -0.17868587632135274,
        -0.6941372163266011,
        -0.4540502820298895,
        0.5585803175681749,
        0.33855290648060704,
        0.47887642990512835,
        0.8099749597582822
      ],
      "cam_t_m2c": [
        -50.85067441926975,
        -108.01204098418168,
        801.0082372689344
      ],
      "obj_id": 13
    },
    {
      "cam_R_m2c": [
        0.7588541111001758,
        -0.30007780086402164,
        -0.5780087733368271,
        -0.1934172047967296,
        0.7436354565295327,
        -0.6399970176927463,
        0.6218766102789809,
        0.5974610537293301,
        0.5062705968469757
      ],
      "cam_t_m2c": [
        41.827407275289225,
        -41.834796842994756,
        759.9556640300854
      ],
      "obj_id": 14
    },
    {
      "cam_R_m2c": [
        0.2985776525309993,
        0.9503890595623016,
        -0.08724918012367701,
        -0.7354823241641713,
        0.287390083115149,
        0.6135737854186033,
        0.6082083166554744,
        -0.11902918617562867,
        0.7848024160890115
      ],
      "cam_t_m2c": [
        0.6977547416750354,
        -43.93525393020417,
        746.8695834712344
      ],
      "obj_id": 15
    },
    {
      "cam_R_m2c": [
        0.9326974074256394,
        -0.3427908419809763,
        0.11211766816881337,
        -0.24480009431359986,
        -0.8299966402387924,
        -0.5011772118381589,
        0.26485623271213504,
        0.44000025237037144,
        -0.8580507411744407
      ],
      "cam_t_m2c": [
        -68.67561669814397,
        -66.4693316858666,
        774.8174656382415
      ],
      "obj_id": 16
    },
    {
      "cam_R_m2c": [
        -0.9782342349371241,
        -0.16774800381075985,
        -0.12214244341226234,
        0.08844237957100227,
        -0.8695406018140687,
        0.4858777718190768,
        -0.18771282033081496,
        0.46449968417907955,
        0.8654502077489165
      ],
      "cam_t_m2c": [
        1.060337869010306,
        -98.58025095946144,
        793.0540355238224
      ],
      "obj_id": 16
    },
    {
      "cam_R_m2c": [
        0.9108220375368409,
        0.40922568978506996,
        0.05420281118202586,
        -0.31926797409566743,
        0.6151162192379908,
        0.7209022652804138,
        0.2616706481530757,
        -0.6739188444510822,
        0.6909139103109845
      ],
      "cam_t_m2c": [
        -87.01463950743474,
        34.57261415942857,
        719.0526512470568
      ],
      "obj_id": 17
    },
    {
      "cam_R_m2c": [
        -0.6843539199652457,
        -0.7276034936135504,
        0.047468596666909287,
        0.5170910828962334,
        -0.43839449177967915,
        0.7351375041359584,
        -0.5140785838150692,
        0.5276398005987444,
        0.6762541086629819
      ],
      "cam_t_m2c": [
        3.171032059529384,
        70.7633218441581,
        690.7701119809539
      ],
      "obj_id": 18
    },
    {
      "cam_R_m2c": [
        -0.9310031876745921,
        -0.3203414762553634,
        0.17497084074666405,
        -0.3624919425050287,
        0.7552005263080803,
        -0.5461427213267662,
        0.04281409227903565,
        -0.5718861039669619,
        -0.8192150977867104
      ],
      "cam_t_m2c": [
        65.13821372137048,
        -89.92235670754198,
        771.4582512357935
      ],
      "obj_id": 24
    },
    {
      "cam_R_m2c": [
        0.5644247552193363,
        -0.809395200677115,
        0.16218659656325218,
        -0.5870302080717548,
        -0.5316908892890825,
        -0.6104919560629186,
        0.5803623541837677,
        0.2493683297744057,
        -0.7752387523138857
      ],
      "cam_t_m2c": [
        86.37122469654285,
        37.378425120495855,
        723.3594118960546
      ],
      "obj_id": 30
    }
  ],
  "150": [
    {
      "cam_R_m2c": [
        -0.2302881209711884,
        0.9580189415862982,
        -0.17078184121612855,
        -0.7883607977608244,
        -0.08078385016979313,
        0.6098860768029004,
        0.5704856965727199,
        0.2750874183458851,
        0.7738689435933603
      ],
      "cam_t_m2c": [
        -3.9141763664275184,
        -112.23715861578991,
        806.364337854261
      ],
      "obj_id": 13
    },
    {
      "cam_R_m2c": [
        0.8550294326208723,
        -0.5120345553720711,
        0.08212572572948584,
        0.3289129181968599,
        0.4130284186654223,
        -0.8492488260098225,
        0.4009250694224629,
        0.7531455791140573,
        0.521565956882791
      ],
      "cam_t_m2c": [
        43.35596157799344,
        -27.047329411305,
        745.0568795955378
      ],
      "obj_id": 14
    },
    {
      "cam_R_m2c": [
        0.7936941051975224,
        0.5928545369643049,
        -0.1362811218203237,
        -0.46348951547564526,
        0.7344593061014312,
        0.49572831252111543,
        0.39398790126449923,
        -0.3302914261377284,
        0.8577187653342161
      ],
      "cam_t_m2c": [
        -1.0167214225165033,
        -37.22815987391678,
        745.7588770145124
      ],
      "obj_id": 15
    },
    {
      "cam_R_m2c": [
        0.9520795222619954,
        0.30094576517848404,
        -0.05455020853265261,
        0.19288475409203493,
        -0.7292185436896096,
        -0.6565330412698642,
        -0.23735952389459233,
        0.614549580356462,
        -0.7523225717836977
      ],
      "cam_t_m2c": [
        -45.124878620645816,
        -85.28449300828258,
        782.8417513979283
      ],
      "obj_id": 16
    },
    {
      "cam_R_m2c": [
        -0.9807951360446688,
        0.18214821829239716,
        -0.06973058021880206,
        -0.1926174762082809,
        -0.8484262337354612,
        0.4930222586056198,
        0.030641515629061773,
        0.4969850827594606,
        0.8672181474209014
      ],
      "cam_t_m2c": [
        34.67454926408572,
        -83.40868189639167,
        785.7789516094225
      ],
      "obj_id": 16
    },
    {
      "cam_R_m2c": [
        0.9824887718088469,
        -0.17879945888273294,
        0.05240283594351029,
        0.11527418325064011,
        0.8042771044182366,
        0.5829664949563812,
        -0.14638015566984644,
        -0.5667171529164899,
        0.8108049183105802
      ],
      "cam_t_m2c": [
        -107.82914073197753,
        4.84014314776091,
        745.3234896261686
      ],
      "obj_id": 17
    },
    {
      "cam_R_m2c": [
        -0.9403107497813596,
        -0.3149974935315026,
        -0.12880850857146756,
        0.20089189112797062,
        -0.8192926416827473,
        0.5370304289918466,
        -0.27469533498848825,
        0.47909861228191186,
        0.8336709659975424
      ],
      "cam_t_m2c": [
        -46.28680254341816,
        66.33601637675805,
        696.6194184532667
      ],
      "obj_id": 18
    },
    {
      "cam_R_m2c": [
        -0.6122452188743903,
        -0.7906431260736978,
        -0.006218345062752028,
        -0.6358715441210454,
        0.49703906106979395,
        -0.5904399315675183,
        0.46991765962318505,
        -0.35754003186658884,
        -0.8070580096501583
      ],
      "cam_t_m2c": [
        79.06636009774988,
        -57.03375510529342,
        746.2896440431275
      ],
      "obj_id": 24
    },
    {
      "cam_R_m2c": [
        0.8678345478473818,
        -0.48564254844224647,
        -0.10494790313426544,
        -0.4237374752169599,
        -0.6131335810692319,
        -0.6667185123939181,
        0.2594399019308938,
        0.6230713634495414,
        -0.737884119902449
      ],
      "cam_t_m2c": [
        46.846338942457386,
        65.4908070947858,
        701.4917913668071
      ],
      "obj_id": 30
    }
  ],
  "161": [
    {
      "cam_R_m2c": [
        0.740386651655151,
        0.6720573620860123,
        0.012918173097117933,
        -0.5509281747233612,
        0.5957075387884495,
        0.5844742533530639,
        0.38510430118146727,
        -0.43985361443052745,
        0.8113097451414991
      ],
      "cam_t_m2c": [
        77.5847710874671,
        -75.49014274562022,
        781.9662860336192
      ],
      "obj_id": 13
    },
    {
      "cam_R_m2c": [
        0.5034947801930447,
        -0.1576747087230108,
        0.8494893053132894,
        0.8178525995000092,
        0.404000488940184,
        -0.4097566065381611,
        -0.27858517559604457,
        0.9010675068533333,
        0.33236634526440284
      ],
      "cam_t_m2c": [
        11.476511657539989,
        6.537081920353812,
        723.082040633387
      ],
      "obj_id": 14
    },
    {
      "cam_R_m2c": [
        0.9081744657457229,
        -0.3840296891652366,
        -0.1665555432962034,
        0.41132201853462014,
        0.7448809084150448,
        0.5253247110551985,
        -0.07767605324854043,
        -0.5455939498052408,
        0.8344421753576321
      ],
      "cam_t_m2c": [
        5.58354351390342,
        -27.24973152069524,
        738.3409437259644
      ],
      "obj_id": 15
    },
    {
      "cam_R_m2c": [
        0.40730710725549313,
        0.8983064070760798,
        0.16476329812979637,
        0.7258989657818491,
        -0.20894333046492772,
        -0.6552961189961287,
        -0.5542299112704502,
        0.3865080453482578,
        -0.7371842342378487
      ],
      "cam_t_m2c": [
        24.0518867888037,
        -79.71169048509674,
        781.2771827584436
      ],
      "obj_id": 16
    },
    {
      "cam_R_m2c": [
        -0.3714816547899546,
        0.916230979009046,
        -0.1500752090986051,
        -0.7198197360883684,
        -0.18213024136798225,
        0.6698415959808106,
        0.5863957644132609,
        0.3568608237858957,
        0.7271796238256746
      ],
      "cam_t_m2c": [
        74.87651528005452,
        -30.870223516206124,
        743.526783675883
      ],
      "obj_id": 16
    },
    {
      "cam_R_m2c": [
        0.41618213664871667,
        -0.9059752378898899,
        -0.0774704961508241,
        0.7303158894941107,
        0.2822966597511991,
        0.6220505306205766,
        -0.5416922224149991,
        -0.315463900956123,
        0.7791354185783904
      ],
      "cam_t_m2c": [
        -92.54212646263306,
        -71.74489925690854,
        799.8392232089955
      ],
      "obj_id": 17
    },
    {
      "cam_R_m2c": [
        -0.8683710792777597,
        0.4904428717724184,
        -0.07347005050445204,
        -0.3810391202976732,
        -0.5650350785832524,
        0.7318089418993607,
        0.3173969209372465,
        0.6634761020595592,
        0.6775384651390375
      ],
      "cam_t_m2c": [
        -112.45905181539297,
        1.864777875357369,
        739.9061665850558
      ],
      "obj_id": 18
    },
    {
      "cam_R_m2c": [
        -0.011486806167626765,
        -0.9971296176412698,
        -0.07483929016321203,
        -0.8300879138670034,
        0.051238619176935916,
        -0.5552730424340406,
        0.5575133240215913,
        0.055744800112269094,
        -0.8282943149537794
      ],
      "cam_t_m2c": [
        65.85017040940095,
        9.633664371709493,
        694.7427962053126
      ],
      "obj_id": 24
    },
    {
      "cam_R_m2c": [
        0.8698473589545359,
        0.49290998258284785,
        -0.020141656680540646,
        0.3653781933287498,
        -0.6711470283942536,
        -0.6450271619730256,
        -0.33145818111656,
        0.5537152544832831,
        -0.7638945065740606
      ],
      "cam_t_m2c": [
        -59.54921896112188,
        69.056819957545,
        700.0448844396382
      ],
      "obj_id": 30
    }
  ],
  "17": [
    {
      "cam_R_m2c": [
        0.607398795136636,
        0.7936207593905291,
        0.03509830552821225,
        -0.790274558799493,
        0.5991620057890048,
        0.12834007598998767,
        0.08082372546979515,
        -0.10569084954333993,
        0.9911089885939268
      ],
      "cam_t_m2c": [
        80.88366478188395,
        -58.68103103117955,
        748.0038319788918
      ],
      "obj_id": 13
    },
    {
      "cam_R_m2c": [
        0.6164438914385673,
        -0.259555037282874,
        0.7433890141053147,
        0.782163396483869,
        0.09316091472482747,
        -0.6160695392660672,
        0.09064918206626736,
        0.9612243305567761,
        0.260442879018162
      ],
      "cam_t_m2c": [
        14.94538365355912,
        43.56898225957909,
        726.0254603053977
      ],
      "obj_id": 14
    },
    {
      "cam_R_m2c": [
        0.9470565474620415,
        -0.3204703416707131,
        0.019538295210408882,
        0.2804749500542504,
        0.8554093633113437,
        0.4354409799649411,
        -0.15625917984406368,
        -0.4069073062875277,
        0.900005276278915
      ],
      "cam_t_m2c": [
        2.802004329138166,
        3.389033158536369,
        729.4776515411224
      ],
      "obj_id": 15
    },
    {
      "cam_R_m2c": [
        0.4383277918969217,
        0.8823852921211545,
        -0.17106743357738888,
        0.8367016758245028,
        -0.4701022148539297,
        -0.2809526675286993,
        -0.3283276685365432,
        -0.019982979224648145,
        -0.9443524935015261
      ],
      "cam_t_m2c": [
        25.331051037463357,
        -67.0634972258942,
        754.1046284164115
      ],
      "obj_id": 16
    },
    {
      "cam_R_m2c": [
        -0.39689561647300187,
        0.9135644744097202,
        -0.08872963877965877,
        -0.8469949690905518,
        -0.32728847676993983,
        0.4189056969308836,
        0.35365725643173074,
        0.24141531844538522,
        0.9036842188633456
      ],
      "cam_t_m2c": [
        74.01193737044463,
        -1.9870588998541594,
        733.5230954076997
      ],
      "obj_id": 16
    },
    {
      "cam_R_m2c": [
        0.686117188966214,
        -0.725861568963479,
        0.04865538813588537,
        0.6763928239007899,
        0.6611200208235726,
        0.32467400529118756,
        -0.26783547739196417,
        -0.18985424116630342,
        0.9445737308503686
      ],
      "cam_t_m2c": [
        -94.34375605079532,
        -59.54858855247274,
        773.9870936009457
      ],
      "obj_id": 17
    },
    {
      "cam_R_m2c": [
        -0.9290394660415666,
        0.3666720569411092,
        -0.04936015978894685,
        -0.36816395939677293,
        -0.9030134484922878,
        0.2214094355515868,
        0.036611780659720976,
        0.2238706812407224,
        0.9739309747694164
      ],
      "cam_t_m2c": [
        -112.82016476455973,
        33.651930102807796,
        742.9728269831352
      ],
      "obj_id": 18
    },
    {
      "cam_R_m2c": [
        -0.017142286818509513,
        -0.994506454271502,
        0.10325790589587358,
        -0.9539359471491944,
        -0.01466954984305342,
        -0.2996517577455559,
        0.29952032687231267,
        -0.10363803930740677,
        -0.9484443732527457
      ],
      "cam_t_m2c": [
        57.3641304955664,
        51.80845187532529,
        701.6031921230057
      ],
      "obj_id": 24
    },
    {
      "cam_R_m2c": [
        0.9714202373044265,
        0.23710826013531822,
        -0.011023403344595515,
        0.2104242055723724,
        -0.8817262579890386,
        -0.42223293049815247,
        -0.10983462110983164,
        0.4078460714738692,
        -0.906420397600606
      ],
      "cam_t_m2c": [
        -57.59960870247778,
        102.29251098312766,
        724.350739169056
      ],
      "obj_id": 30
    }
  ],
  "180": [
    {
      "cam_R_m2c": [
        0.793358555672095,
        -0.6086990000204838,
        0.00827246613879092,
        0.42133863715615716,
        0.5588660537326309,
        0.7142426051554368,
        -0.43938162532016384,
        -0.5631646915379339,
        0.699849395554683
      ],
      "cam_t_m2c": [
        36.827567030855846,
        47.81868189982275,
        688.4526589206662
      ],
      "obj_id": 13
    },
    {
      "cam_R_m2c": [
        -0.7456498811418559,
        0.26548558187765653,
        0.6111663827801925,
        0.6417195168497787,
        0.5331197785232626,
        0.5513432437366641,
        -0.17945111366064864,
        0.8033062279161307,
        -0.5678875575285877
      ],
      "cam_t_m2c": [
        -57.76980802810325,
        -12.855446900878917,
        732.4120753801341
      ],
      "obj_id": 14
    },
    {
      "cam_R_m2c": [
        -0.23864626742901932,
        -0.971010558648011,
        0.013680055705842332,
