{
    "0": [
        {
            "cam_R_m2c": [
                -0.8359063229677876,
                0.5288057497892596,
                0.14705378277424136,
                0.4478951122716255,
                0.8120467139258677,
                -0.3741260837305412,
                -0.31725450716957365,
                -0.24686959900427333,
                -0.9156445463728077
            ],
            "cam_t_m2c": [
                -69.76917982197637,
                68.50751768415765,
                747.8972181149244
            ],
            "obj_id": 5
        },
        {
            "cam_R_m2c": [
                -0.9849861934839123,
                0.046876317574420547,
                -0.16614607903062317,
                -0.10161907728135984,
                -0.9354585000369091,
                0.33851316262575154,
                -0.1395545002590187,
                0.35031429361336924,
                0.9261773035328676
            ],
            "cam_t_m2c": [
                -12.704106871582468,
                -47.50929363039777,
                772.7983803643738
            ],
            "obj_id": 8
        },
        {
            "cam_R_m2c": [
                0.9985891822638866,
                -0.05170771875208931,
                -0.012068777854547784,
                -0.052818957869616406,
                -0.9906021540599599,
                -0.1261652751941779,
                -0.005431616083535892,
                0.1266245792058574,
                -0.9919358571975838
            ],
            "cam_t_m2c": [
                -44.153861028798836,
                -51.30952697089431,
                716.3222816753116
            ],
            "obj_id": 26
        },
        {
            "cam_R_m2c": [
                -0.6205800352847466,
                -0.7818982210352388,
                0.05929001138396688,
                -0.7256680089917401,
                0.5440075031237851,
                -0.4212623902118424,
                0.29713001758030827,
                -0.3044518420928628,
                -0.904998767955584
            ],
            "cam_t_m2c": [
                61.21969659238648,
                79.6208377287841,
                743.3535285604129
            ],
            "obj_id": 28
        }
    ],
    "10": [
        {
            "cam_R_m2c": [
                -0.9022084061750335,
                -0.4040506892282917,
                -0.15087050752860623,
                -0.35728505844289016,
                0.8961078564882117,
                -0.26332124072024654,
                0.24159140496017995,
                -0.1836670449534762,
                -0.9528379427364921
            ],
            "cam_t_m2c": [
                -98.88802575065264,
                3.9144271775792596,
                762.483404034331
            ],
            "obj_id": 5
        },
        {
            "cam_R_m2c": [
                -0.6876956122099804,
                0.7118067348291501,
                -0.14284551563187722,
                -0.7231194497457317,
                -0.654072423160905,
                0.22200786539550632,
                0.06459560100509201,
                0.2559681558617136,
                0.9645246508460011
            ],
            "cam_t_m2c": [
                32.83561046441884,
                -27.844778418301917,
                772.6134551791334
            ],
            "obj_id": 8
        },
        {
            "cam_R_m2c": [
                0.743229950700743,
                0.6659163533498782,
                -0.06452568211090809,
                0.6364786623608824,
                -0.7334863722988488,
                -0.23852168691420442,
                -0.20616436698506954,
                0.13620730431570824,
                -0.9689912136827786
            ],
            "cam_t_m2c": [
                -1.8702058749012245,
                -66.72671772576636,
                722.6104420747978
            ],
            "obj_id": 26
        },
        {
            "cam_R_m2c": [
                0.04974198728952059,
                -0.9943830585055142,
                0.09341832325150691,
                -0.9083201519191552,
                -0.08393298165200792,
                -0.40976789235996425,
                0.4153073396557633,
                -0.06447090072228105,
                -0.9073937525939054
            ],
            "cam_t_m2c": [
                -21.15944951385124,
                105.7822558401035,
                738.8037928640662
            ],
            "obj_id": 28
        }
    ],
    "25": [
        {
            "cam_R_m2c": [
                0.1527285269850879,
                -0.9882637662516329,
                0.0030187747052727873,
                -0.9796828574538418,
                -0.15180261049748925,
                -0.13106000729681025,
                0.12998012092537164,
                0.017058980950420133,
                -0.9913698682968227
            ],
            "cam_t_m2c": [
                -29.67222525931902,
                -81.3611399146252,
                786.2553426381172
            ],
            "obj_id": 5
        },
        {
            "cam_R_m2c": [
                0.4891776445240348,
                0.8702534878728742,
                0.05800354337039472,
                -0.864006074972209,
                0.4744318115888476,
                0.16854464867699528,
                0.1191579064695567,
                -0.13256352854971434,
                0.9839859458407232
            ],
            "cam_t_m2c": [
                34.46482203169546,
                32.441155094108815,
                752.8400236502029
            ],
            "obj_id": 8
        },
        {
            "cam_R_m2c": [
                -0.6134747049680709,
                0.787918963601076,
                -0.05322499040654829,
                0.7861356833578105,
                0.602896650532258,
                -0.13603522581102362,
                -0.07509563677469178,
                -0.1252961033603383,
                -0.9892732544726899
            ],
            "cam_t_m2c": [
                52.68224042842067,
                -20.420367312696143,
                709.2928517164247
            ],
            "obj_id": 26
        },
        {
            "cam_R_m2c": [
                0.9699905440357329,
                -0.17789166840787457,
                0.16575034048708243,
                -0.13797373424002266,
                -0.9640237767735964,
                -0.2272018925044183,
                0.20020487002642748,
                0.1975144414493727,
                -0.9596385668318296
            ],
            "cam_t_m2c": [
                -112.84153195420772,
                19.708793928623283,
                763.4292166357359
            ],
            "obj_id": 28
        }
    ],
    "36": [
        {
            "cam_R_m2c": [
                0.832012597716519,
                -0.5513952581314185,
                -0.060981114283408494,
                -0.5540197835007142,
                -0.8202056765179377,
                -0.142567943576146,
                0.02859392473474862,
                0.15240243827072372,
                -0.9879052776490835
            ],
            "cam_t_m2c": [
                56.76403421313478,
                -59.35609339079677,
                780.8609995701535
            ],
            "obj_id": 5
        },
        {
            "cam_R_m2c": [
                0.982546165843525,
                -0.11346548338518035,
                -0.14740774630064404,
                0.15556701663808686,
                0.93568119598185,
                0.31670288710379046,
                0.10199176345655907,
                -0.33410625117829396,
                0.9370012743526663
            ],
            "cam_t_m2c": [
                -6.911165554988401,
                53.73265561565772,
                747.6771193142126
            ],
            "obj_id": 8
        },
        {
            "cam_R_m2c": [
                -0.9822866189832851,
                -0.18738452034125305,
                -0.0006631473327155615,
                -0.1799838819207935,
                0.9444654489100702,
                -0.2749397487579183,
                0.05214571150037656,
                -0.2699495438541102,
                -0.9614618282751728
            ],
            "cam_t_m2c": [
                27.37178486718299,
                31.339644792621435,
                690.9091316308372
            ],
            "obj_id": 26
        },
        {
            "cam_R_m2c": [
                0.682674759850761,
                0.73057963385655,
                0.014455309945542626,
                0.7269558715291599,
                -0.6770167761654626,
                -0.11482293426876525,
                -0.07410030364628005,
                0.08889462669203925,
                -0.9932813751510591
            ],
            "cam_t_m2c": [
                -73.8708431747864,
                -70.34651720895599,
                786.4252902419039
            ],
            "obj_id": 28
        }
    ],
    "47": [
        {
            "cam_R_m2c": [
                0.895900744491221,
                0.4169588960596942,
                0.15332047538932597,
                0.4432452282512582,
                -0.8156992874078223,
                -0.37170991623168986,
                -0.02992465488674289,
                0.4009743205766609,
                -0.9156001293666437
            ],
            "cam_t_m2c": [
                78.35967334524734,
                19.793977592988846,
                758.2845068499694
            ],
            "obj_id": 5
        },
        {
            "cam_R_m2c": [
                0.6362156161818144,
                -0.7635483547840222,
                -0.11056045263769315,
                0.767877218077072,
                0.6127905312221659,
                0.18668846207777348,
                -0.07479575084650748,
                -0.20367120172089745,
                0.9761776642115623
            ],
            "cam_t_m2c": [
                -53.68552360280666,
                35.84429859959526,
                752.0006816216057
            ],
            "obj_id": 8
        },
        {
            "cam_R_m2c": [
                -0.5941228910846421,
                -0.7850564741570506,
                0.1752265947578029,
                -0.7916092580113845,
                0.5319972241677282,
                -0.3005558182336492,
                0.14273374567655167,
                -0.31727839154015725,
                -0.9375291288862869
            ],
            "cam_t_m2c": [
                -19.95541568677192,
                45.313036484588515,
                685.292560706942
            ],
            "obj_id": 26
        },
        {
            "cam_R_m2c": [
                -0.2861187679473958,
                0.9507422103720184,
                0.1192701192098157,
                0.871563061115387,
                0.30994637108859124,
                -0.37988281487749254,
                -0.39813857806092867,
                -0.004740361974020823,
                -0.9173127670098257
            ],
            "cam_t_m2c": [
                19.364414514316937,
                -87.01057313965,
                794.6194950416319
            ],
            "obj_id": 28
        }
    ],
    "58": [
        {
            "cam_R_m2c": [
                0.32540551189687833,
                0.9444871755469342,
                0.04532768638809886,
                0.9253331760336749,
                -0.30820820333599364,
                -0.22083226682610552,
                -0.19460314736251022,
                0.11380298334572116,
                -0.9742581214795727
            ],
            "cam_t_m2c": [
                33.97057405420501,
                82.20590251551876,
                736.4587652756278
            ],
            "obj_id": 5
        },
        {
            "cam_R_m2c": [
                -0.3864522174921086,
                -0.9196758254723639,
                0.06964480197383796,
                0.8447630256222458,
                -0.3226420582128191,
                0.4269403713059231,
                -0.37017662325989115,
                0.22382562117067267,
                0.9015940913445745
            ],
            "cam_t_m2c": [
                -63.62025755412742,
                -8.360472094087903,
                763.9877109957388
            ],
            "obj_id": 8
        },
        {
            "cam_R_m2c": [
                0.4717900212178739,
                -0.8749893475199015,
                0.10866147073205806,
                -0.8411665490345384,
                -0.48360574245418436,
                -0.24200176651523186,
                0.26429839947058276,
                0.022771979382496338,
                -0.9641722907632293
            ],
            "cam_t_m2c": [
                -64.82437014645005,
                9.883920853916624,
                694.3835491807703
            ],
            "obj_id": 26
        },
        {
            "cam_R_m2c": [
                -0.9201788404499518,
                0.3755578875402768,
                0.11057400523884864,
                0.3003438180060972,
                0.8583580864263562,
                -0.4159513357733516,
                -0.251125769427059,
                -0.3495397957136534,
                -0.9026396025699092
            ],
            "cam_t_m2c": [
                88.26290403577958,
                -28.144967443232176,
                775.17321751623
            ],
            "obj_id": 28
        }
    ],
    "66": [
        {
            "cam_R_m2c": [
                -0.5194888965803633,
                0.8541485327958609,
                -0.023712618219947124,
                0.7715357649023207,
                0.4569562072273389,
                -0.44263305491233274,
                -0.3672382898806864,
                -0.24823761384260318,
                -0.8963890374171065
            ],
            "cam_t_m2c": [
                -28.49541551510378,
                89.19445347817711,
                741.9920082320871
            ],
            "obj_id": 5
        },
        {
            "cam_R_m2c": [
                -0.8901016490023178,
                -0.45068267174743837,
                -0.06785911611753365,
                0.3816467388405289,
                -0.8184328860049443,
                0.4295507323466772,
                -0.24912909202988995,
                0.35644493545609496,
                0.9004892724728897
            ],
            "cam_t_m2c": [
                -37.89330319737851,
                -41.453437789669316,
                772.3146837015177
            ],
            "obj_id": 8
        },
        {
            "cam_R_m2c": [
                0.8159873011878143,
                -0.5606253486444223,
                -0.14094233667872894,
                -0.5750984890705639,
                -0.7626031133193948,
                -0.2961393601790122,
                0.058540000628016724,
                0.3227010426106591,
                -0.9446884952457826
            ],
            "cam_t_m2c": [
                -66.75289357899923,
                -30.276748607342768,
                706.5376371005693
            ],
            "obj_id": 26
        },
        {
            "cam_R_m2c": [
                -0.944545084900441,
                -0.30579022752377855,
                -0.11969828086034023,
                -0.28367247441934207,
                0.9434278950922703,
                -0.171679738999616,
                0.1654243249739417,
                -0.12820359242071896,
                -0.9778537747237768
            ],
            "cam_t_m2c": [
                90.79732553591126,
                39.30603640245176,
                755.8694382134624
            ],
            "obj_id": 28
        }
    ],
    "72": [
        {
            "cam_R_m2c": [
                -0.7982192932387568,
                0.5872018213705046,
                -0.13431436885694453,
                0.5885231129662079,
                0.7127094880222795,
                -0.38168721904904723,
                -0.12840019910124756,
                -0.38371717095392716,
                -0.9144802084538336
            ],
            "cam_t_m2c": [
                -67.41799614110583,
                58.78687969840203,
                736.2916163679636
            ],
            "obj_id": 5
        },
        {
            "cam_R_m2c": [
                -0.9975754190223911,
                -0.008417033363005323,
                0.06908550267962708,
                0.02941821449754721,
                -0.9506155353244027,
                0.30897258307789394,
                0.06307318105899368,
                0.3102557672389106,
                0.9485582069105691
            ],
            "cam_t_m2c": [
                -13.207543819002568,
                -50.284236747982774,
                789.8434209069467
            ],
            "obj_id": 8
        },
        {
            "cam_R_m2c": [
                0.9851092086137879,
                -0.05236536523322739,
                -0.16376226717285067,
                -0.1182545789372013,
                -0.8977754418379661,
                -0.4242811819923901,
                -0.12480420679376678,
                0.43732883826198415,
                -0.8905991988420772
            ],
            "cam_t_m2c": [
                -51.93628017674083,
                -73.927354482064,
                730.6875704294443
            ],
            "obj_id": 26
        },
        {
            "cam_R_m2c": [
                -0.7588641040526223,
                -0.6504296709571111,
                -0.03266320021486386,
                -0.515129935447286,
                0.6301827937323647,
                -0.5809563010724877,
                0.3984548985556518,
                -0.42404099783709054,
                -0.8132788120420316
            ],
            "cam_t_m2c": [
                58.041320155894894,
                66.6858375514152,
                735.5245878085057
            ],
            "obj_id": 28
        }
    ],
    "78": [
        {
            "cam_R_m2c": [
                -0.9836572315256608,
                0.03778686159964379,
                0.17604400608841278,
                -0.050891040250984225,
                0.8795169580032761,
                -0.47313793078925936,
                -0.17271185332842767,
                -0.47436487757695106,
                -0.8632199409496998
            ],
            "cam_t_m2c": [
                -93.88252999511919,
                17.275484232273854,
                753.6244564331388
            ],
            "obj_id": 5
        },
        {
            "cam_R_m2c": [
                -0.8397827519602686,
                0.5428275987438936,
                0.01019458366880329,
                -0.4342581639708624,
                -0.6828528061923748,
                0.5874787191152899,
                0.325861553580481,
                0.4889274596227571,
                0.809175188198304
            ],
            "cam_t_m2c": [
                13.667921386655246,
                -46.27784973385937,
                785.023219172191
            ],
            "obj_id": 8
        },
        {
            "cam_R_m2c": [
                0.8621908913222329,
                0.4978150725318401,
                -0.09385007209763883,
                0.3618368646090523,
                -0.7348330964420232,
                -0.5736669240149944,
                -0.3545446945804924,
                0.4606520340702856,
                -0.8136940975224319
            ],
            "cam_t_m2c": [
                -24.903532950870428,
                -84.89270156641129,
                739.5839462686944
            ],
            "obj_id": 26
        },
        {
            "cam_R_m2c": [
                -0.12122431550896855,
                -0.9911390964814853,
                -0.054301851450533366,
                -0.9165189915653732,
                0.13276925302349502,
                -0.3773126944371691,
                0.38117947342481306,
                0.0040294529641374584,
                -0.924492346982932
            ],
            "cam_t_m2c": [
                17.159973900831154,
                83.3058368123996,
                725.2256628755035
            ],
            "obj_id": 28
        }
    ],
    "85": [
        {
            "cam_R_m2c": [
                -0.7518516269489358,
                -0.651970299766907,
                -0.09825285338078842,
                -0.5401635672200912,
                0.6945336480954197,
                -0.47523354993679207,
                0.37807826912979775,
                -0.3042324483594636,
                -0.8743570736718153
            ],
            "cam_t_m2c": [
                -99.44820022740033,
                -25.847152116474888,
                776.917484769906
            ],
            "obj_id": 5
        },
        {
            "cam_R_m2c": [
                -0.35892492399227166,
                0.9286348718838094,
                0.09386161781155247,
                -0.8576363067415496,
                -0.36781010902431366,
                0.3594109245706012,
                0.36828488368585177,
                0.0485023084651373,
                0.9284474320183413
            ],
            "cam_t_m2c": [
                32.776918705246686,
                -30.046799966119778,
                776.7433059013738
            ],
            "obj_id": 8
        },
        {
            "cam_R_m2c": [
                0.35872860572193205,
                0.9272771817666562,
                -0.10710109872564494,
                0.7621914075869103,
                -0.3572178653677686,
                -0.539870531065928,
                -0.5388681899496818,
                0.11203525704581908,
                -0.8349071845428597
            ],
            "cam_t_m2c": [
                15.13715615964027,
                -83.69290359330469,
                732.2715948479087
            ],
            "obj_id": 26
        },
        {
            "cam_R_m2c": [
                0.22613652057395756,
                -0.9676069213079955,
                -0.11224635236998341,
                -0.8982545034495643,
                -0.16256419963551746,
                -0.4083037988547109,
                0.3768302592896301,
                0.19315840598817205,
                -0.9059192053838894
            ],
            "cam_t_m2c": [
                -49.84348175608809,
                84.28524017951158,
                726.8603306911695
            ],
            "obj_id": 28
        }
    ],
    "104": [
        {
            "cam_R_m2c": [
                0.7128139335935134,
                -0.6941560641485488,
                -0.10021843314467097,
                -0.6467696107423363,
                -0.5953252824334743,
                -0.4767361829644074,
                0.2712662468251161,
                0.4046422603573623,
                -0.8733149796196764
            ],
            "cam_t_m2c": [
                25.51535766596648,
                -81.58103856533825,
                801.025392987431
            ],
            "obj_id": 5
        },
        {
            "cam_R_m2c": [
                0.9118379744148548,
                0.4028262996292676,
                0.07926293049970079,
                -0.40589017856945403,
                0.8555201083075393,
                0.3214636526770796,
                0.06168263362889565,
                -0.325294388300311,
                0.9435987975132043
            ],
            "cam_t_m2c": [
                13.114240132770593,
                33.5632138512202,
                741.1777500399475
            ],
            "obj_id": 8
        },
        {
            "cam_R_m2c": [
                -0.8981166036195534,
                0.4131732353295569,
                0.15058102020841535,
                0.33358426091703464,
                0.8632131947514453,
                -0.3789260604006004,
                -0.2865452628635822,
                -0.2900879044282155,
                -0.9130939564030828
            ],
            "cam_t_m2c": [
                46.40517288357235,
                -6.451244154360405,
                699.5375353159809
            ],
            "obj_id": 26
        },
        {
            "cam_R_m2c": [
                0.8727350937601873,
                0.4842422696241352,
                0.0619921767310186,
                0.47777922267611234,
                -0.8211128343560242,
                -0.3122516662888588,
                -0.10030281436514098,
                0.30213101059382574,
                -0.9479747059080968
            ],
            "cam_t_m2c": [
                -96.75510454290512,
                -46.404127116046766,
                788.9713005932668
            ],
            "obj_id": 28
        }
    ],
    "115": [
        {
            "cam_R_m2c": [
                0.9920461780815075,
                -0.08602214060022638,
                0.09189452851409032,
                -0.04167958838704888,
                -0.9133495429193372,
                -0.4050373518331633,
                0.11877406644034448,
                0.39798621442977805,
                -0.9096707219563523
            ],
            "cam_t_m2c": [
                81.16472465424216,
                -23.98701914563941,
                778.9488631021147
            ],
            "obj_id": 5
        },
        {
            "cam_R_m2c": [
                0.8671416599424355,
                -0.47902716703699155,
                0.1363757235660966,
                0.39510562056798837,
                0.8283140076227351,
                0.3972245167362045,
                -0.3032433532796813,
                -0.2905675934441718,
                0.9075323841173202
            ],
            "cam_t_m2c": [
                -31.800041533580544,
                33.908301066233776,
                743.3471115641488
            ],
            "obj_id": 8
        },
        {
            "cam_R_m2c": [
                -0.7307890428098301,
                -0.680534568039979,
                -0.053107424074790965,
                -0.5845080150479616,
                0.664056325946937,
                -0.46623936879017325,
                0.3525583676022019,
                -0.3096813619048547,
                -0.8830634946784525
            ],
            "cam_t_m2c": [
                -3.370928234201711,
                21.11720356164991,
                684.1050933434705
            ],
            "obj_id": 26
        },
        {
            "cam_R_m2c": [
                0.16309584735723193,
                0.9750972513605571,
                0.1502839682807453,
                0.9275860514493567,
                -0.09965429844031479,
                -0.3600733744455549,
                -0.3361306907535776,
                0.19812796903543398,
                -0.9207402331975197
            ],
            "cam_t_m2c": [
                -21.46067204438501,
                -91.03278246502455,
                813.5347469665486
            ],
            "obj_id": 28
        }
    ],
    "129": [
        {
            "cam_R_m2c": [
                0.4473058062217046,
                0.8933531348454474,
                0.04285692454272901,
                0.8128056308695251,
                -0.38604736848984567,
                -0.4362496199842647,
                -0.37318059720797014,
                0.22997179432987583,
                -0.8988046888027251
            ],
            "cam_t_m2c": [
                41.28170236757493,
                57.91300453407926,
                729.0990401052735
            ],
            "obj_id": 5
        },
        {
            "cam_R_m2c": [
                -0.13451540995552927,
                -0.990745726281123,
                -0.01809911687596069,
                0.8073122739712205,
                -0.12016468571213734,
                0.5777600145564239,
                -0.5745887051761611,
                0.06310573792905153,
                0.8160061919938546
            ],
            "cam_t_m2c": [
                -58.77502148517863,
                -16.01327031278459,
                766.6376945098461
            ],
            "obj_id": 8
        },
        {
            "cam_R_m2c": [
                0.2648281748149765,
                -0.950900996061751,
                0.16016393994363137,
                -0.8724549313229614,
                -0.3070207327340937,
                -0.3802102373422669,
                0.41071656049884414,
                -0.03904558681170371,
                -0.9109270021759756
            ],
            "cam_t_m2c": [
                -61.117502823174384,
                -12.675588317060246,
                694.7778400616302
            ],
            "obj_id": 26
        },
        {
            "cam_R_m2c": [
                -0.7850197606806473,
                0.6156028041328226,
                -0.06911024725083469,
                0.5868761587835561,
                0.7033607800468135,
                -0.401072689647754,
                -0.19829258144926384,
                -0.3554094203729604,
                -0.9134357048391993
            ],
            "cam_t_m2c": [
                82.67880011742905,
                -47.06291798630659,
                795.4509128146794
            ],
            "obj_id": 28
        }
    ],
    "142": [
        {
            "cam_R_m2c": [
                -0.7776664280622632,
                0.6263521218160473,
                -0.05402634678658812,
                0.5338592463003745,
                0.6125507148666272,
                -0.582903823006466,
                -0.3320087715950931,
                -0.48214693021499266,
                -0.8107427371056736
            ],
            "cam_t_m2c": [
                -54.921647684409464,
                62.482695714833305,
                733.7448584066781
            ],
            "obj_id": 5
        },
        {
            "cam_R_m2c": [
                -0.9949348274364003,
                -0.059179976777988086,
                -0.08126052877301669,
                0.022869226405398128,
                -0.9204045451308925,
                0.390299299993421,
                -0.09789031460841102,
                0.3864634284980275,
                0.917094697061802
            ],
            "cam_t_m2c": [
                -28.177857900645236,
                -51.411871338678665,
                787.3632274438395
            ],
            "obj_id": 8
        },
        {
            "cam_R_m2c": [
                0.9833127356203462,
                -0.179027757345574,
                0.03234258456394388,
                -0.12457298457434988,
                -0.7921571604084378,
                -0.5974692811266104,
                0.13258382034306926,
                0.5834696865826802,
                -0.8012389868984365
            ],
            "cam_t_m2c": [
                -52.65144656480112,
                -66.45893437458922,
                726.6834028809662
            ],
            "obj_id": 26
        },
        {
            "cam_R_m2c": [
                -0.8535082663598048,
                -0.5131622982153417,
                0.09049321806547021,
                -0.46622938107124123,
                0.6745024421332916,
                -0.5724312705228306,
                0.2327119830186839,
                -0.5307649708848884,
                -0.8149435052836672
            ],
            "cam_t_m2c": [
                71.87689123498946,
                50.99294687776784,
                738.9411085176821
            ],
            "obj_id": 28
        }
    ],
    "152": [
        {
            "cam_R_m2c": [
                -0.9925012514563849,
                -0.06653726588642835,
                -0.1025349093335884,
                0.024072798841610815,
                0.7160247524279589,
                -0.6976598121085079,
                0.11983747673846515,
                -0.6948970110842032,
                -0.7090534953235081
            ],
            "cam_t_m2c": [
                -97.04675981914762,
                3.979786523496782,
                754.0641966787621
            ],
            "obj_id": 5
        },
        {
            "cam_R_m2c": [
                -0.7365843795579727,
                0.6751166318653783,
                -0.04074805173173748,
                -0.5047613884770427,
                -0.5086193700662465,
                0.6975115493595031,
                0.45017626431398255,
                0.5343447849275698,
                0.7154136678755282
            ],
            "cam_t_m2c": [
                21.236477502283066,
                -47.27203718978418,
                794.6888832023469
            ],
            "obj_id": 8
        },
        {
            "cam_R_m2c": [
                0.8951031449353594,
                0.44446445699842196,
                -0.03522693250992121,
                0.3234462100292248,
                -0.7016997930874523,
                -0.6348229718225853,
                -0.30687488680041114,
                0.5568386035318997,
                -0.7718538319954708
            ],
            "cam_t_m2c": [
                -16.303062225366237,
                -97.94300207090392,
                750.617693021935
            ],
            "obj_id": 26
        },
        {
            "cam_R_m2c": [
                -0.16301639740220877,
                -0.9737504498860918,
                -0.1588555165307421,
                -0.7691083489901568,
                0.22626878464183273,
                -0.5977249213304691,
                0.6179792124708323,
                0.024737629391016504,
                -0.7858048890036544
            ],
            "cam_t_m2c": [
                1.617006980137131,
                74.54878632048973,
                710.6160277600768
            ],
            "obj_id": 28
        }
    ],
    "166": [
        {
            "cam_R_m2c": [
                -0.11435217981418849,
                -0.9888650662730395,
                0.09522958407450076,
                -0.8342257480594285,
                0.04353244809630183,
                -0.5497020541574772,
                0.5394357098843561,
                -0.14230251533280658,
                -0.8299151190260892
            ],
            "cam_t_m2c": [
                -58.40745857366036,
                -73.21112389028498,
                814.1120346338508
            ],
            "obj_id": 5
        },
        {
            "cam_R_m2c": [
                0.2963348186984841,
                0.9486337144066965,
                -0.11081057947088718,
                -0.6459078855281,
                0.2845195221346654,
                0.7084149371893947,
                0.7035541728132905,
                -0.13835477214228992,
                0.697043336495165
            ],
            "cam_t_m2c": [
                45.373966146234,
                -4.680518622626313,
                756.2671801064077
            ],
            "obj_id": 8
        },
        {
            "cam_R_m2c": [
                -0.2272678131388711,
                0.9738227596087189,
                0.004218585780938151,
                0.6627872064196219,
                0.157850257737736,
                -0.7319812129069819,
                -0.713485977671523,
                -0.16355992153404939,
                -0.6813118480558462
            ],
            "cam_t_m2c": [
                48.539459921560535,
                -68.42572680066284,
                734.3143070198621
            ],
            "obj_id": 26
        },
        {
            "cam_R_m2c": [
                0.8417925888142258,
                -0.5397981232536436,
                0.0015712361425763565,
                -0.3740242499396607,
                -0.5853691456101444,
                -0.7193392094597612,
                0.38921763928889486,
                0.6049469374367953,
                -0.6946572966339806
            ],
            "cam_t_m2c": [
                -98.64953594778578,
                20.495852207293215,
                741.0841528035073
            ],
            "obj_id": 28
        }
    ],
    "170": [
        {
            "cam_R_m2c": [
                -0.061188554025289235,
                -0.9974546042427929,
                0.036599067644905614,
                -0.7407726403214344,
                0.020806420198437314,
                -0.6714338805315764,
                0.6689636110430717,
                -0.06819566599971189,
                -0.7401601457323425
            ],
            "cam_t_m2c": [
                -29.62856152911939,
                -84.63448658507794,
                819.9416975677464
            ],
            "obj_id": 5
        },
        {
            "cam_R_m2c": [
                0.44835611964737937,
                0.8922473776312504,
                0.05357759111952962,
                -0.726193654436282,
                0.32865358504967607,
                0.6038461359571693,
                0.5211718534125294,
                -0.3096459234629951,
                0.795298223358956
            ],
            "cam_t_m2c": [
                35.49614787400891,
                8.130518670973029,
                752.2000986970066
            ],
            "obj_id": 8
        },
        {
            "cam_R_m2c": [
                -0.49713241873108155,
                0.8675732865146931,
                -0.013235254104447487,
                0.7583452440782358,
                0.4270291333149568,
                -0.49250293080535995,
                -0.4216306244848897,
                -0.25487618090641945,
                -0.8702101356601241
            ],
            "cam_t_m2c": [
                51.126366894633655,
                -56.93885260104852,
                726.1409859871502
            ],
            "obj_id": 26
        },
        {
            "cam_R_m2c": [
                0.9922498888623672,
                -0.030016752412910287,
                -0.12057579620049684,
                -0.09420230700346371,
                -0.814517654885276,
                -0.5724397703509996,
                -0.08102821728091995,
                0.5793618737990418,
                -0.811032783369329
            ],
            "cam_t_m2c": [
                -110.37847965008226,
                0.18505646367423711,
                765.0214349673327
            ],
            "obj_id": 28
        }
    ],
    "177": [
        {
            "cam_R_m2c": [
                0.6300420109571616,
                -0.7531320704392696,
                0.18931308265356545,
                -0.5351913245961961,
                -0.5977556285609508,
                -0.5968735241579506,
                0.5626875806435394,
                0.27473635590031237,
                -0.7796806330854142
            ],
            "cam_t_m2c": [
                24.933798159230754,
                -77.3265791935454,
                817.0637289044787
            ],
            "obj_id": 5
        },
        {
            "cam_R_m2c": [
                0.8970081729390184,
                0.43700814892010154,
                -0.06633609776308881,
                -0.2726981395813061,
                0.6652475063357609,
                0.6950403266699593,
                0.3478683920579971,
                -0.6053668629732378,
                0.7159034908442962
            ],
            "cam_t_m2c": [
                15.640852991356079,
                21.64867929552432,
                734.9014331924377
            ],
            "obj_id": 8
        },
        {
            "cam_R_m2c": [
