{
    "0": [
        {
            "cam_R_m2c": [
                -0.8648258694617044,
                0.5018178094526732,
                0.015963077171431878,
                0.47489488246998957,
                0.8279185951736149,
                -0.29837200473665776,
                -0.16294447154589273,
                -0.25045892158671507,
                -0.9543161969780651
            ],
            "cam_t_m2c": [
                -69.59752984467193,
                68.41422346158043,
                742.9616176291931
            ],
            "obj_id": 5
        },
        {
            "cam_R_m2c": [
                -0.9998667836954587,
                0.014108777612000885,
                0.008188723278167396,
                -0.011152608988346207,
                -0.9575517077065423,
                0.2880460800192258,
                0.011905080396129603,
                0.28791625208219,
                0.9575815782606637
            ],
            "cam_t_m2c": [
                -12.063948098793746,
                -45.474342594307636,
                776.1715215192686
            ],
            "obj_id": 8
        },
        {
            "cam_R_m2c": [
                0.9998852713372378,
                -0.004020984700537119,
                0.014593658039524518,
                0.0003655648933519537,
                -0.9573790311564295,
                -0.28883465088961974,
                0.015133083735185734,
                0.28880672126848567,
                -0.9572678028893102
            ],
            "cam_t_m2c": [
                -46.45675276080801,
                -53.868018144696755,
                715.1387028502812
            ],
            "obj_id": 26
        },
        {
            "cam_R_m2c": [
                -0.6893198009088237,
                -0.7244141691130753,
                0.007875809045443232,
                -0.6972421169736589,
                0.6604339799138412,
                -0.27871236355779877,
                0.19670162482409198,
                -0.19761322179996096,
                -0.9603423696213427
            ],
            "cam_t_m2c": [
                58.45858088844982,
                81.85884698023513,
                746.8468453234854
            ],
            "obj_id": 28
        }
    ],
    "10": [
        {
            "cam_R_m2c": [
                -0.9409175487827277,
                -0.337907201662908,
                0.022175638191188098,
                -0.330125688059841,
                0.9007200047971672,
                -0.28234815613635544,
                0.07543357731002247,
                -0.27298723294365096,
                -0.9590557287102318
            ],
            "cam_t_m2c": [
                -99.23776005392186,
                0.039862884969819934,
                764.4422942051596
            ],
            "obj_id": 5
        },
        {
            "cam_R_m2c": [
                -0.6335719727460953,
                0.7733613497249632,
                -0.022307920799697338,
                -0.7467377910494729,
                -0.6037088791500171,
                0.27913837522173396,
                0.2024075396120743,
                0.19351245771260842,
                0.9599918019813355
            ],
            "cam_t_m2c": [
                30.125550073802668,
                -30.167918931419962,
                772.9023739391922
            ],
            "obj_id": 8
        },
        {
            "cam_R_m2c": [
                0.6304889811832639,
                0.7760411686564351,
                0.015576483296653837,
                0.7493905541595304,
                -0.6033632516340969,
                -0.27270233785763115,
                -0.20223015456811447,
                0.1836087385822396,
                -0.9619724211586275
            ],
            "cam_t_m2c": [
                0.4093715530241726,
                -68.08163621184421,
                719.5313657638526
            ],
            "obj_id": 26
        },
        {
            "cam_R_m2c": [
                0.12082649354749746,
                -0.9926248819070423,
                0.009781740156397782,
                -0.9551160245837137,
                -0.11893437762995814,
                -0.2713078721895262,
                0.2704704939440063,
                0.023438582050201422,
                -0.9624429785822143
            ],
            "cam_t_m2c": [
                -23.83193036753738,
                103.89197912861604,
                737.8650472812204
            ],
            "obj_id": 28
        }
    ],
    "25": [
        {
            "cam_R_m2c": [
                0.07342960002152836,
                -0.9971075342850435,
                0.019621630035682916,
                -0.956951369503165,
                -0.07598464302036516,
                -0.28012448023787234,
                0.28080510363315847,
                0.001792252172517401,
                -0.959763159058747
            ],
            "cam_t_m2c": [
                -26.0124919023631,
                -79.59920417101115,
                788.6460077733839
            ],
            "obj_id": 5
        },
        {
            "cam_R_m2c": [
                0.5747931043994013,
                0.8179113211006096,
                -0.025185471562250022,
                -0.7804375518314158,
                0.5571919745272313,
                0.28364349636546493,
                0.24602842720193513,
                -0.143380404664759,
                0.9585990351784198
            ],
            "cam_t_m2c": [
                37.35634736630186,
                31.680128722791952,
                754.1532098183011
            ],
            "obj_id": 8
        },
        {
            "cam_R_m2c": [
                -0.5732403938663536,
                0.8193724628093507,
                -0.004958635368490108,
                0.7839214752217073,
                0.5466570854987435,
                -0.2943339373707236,
                -0.238458492138317,
                -0.17261105412531536,
                -0.9556898029838711
            ],
            "cam_t_m2c": [
                51.34605743811403,
                -19.78425276350404,
                705.8091570001192
            ],
            "obj_id": 26
        },
        {
            "cam_R_m2c": [
                0.9918595096463027,
                -0.12645282801793659,
                0.014991659122020698,
                -0.11742003658117704,
                -0.9537954011465203,
                -0.2765613258715473,
                0.04927113733864342,
                0.2725495505276767,
                -0.9608793563549806
            ],
            "cam_t_m2c": [
                -109.86268887162359,
                16.713897039925488,
                764.3914743701612
            ],
            "obj_id": 28
        }
    ],
    "36": [
        {
            "cam_R_m2c": [
                0.8698940330291154,
                -0.49312087484514466,
                0.01079627724110885,
                -0.4725267488236751,
                -0.8394417398519641,
                -0.2684345335689166,
                0.14143315999924672,
                0.2284074295183716,
                -0.9632380256338832
            ],
            "cam_t_m2c": [
                54.84544594241589,
                -57.47225790323208,
                782.6423905649326
            ],
            "obj_id": 5
        },
        {
            "cam_R_m2c": [
                0.9998321530859388,
                -0.01707518248355062,
                0.006670047348921583,
                0.014475551873004455,
                0.9586447678597582,
                0.28423890910986865,
                -0.01124760178763039,
                -0.28409391177660703,
                0.9587308816994616
            ],
            "cam_t_m2c": [
                -4.256252543048205,
                55.97547826351529,
                745.3617240112239
            ],
            "obj_id": 8
        },
        {
            "cam_R_m2c": [
                -0.9998372879558249,
                0.0005729620092859568,
                0.018040062939438467,
                -0.004678138252279833,
                0.9571132172047114,
                -0.28967827025799614,
                -0.01743236783704662,
                -0.2897147908582632,
                -0.9569546532156926
            ],
            "cam_t_m2c": [
                31.372525453868583,
                31.531873733632615,
                691.5789704833842
            ],
            "obj_id": 26
        },
        {
            "cam_R_m2c": [
                0.6734153118397075,
                0.7392562193596525,
                -0.0035279242874799565,
                0.7099477305408586,
                -0.6480330601824424,
                -0.27573257933958967,
                -0.20612268086797114,
                0.18317741760057665,
                -0.961228511272241
            ],
            "cam_t_m2c": [
                -75.53439038237147,
                -66.97468464707464,
                789.6242022717271
            ],
            "obj_id": 28
        }
    ],
    "47": [
        {
            "cam_R_m2c": [
                0.9088915444982114,
                0.4167176505045406,
                0.016204138469613504,
                0.4051129012793296,
                -0.8730237851449343,
                -0.27150157967403593,
                -0.09899322640577203,
                0.2533304651478972,
                -0.9623010677671279
            ],
            "cam_t_m2c": [
                80.45196213202236,
                18.561238823877318,
                760.7922389096003
            ],
            "obj_id": 5
        },
        {
            "cam_R_m2c": [
                0.571805655521129,
                -0.8203570227328002,
                0.007256312244615127,
                0.7852985152669439,
                0.5498857555699069,
                0.2844854682746484,
                -0.2373703243745249,
                -0.15697227377360087,
                0.9586523832647161
            ],
            "cam_t_m2c": [
                -49.38646689369271,
                37.25002041312924,
                750.8840126198613
            ],
            "obj_id": 8
        },
        {
            "cam_R_m2c": [
                -0.5791709471582545,
                -0.8152014924825878,
                0.002749502385650597,
                -0.7801680030924266,
                0.5532966650062918,
                -0.2918917149934324,
                0.2364297996309954,
                -0.17120052284807472,
                -0.9564469111506492
            ],
            "cam_t_m2c": [
                -22.00861220469449,
                43.376144942495145,
                687.5546592316633
            ],
            "obj_id": 26
        },
        {
            "cam_R_m2c": [
                -0.19599608456676548,
                0.9804736029590441,
                0.016033391819536946,
                0.9400319112498842,
                0.19251595112974348,
                -0.2815629539928455,
                -0.2791522646860041,
                -0.04011355166055567,
                -0.9594082864872376
            ],
            "cam_t_m2c": [
                16.835821726139827,
                -87.80537592380628,
                796.2461175435504
            ],
            "obj_id": 28
        }
    ],
    "58": [
        {
            "cam_R_m2c": [
                0.17706560783350203,
                0.9840426914695444,
                0.017524646120927762,
                0.9392853789126262,
                -0.16364111338011203,
                -0.3016043397229984,
                -0.2939240825253168,
                0.06986420951893386,
                -0.9532723039784332
            ],
            "cam_t_m2c": [
                32.4220158582982,
                83.13333740396304,
                739.9139459718348
            ],
            "obj_id": 5
        },
        {
            "cam_R_m2c": [
                -0.3441213387201028,
                -0.9389007855204298,
                0.006721022637449695,
                0.9006644983002697,
                -0.3280674200531151,
                0.2849137397696166,
                -0.2653009310389286,
                0.1040985745691477,
                0.9585297978599631
            ],
            "cam_t_m2c": [
                -59.986845941011595,
                -10.318344085909109,
                764.6538693916193
            ],
            "obj_id": 8
        },
        {
            "cam_R_m2c": [
                0.3447200979313772,
                -0.9386821796449729,
                -0.006571237523187855,
                -0.8984100229149931,
                -0.32788520282121364,
                -0.2921495156232803,
                0.27208108369787765,
                0.10661376478118272,
                -0.9563502788477957
            ],
            "cam_t_m2c": [
                -62.84300631485937,
                8.369917981407593,
                697.4904284522152
            ],
            "obj_id": 26
        },
        {
            "cam_R_m2c": [
                -0.925762038672293,
                0.3781048851722031,
                0.0008413557509961054,
                0.3629068274011327,
                0.8891702962576231,
                -0.27870311803564507,
                -0.10612700822879223,
                -0.2577077419807555,
                -0.9603771345734287
            ],
            "cam_t_m2c": [
                87.86592194932824,
                -29.162760451899715,
                778.3681277269455
            ],
            "obj_id": 28
        }
    ],
    "66": [
        {
            "cam_R_m2c": [
                -0.5046406759803502,
                0.8633226922757552,
                -0.0035254649597210586,
                0.8301704303358036,
                0.48413329263948013,
                -0.27646396375765403,
                -0.2369703704903744,
                -0.1424411748301138,
                -0.9610176188840974
            ],
            "cam_t_m2c": [
                -28.405512433311305,
                89.40700622469775,
                737.0191569718072
            ],
            "obj_id": 5
        },
        {
            "cam_R_m2c": [
                -0.8704855461729326,
                -0.49177889224686466,
                -0.020227352351431766,
                0.46860298351655544,
                -0.8406325458946913,
                0.271566711815506,
                -0.1505544455115422,
                0.2269156130440299,
                0.9622068365944709
            ],
            "cam_t_m2c": [
                -39.09843301892388,
                -37.698957659527885,
                774.5360947965805
            ],
            "obj_id": 8
        },
        {
            "cam_R_m2c": [
                0.873067373458598,
                -0.48757084990393,
                0.005361580440165601,
                -0.46816065560726444,
                -0.8412833600533541,
                -0.2703113398328735,
                0.13630642482299926,
                0.23348924452834685,
                -0.9627578350646524
            ],
            "cam_t_m2c": [
                -64.26787211279094,
                -30.219326853498856,
                708.5447329121926
            ],
            "obj_id": 26
        },
        {
            "cam_R_m2c": [
                -0.9595812769082332,
                -0.2809921217170487,
                0.01574515699719638,
                -0.27304680763670935,
                0.9159734530235969,
                -0.29400406625628217,
                0.0681902580463249,
                -0.28641941010663713,
                -0.9556742724492177
            ],
            "cam_t_m2c": [
                88.17741362622263,
                37.88940274226428,
                759.4986969808085
            ],
            "obj_id": 28
        }
    ],
    "72": [
        {
            "cam_R_m2c": [
                -0.8496184083738791,
                0.5273546730652893,
                -0.0067822386084949995,
                0.4700509929237784,
                0.7513397881382488,
                -0.46318460970723324,
                -0.23916674084592682,
                -0.3967180764463307,
                -0.8862356081146915
            ],
            "cam_t_m2c": [
                -68.30291957316688,
                55.047259621248216,
                735.2442049260914
            ],
            "obj_id": 5
        },
        {
            "cam_R_m2c": [
                -0.9999443533061338,
                -0.010255096968617115,
                -0.002549118920816961,
                0.00803808311275595,
                -0.894754743150908,
                0.4464848652836147,
                -0.006859567178294032,
                0.44643943167114725,
                0.894787294689144
            ],
            "cam_t_m2c": [
                -14.36088056736382,
                -53.03346290993846,
                788.8205821375886
            ],
            "obj_id": 8
        },
        {
            "cam_R_m2c": [
                0.99951165952037,
                -0.030940474204434465,
                -0.00441797306423516,
                -0.029441982353349706,
                -0.8846639728788999,
                -0.46529800206279454,
                0.010488113589240934,
                0.46520074200829387,
                -0.8851428050382475
            ],
            "cam_t_m2c": [
                -49.07133927327781,
                -70.48889765421303,
                729.7738031283523
            ],
            "obj_id": 26
        },
        {
            "cam_R_m2c": [
                -0.694488704788141,
                -0.7194883643631598,
                0.004723191149836123,
                -0.6399052251979103,
                0.6146429440575254,
                -0.46123178466747494,
                0.32894775676786625,
                -0.3233425785304228,
                -0.8872668520791362
            ],
            "cam_t_m2c": [
                60.24274970047503,
                63.18656053798314,
                736.2248912799862
            ],
            "obj_id": 28
        }
    ],
    "78": [
        {
            "cam_R_m2c": [
                -0.9992922190128535,
                0.037628596715746074,
                -0.00010532727431604594,
                0.033276516032438926,
                0.8824082474104997,
                -0.4693056473227395,
                -0.017566043715215668,
                -0.4689773310242372,
                -0.8830355929301787
            ],
            "cam_t_m2c": [
                -93.66873609857393,
                20.420741314862532,
                751.624479136382
            ],
            "obj_id": 5
        },
        {
            "cam_R_m2c": [
                -0.8775868579390498,
                0.4792765690903164,
                0.011667891258569693,
                -0.42126735702028506,
                -0.7825286937914242,
                0.45845620356649647,
                0.22885824487879194,
                0.39741996850954553,
                0.8886402139619027
            ],
            "cam_t_m2c": [
                12.497628745272948,
                -48.77132873651664,
                786.3540787112771
            ],
            "obj_id": 8
        },
        {
            "cam_R_m2c": [
                0.8731691285806823,
                0.48740425663869424,
                -0.0036919548005002445,
                0.43135291158630085,
                -0.7762370226338,
                -0.4597719012605334,
                -0.2269610730587595,
                0.39986622495859786,
                -0.8880291821586878
            ],
            "cam_t_m2c": [
                -22.249362171363074,
                -83.8451177080015,
                737.0493190216794
            ],
            "obj_id": 26
        },
        {
            "cam_R_m2c": [
                -0.2566171318056925,
                -0.96647667527248,
                -0.00844691808048107,
                -0.8549603579711147,
                0.23106592401069356,
                -0.46438213797813155,
                0.45076670406405084,
                -0.11194639131780738,
                -0.8855944554852428
            ],
            "cam_t_m2c": [
                14.18879313883843,
                86.254114778086,
                723.7580288946424
            ],
            "obj_id": 28
        }
    ],
    "85": [
        {
            "cam_R_m2c": [
                -0.8407370658688965,
                -0.5410651538126146,
                0.020239073351349883,
                -0.4872694434781256,
                0.7397893764454072,
                -0.46398348477428714,
                0.2360728730976012,
                -0.3999497725689116,
                -0.8856130917220678
            ],
            "cam_t_m2c": [
                -96.83811503945026,
                -27.345564071244937,
                776.5617882338196
            ],
            "obj_id": 5
        },
        {
            "cam_R_m2c": [
                -0.43736894234245216,
                0.8992354251428377,
                0.009164418743482406,
                -0.7996250411729519,
                -0.39354234016350265,
                0.4535688554317838,
                0.41147186180715245,
                0.19104855972343257,
                0.8911745939106124
            ],
            "cam_t_m2c": [
                35.96021096461842,
                -30.21328977968861,
                776.3141808130173
            ],
            "obj_id": 8
        },
        {
            "cam_R_m2c": [
                0.45353341557636107,
                0.8911760014698987,
                -0.010617101293034984,
                0.7886993315656359,
                -0.40687143401719117,
                -0.46087901406285414,
                -0.41504419746061083,
                0.20065005499440575,
                -0.8873999402859554
            ],
            "cam_t_m2c": [
                13.26791640099883,
                -81.57140416748332,
                734.9489538423743
            ],
            "obj_id": 26
        },
        {
            "cam_R_m2c": [
                0.3334929495555423,
                -0.9427376092542128,
                -0.005310528634400883,
                -0.8431057346207594,
                -0.2957188806504714,
                -0.44913643439852424,
                0.42184724257406603,
                0.15426142322255607,
                -0.8934478742737796
            ],
            "cam_t_m2c": [
                -47.4517114146369,
                81.39156011089077,
                726.8081447948883
            ],
            "obj_id": 28
        }
    ],
    "104": [
        {
            "cam_R_m2c": [
                0.6191001615306095,
                -0.7851632630210261,
                0.01529029597307745,
                -0.6884952419081513,
                -0.5520371697838646,
                -0.47035068955694276,
                0.37774237495156043,
                0.28066671648952446,
                -0.8823472172562941
            ],
            "cam_t_m2c": [
                23.61210688112463,
                -79.36110032698686,
                805.0083486402519
            ],
            "obj_id": 5
        },
        {
            "cam_R_m2c": [
                0.9327747820926333,
                0.3594884717187871,
                -0.026446121232890977,
                -0.3086541074496856,
                0.8344579565492704,
                0.45652278721507705,
                0.18618250127765373,
                -0.41766982163442523,
                0.8893186887934879
            ],
            "cam_t_m2c": [
                14.444711938190041,
                37.73423885813686,
                741.4034948065556
            ],
            "obj_id": 8
        },
        {
            "cam_R_m2c": [
                -0.929147373936063,
                0.3687592244010528,
                0.026494368774453003,
                0.31661718725674753,
                0.8306713471854938,
                -0.4579728949203229,
                -0.1908894830512917,
                -0.4171353277599659,
                -0.8885713545118951
            ],
            "cam_t_m2c": [
                43.81611347584789,
                -8.89411831915984,
                698.9620536829252
            ],
            "obj_id": 26
        },
        {
            "cam_R_m2c": [
                0.9007168837556115,
                0.4343940990484474,
                0.0033164428184437158,
                0.38518322533241717,
                -0.7951015983085081,
                -0.4684525984907725,
                -0.2008560736230236,
                0.4232200669586773,
                -0.88348250706612
            ],
            "cam_t_m2c": [
                -99.41551082124167,
                -44.12009876657545,
                790.1708554233691
            ],
            "obj_id": 28
        }
    ],
    "115": [
        {
            "cam_R_m2c": [
                0.9981020552226414,
                0.05828917341322512,
                0.019869884580649207,
                0.061038385475206035,
                -0.8935901311548755,
                -0.4447141694272668,
                -0.008166348751729115,
                0.4450834448347502,
                -0.8954524992051828
            ],
            "cam_t_m2c": [
                77.51348769473204,
                -24.592820492945233,
                776.0691997827013
            ],
            "obj_id": 5
        },
        {
            "cam_R_m2c": [
                0.82371717855948,
                -0.5668124750586864,
                -0.014621310241487863,
                0.5117362883308905,
                0.7320798889828706,
                0.44964950814890375,
                -0.244163105467998,
                -0.3778667789157097,
                0.8930857853557104
            ],
            "cam_t_m2c": [
                -36.01610119789685,
                36.45763785682403,
                742.7052071249628
            ],
            "obj_id": 8
        },
        {
            "cam_R_m2c": [
                -0.827849458551644,
                -0.5605210244266118,
                0.021945637136839037,
                -0.5076352546447223,
                0.7319476784520056,
                -0.4544873158760057,
                0.23868676027396815,
                -0.38738795208835825,
                -0.8904832125615407
            ],
            "cam_t_m2c": [
                -0.8728825044518393,
                18.948899110381728,
                684.7788028678304
            ],
            "obj_id": 26
        },
        {
            "cam_R_m2c": [
                0.1698838181272818,
                0.9851786400549866,
                0.02372082462323183,
                0.881690771936235,
                -0.14119904759896473,
                -0.45020429303488146,
                -0.44018274677234,
                0.09739711011730887,
                -0.892610833536988
            ],
            "cam_t_m2c": [
                -22.850738735556295,
                -93.01237323935827,
                815.3928616130268
            ],
            "obj_id": 28
        }
    ],
    "129": [
        {
            "cam_R_m2c": [
                0.2770885886665079,
                0.9608336029965842,
                0.0044576295079287774,
                0.8591009817033992,
                -0.24566786270546334,
                -0.44898999409777185,
                -0.43030995021311264,
                0.12824004456392593,
                -0.8935258419713964
            ],
            "cam_t_m2c": [
                40.91192742809939,
                62.19631260551389,
                730.729448762165
            ],
            "obj_id": 5
        },
        {
            "cam_R_m2c": [
                -0.2396107714854846,
                -0.9708299663380671,
                0.008661230851124831,
                0.8666575732071528,
                -0.20986164904730484,
                0.4526168010282716,
                -0.43759686050853264,
                0.11595794373543525,
                0.8916632393069246
            ],
            "cam_t_m2c": [
                -61.476901827064,
                -14.639600998343525,
                766.9048147952992
            ],
            "obj_id": 8
        },
        {
            "cam_R_m2c": [
                0.23206808381698063,
                -0.9726960754742989,
                -0.0024311672329248306,
                -0.8714822370360275,
                -0.20680849883565328,
                -0.444688846097296,
                0.43204487896257027,
                0.1053165801548877,
                -0.8956819944120687
            ],
            "cam_t_m2c": [
                -60.80800128881145,
                -8.681778897094443,
                697.4660629242154
            ],
            "obj_id": 26
        },
        {
            "cam_R_m2c": [
                -0.8692371401905263,
                0.49439213717640973,
                0.0015381442513219305,
                0.4427406727071852,
                0.779800267456297,
                -0.44259626588697404,
                -0.22001611102289823,
                -0.38404037942295854,
                -0.8967198531685407
            ],
            "cam_t_m2c": [
                82.12307928545624,
                -45.839561851818225,
                791.3540774059861
            ],
            "obj_id": 28
        }
    ],
    "142": [
        {
            "cam_R_m2c": [
                -0.7274386304886357,
                0.6861571489085454,
                0.004726898502481233,
                0.6111188840201103,
                0.6509880839834069,
                -0.45027681934931074,
                -0.31203740333241914,
                -0.32465967198919327,
                -0.892876218285308
            ],
            "cam_t_m2c": [
                -55.60115151723581,
                64.63783934780793,
                730.3241899911649
            ],
            "obj_id": 5
        },
        {
            "cam_R_m2c": [
                -0.9791351654918743,
                -0.2017162764793146,
                -0.024612844702333114,
                0.1684903817501567,
                -0.8735705029610038,
                0.4566032977524233,
                -0.11360521559902471,
                0.4429287731399687,
                0.8893295996693092
            ],
            "cam_t_m2c": [
                -24.467773602097143,
                -51.620289131303636,
                786.1756681028545
            ],
            "obj_id": 8
        },
        {
            "cam_R_m2c": [
                0.9797861001033533,
                -0.19991647216110228,
                -0.007316657698646103,
                -0.1808692502828018,
                -0.8696241126313918,
                -0.4593922206148466,
                0.08547716819181922,
                0.45142893874469286,
                -0.8882031034346473
            ],
            "cam_t_m2c": [
                -56.26150004873319,
                -64.32136236764698,
                724.6432688935597
            ],
            "obj_id": 26
        },
        {
            "cam_R_m2c": [
                -0.8207400127092285,
                -0.5710508802882804,
                0.016960275532158276,
                -0.5189547856771612,
                0.7327932947470541,
                -0.44011466350558887,
                0.23889919531029705,
                -0.3700208404503713,
                -0.8977811152020815
            ],
            "cam_t_m2c": [
                72.47212052565642,
                52.07436579901667,
                742.162504385383
            ],
            "obj_id": 28
        }
    ],
    "152": [
        {
            "cam_R_m2c": [
                -0.995343529768109,
                -0.0962601762095445,
                -0.004956684194955205,
                -0.07386801293140798,
                0.7948233432139602,
                -0.6023284986639197,
                0.06191953675479272,
                -0.5991580270790096,
                -0.7982326047417946
            ],
            "cam_t_m2c": [
                -95.39157626726887,
                0.1302822707596264,
                756.1843163129134
            ],
            "obj_id": 5
        },
        {
            "cam_R_m2c": [
                -0.8094002654085612,
                0.5872450172485637,
                0.003717417185661654,
                -0.4632220882626715,
                -0.6423250727618951,
                0.6106095641871083,
                0.36096507277005146,
                0.4925061116628801,
                0.7919227375985872
            ],
            "cam_t_m2c": [
                20.018293334708424,
                -51.531442117333114,
                793.418400837957
            ],
            "obj_id": 8
        },
        {
            "cam_R_m2c": [
                0.8178688447614376,
                0.574901160812309,
                0.02405234100345129,
                0.4683602759452243,
                -0.6408547467344741,
                -0.6082302971160343,
                -0.33425812135131483,
                0.508718323261296,
                -0.7933957844961141
            ],
            "cam_t_m2c": [
                -12.80929032939881,
                -97.62774076574681,
                752.6754616193875
            ],
            "obj_id": 26
        },
        {
            "cam_R_m2c": [
                -0.13365937216449486,
                -0.9908328577701258,
                0.01961441388532597,
                -0.8002945996438575,
                0.0962409051919292,
                -0.5918331715385855,
                0.5845203429889337,
                -0.09480183540137589,
                -0.805821476586672
            ],
            "cam_t_m2c": [
                3.1611494073262874,
                71.24191790526035,
                710.3707175893429
            ],
            "obj_id": 28
        }
    ],
    "166": [
        {
            "cam_R_m2c": [
                -0.24392900611299362,
                -0.969557734361584,
                0.021345963267581713,
                -0.7672894860943181,
                0.1794859857140403,
                -0.6156717235657967,
                0.5930981279331887,
                -0.16655863794584516,
                -0.7877136570288346
            ],
            "cam_t_m2c": [
                -55.91651694359164,
                -75.10128024793282,
                812.851431952034
            ],
            "obj_id": 5
        },
        {
            "cam_R_m2c": [
                0.2709000304011407,
                0.9621424784695412,
                -0.029903896817688427,
                -0.7636221365970377,
                0.23371161221932837,
                0.6018805220350792,
                0.5860837836615803,
                -0.1402143323546489,
                0.798026136701009
            ],
            "cam_t_m2c": [
                45.76377586848981,
                -5.4278646893415985,
                759.6904354309244
            ],
            "obj_id": 8
        },
        {
            "cam_R_m2c": [
                -0.25924155362996104,
                0.9654812728539921,
                0.025277375216732335,
                0.7605463353978612,
                0.22020594611689062,
                -0.6108016502119555,
                -0.5952838556527031,
                -0.1391207101586062,
                -0.7913801395135871
            ],
            "cam_t_m2c": [
                46.23274777597482,
                -71.93991483647221,
                734.9741298692602
            ],
            "obj_id": 26
        },
        {
            "cam_R_m2c": [
                0.8816150270015363,
                -0.47192595285455785,
                0.0063294651838425794,
                -0.3749736661396573,
                -0.7085145854015973,
                -0.5978309739716243,
                0.28661641042684133,
                0.5246835473980339,
                -0.8015972749745759
            ],
            "cam_t_m2c": [
                -99.32036224438949,
                24.495526042934422,
                743.3350062211077
            ],
            "obj_id": 28
        }
    ],
    "170": [
        {
            "cam_R_m2c": [
                0.09996079834941127,
                -0.9945917371504934,
                0.028186498502342013,
                -0.7940518731818857,
                -0.09681144717287894,
                -0.6000912667006274,
                0.5995747811424094,
                0.03760403696441962,
                -0.7994347890481774
            ],
            "cam_t_m2c": [
                -26.34734997877912,
                -84.16884441651779,
                819.8817103993118
            ],
            "obj_id": 5
        },
        {
            "cam_R_m2c": [
                0.5739225865836783,
                0.818546115910779,
                -0.02438143321814229,
                -0.6417721727175254,
                0.46807166182304544,
                0.6074847933894425,
                0.5086667646826902,
                -0.3330020049469509,
                0.793957020104554
            ],
            "cam_t_m2c": [
                37.505014052286555,
                7.94453997922209,
                749.2151908407436
            ],
            "obj_id": 8
        },
        {
            "cam_R_m2c": [
                -0.5727324131908603,
                0.8194937367034703,
                0.020172512907789455,
                0.6484523785306033,
                0.46797324044890093,
                -0.6004256349638155,
                -0.5014854236481747,
                -0.3308023843544804,
                -0.7994261164172547
            ],
            "cam_t_m2c": [
                51.5368288102712,
                -55.556690705271755,
                721.4585213945702
            ],
            "obj_id": 26
        },
        {
            "cam_R_m2c": [
                0.9901854509869378,
                -0.13841010655591687,
                0.019358436264501327,
                -0.09686460951360422,
                -0.7795178891588228,
                -0.6188452780795182,
                0.10074476991611317,
                0.610896635480764,
                -0.7852743226113834
            ],
            "cam_t_m2c": [
                -110.10236600417556,
                -3.458064991757653,
                762.6855532983287
            ],
            "obj_id": 28
        }
    ],
    "177": [
        {
            "cam_R_m2c": [
                0.6559167398129707,
                -0.7548201643280674,
                0.004483144995823191,
                -0.6022719516988587,
                -0.5269183747521115,
                -0.5996874927257569,
                0.45501838373237896,
                0.39064474670237664,
                -0.8002213126331
            ],
            "cam_t_m2c": [
                28.597870466400003,
                -79.77848019647973,
                818.8276391832186
            ],
            "obj_id": 5
        },
        {
            "cam_R_m2c": [
                0.9449886306248987,
                0.3267472244057918,
                -0.015266656138275481,
                -0.2550131715632075,
                0.7651481857525124,
                0.5911988685783027,
                0.2048539141985599,
                -0.5547827600758073,
                0.8063809079889339
            ],
            "cam_t_m2c": [
                13.660563590478251,
                25.290224722312107,
                737.5659870661392
            ],
