{
  "0": [
    {
      "cam_R_m2c": [
        -0.9406848630104219,
        -0.09045214522417842,
        -0.32700188948384246,
        0.05918267287510404,
        0.9052852678537248,
        -0.42066155933210275,
        0.3340796827527384,
        -0.4150626202777909,
        -0.8462350108760043
      ],
      "cam_t_m2c": [
        -75.24685316217888,
        83.16556312468158,
        740.9757616290474
      ],
      "obj_id": 5
    },
    {
      "cam_R_m2c": [
        -0.774666479877815,
        -0.19617983525288465,
        0.6011698696374533,
        0.37676509452550405,
        -0.9066936032439992,
        0.18961776771271543,
        0.5078775494790935,
        0.3733902527209836,
        0.7762988911722638
      ],
      "cam_t_m2c": [
        -4.503960635343574,
        -46.112121720986686,
        762.3139003954443
      ],
      "obj_id": 8
    },
    {
      "cam_R_m2c": [
        0.8500149235738561,
        0.4929777358154865,
        -0.18560007571667927,
        0.24649456095507544,
        -0.6836395708847832,
        -0.6869334759525751,
        -0.4655263266663494,
        0.5381542427376597,
        -0.7026201593803768
      ],
      "cam_t_m2c": [
        -61.34267592466715,
        -52.72076763580888,
        710.6123305174972
      ],
      "obj_id": 26
    },
    {
      "cam_R_m2c": [
        -0.9289696050354224,
        -0.3701300747135482,
        -0.004353920078307223,
        -0.24705228737178692,
        0.6287362229674898,
        -0.7373304207032869,
        0.2756456548542479,
        -0.6838818650819027,
        -0.6755182980079045
      ],
      "cam_t_m2c": [
        67.47299053554147,
        85.85039036725789,
        758.9354173072335
      ],
      "obj_id": 28
    }
  ],
  "10": [
    {
      "cam_R_m2c": [
        -0.6704453271496339,
        -0.5517996849946412,
        -0.4960034156002153,
        -0.617163849973788,
        0.785817343643025,
        -0.03999741737203062,
        0.41183840726530035,
        0.2792992004953327,
        -0.8673989562428512
      ],
      "cam_t_m2c": [
        -109.55905868104172,
        10.072562983399804,
        758.1250467859475
      ],
      "obj_id": 5
    },
    {
      "cam_R_m2c": [
        -0.9667345214574705,
        0.20651481311681907,
        0.15091501279255146,
        -0.14714096827226816,
        -0.931625884178922,
        0.3322984608055703,
        0.2092211409034308,
        0.2990386316082381,
        0.931022302409174
      ],
      "cam_t_m2c": [
        44.66771259089991,
        -24.331215311957838,
        774.8554979515436
      ],
      "obj_id": 8
    },
    {
      "cam_R_m2c": [
        0.7652084972755933,
        0.5064705072277336,
        -0.39742006280720277,
        0.6179307699603995,
        -0.7510037761073136,
        0.2327119512979705,
        -0.18060208389455953,
        -0.4236510726257111,
        -0.8876387623217623
      ],
      "cam_t_m2c": [
        -10.827663139882187,
        -78.64871790938865,
        722.6847279712777
      ],
      "obj_id": 26
    },
    {
      "cam_R_m2c": [
        0.45356549373212207,
        -0.814136631698041,
        0.36257282919774986,
        -0.5627990517639077,
        -0.5770945077957906,
        -0.5917929349593554,
        0.691039449151116,
        0.06436135091048177,
        -0.7199459678576103
      ],
      "cam_t_m2c": [
        -38.739333704506734,
        106.90096922779956,
        744.9438442062813
      ],
      "obj_id": 28
    }
  ],
  "104": [
    {
      "cam_R_m2c": [
        0.07818344750114614,
        -0.9949350898287435,
        0.06317983769566893,
        -0.6332314932748935,
        -0.09850840103668605,
        -0.7676682844123042,
        0.7700033989750434,
        0.020011349741606684,
        -0.63772555957385
      ],
      "cam_t_m2c": [
        32.85408380995271,
        -79.184416575534,
        817.247052811584
      ],
      "obj_id": 5
    },
    {
      "cam_R_m2c": [
        0.5815493036002879,
        0.771663660458077,
        0.2575574966305286,
        -0.6909195625288039,
        0.30137225869751055,
        0.6571190707564499,
        0.42945388755086583,
        -0.5600982764365804,
        0.708419964138399
      ],
      "cam_t_m2c": [
        15.351740832231775,
        34.93522172083328,
        726.2433411929005
      ],
      "obj_id": 8
    },
    {
      "cam_R_m2c": [
        -0.8389838757993653,
        0.5436175880194206,
        -0.024210579353549685,
        0.529310468949231,
        0.8256080356590354,
        0.19545238611783544,
        0.1262401049891288,
        0.1511668737932352,
        -0.9804143964292709
      ],
      "cam_t_m2c": [
        60.24587619937611,
        -8.676472820489845,
        698.5589143773866
      ],
      "obj_id": 26
    },
    {
      "cam_R_m2c": [
        0.9511892612251546,
        0.11288779695466197,
        -0.2872203347622035,
        0.15132249351786126,
        -0.9817396616945679,
        0.11527636183982981,
        -0.268962221058353,
        -0.15311300386290544,
        -0.9509027373068298
      ],
      "cam_t_m2c": [
        -111.77349959772185,
        -54.98931249910842,
        794.2605526866047
      ],
      "obj_id": 28
    }
  ],
  "115": [
    {
      "cam_R_m2c": [
        0.8696112696864106,
        0.16210114158220565,
        -0.4663687834043881,
        -0.28198648550371547,
        -0.6123009498014482,
        -0.7386279448934314,
        -0.405289955489483,
        0.7738287858890639,
        -0.4867541474131031
      ],
      "cam_t_m2c": [
        93.40641517672803,
        -29.405337224035133,
        775.5446404575766
      ],
      "obj_id": 5
    },
    {
      "cam_R_m2c": [
        0.930227137148691,
        -0.272265452729406,
        0.24606654234968572,
        -0.0523154256525793,
        0.565280872383962,
        0.8232380235068759,
        -0.36323575081671555,
        -0.7786717581306891,
        0.5115966148096736
      ],
      "cam_t_m2c": [
        -27.95345430880103,
        46.344192632390275,
        752.2867766032647
      ],
      "obj_id": 8
    },
    {
      "cam_R_m2c": [
        -0.9918581510760642,
        0.07447325863110542,
        0.10329993497980466,
        -0.011688221155558782,
        0.7545074098087308,
        -0.6561875269851779,
        -0.1268086784992852,
        -0.6520528740304234,
        -0.7474943049934791
      ],
      "cam_t_m2c": [
        -15.99536220412614,
        16.138261310268867,
        686.3037539564993
      ],
      "obj_id": 26
    },
    {
      "cam_R_m2c": [
        -0.25547579870071785,
        0.9127095910153655,
        -0.3188950256917534,
        0.9667042174438221,
        0.2361473250175712,
        -0.09857502325614556,
        -0.014664644203556199,
        -0.3334605887931292,
        -0.9426503118943663
      ],
      "cam_t_m2c": [
        -11.154435849041974,
        -101.54034087342515,
        822.0420175688969
      ],
      "obj_id": 28
    }
  ],
  "129": [
    {
      "cam_R_m2c": [
        -0.09659936789278199,
        0.8958472140165191,
        -0.4337352878299846,
        0.9831608566024963,
        0.017966934335248836,
        -0.18185435965354885,
        -0.1551210113192717,
        -0.44399817438009753,
        -0.8824981628861774
      ],
      "cam_t_m2c": [
        31.509773546008926,
        67.35139745777212,
        719.8799063634287
      ],
      "obj_id": 5
    },
    {
      "cam_R_m2c": [
        -0.031696106510004145,
        -0.812879577071797,
        0.5815682865233485,
        0.9892145767336217,
        0.05773641584674476,
        0.13461277290653093,
        -0.14300196273454646,
        0.5795621446065342,
        0.8022830219473371
      ],
      "cam_t_m2c": [
        -56.616171969293184,
        0.685293285099803,
        770.3685805941258
      ],
      "obj_id": 8
    },
    {
      "cam_R_m2c": [
        0.7739457173386547,
        -0.6138023582589053,
        -0.15573871206703546,
        -0.6236751472282624,
        -0.6962210116958488,
        -0.3553935116621793,
        0.10971326162568547,
        0.37218538439639887,
        -0.921651355428703
      ],
      "cam_t_m2c": [
        -63.977717333039415,
        2.6350908806524647,
        686.6720872901981
      ],
      "obj_id": 26
    },
    {
      "cam_R_m2c": [
        -0.8730492343212466,
        0.18502211088427695,
        0.45116647301910606,
        0.22415756214057675,
        0.9739469006167678,
        0.0343525214237858,
        -0.4330566014411216,
        0.1311232577272929,
        -0.891778578699202
      ],
      "cam_t_m2c": [
        67.0131540804312,
        -49.01558330977372,
        798.3691338306567
      ],
      "obj_id": 28
    }
  ],
  "142": [
    {
      "cam_R_m2c": [
        -0.43866924465714063,
        0.7477544783415175,
        -0.49843095266067594,
        0.870159891197033,
        0.4919887352694948,
        -0.02773905680306278,
        0.22448084585440017,
        -0.4458826589933156,
        -0.8664852156555846
      ],
      "cam_t_m2c": [
        -70.90775257836304,
        62.35340778677613,
        728.6158613558372
      ],
      "obj_id": 5
    },
    {
      "cam_R_m2c": [
        -0.9712792539983398,
        0.185158186392439,
        0.14944463005717076,
        0.03623504192951935,
        -0.5056445880468747,
        0.8619808587770619,
        0.23516899996642637,
        0.8426391721883497,
        0.4844118104874583
      ],
      "cam_t_m2c": [
        -21.906677922791296,
        -67.63326780361325,
        785.8892047420538
      ],
      "obj_id": 8
    },
    {
      "cam_R_m2c": [
        0.8844762324237229,
        0.4239159129810621,
        0.1949302930944884,
        0.46049626707219204,
        -0.8603800934102301,
        -0.2183814440965394,
        0.0751386466860184,
        0.2829172554516114,
        -0.9561962269851646
      ],
      "cam_t_m2c": [
        -59.2596436328119,
        -54.85575027438388,
        713.1767043081363
      ],
      "obj_id": 26
    },
    {
      "cam_R_m2c": [
        -0.8193936160986628,
        -0.4663316174322228,
        0.33336114187042126,
        -0.48345281039691096,
        0.2497111829017444,
        -0.8389983384807786,
        0.30800737909206993,
        -0.8486340146309954,
        -0.43006003756405786
      ],
      "cam_t_m2c": [
        86.82161894222837,
        59.49434958967642,
        746.267602967068
      ],
      "obj_id": 28
    }
  ],
  "152": [
    {
      "cam_R_m2c": [
        -0.7694790056183208,
        -0.5016782169594325,
        -0.39524798086069035,
        0.016768697646411135,
        0.6027765634218849,
        -0.7977338040099189,
        0.6384513492111081,
        -0.6204674778524878,
        -0.4554111239959139
      ],
      "cam_t_m2c": [
        -88.4036381507977,
        0.753607714166073,
        741.847682448809
      ],
      "obj_id": 5
    },
    {
      "cam_R_m2c": [
        -0.5546506901703189,
        0.5346162512637616,
        -0.6376106679083954,
        -0.8272618272745711,
        -0.2719323222532745,
        0.4916202732925953,
        0.08944136339353696,
        0.8001492082141635,
        0.5930949539914052
      ],
      "cam_t_m2c": [
        22.388620700471943,
        -36.38831113279694,
        788.2328558815809
      ],
      "obj_id": 8
    },
    {
      "cam_R_m2c": [
        0.9960824181513653,
        -0.06015629713458147,
        0.06481003426719681,
        -0.01827659992539814,
        -0.8571681168221849,
        -0.5147125430732771,
        0.08651629412486805,
        0.5115119968835498,
        -0.8549094324869357
      ],
      "cam_t_m2c": [
        -5.600891020847701,
        -89.26645371971527,
        764.5803596190858
      ],
      "obj_id": 26
    },
    {
      "cam_R_m2c": [
        -0.29724264403930056,
        -0.8031695269746407,
        0.5162989082058675,
        -0.570587222600037,
        -0.28414088816374844,
        -0.7705154052418792,
        0.765556880528502,
        -0.52362402396891,
        -0.373819378797009
      ],
      "cam_t_m2c": [
        13.38159878637625,
        61.436325680208334,
        702.7938093899708
      ],
      "obj_id": 28
    }
  ],
  "166": [
    {
      "cam_R_m2c": [
        0.2438487889323557,
        -0.9681248540422134,
        0.05719547900719804,
        -0.4093905161653751,
        -0.15622089146322435,
        -0.8988851474021307,
        0.8791684015375438,
        0.19577665657238613,
        -0.43443560601892084
      ],
      "cam_t_m2c": [
        -44.9681746243276,
        -67.57707007221909,
        823.1860805872436
      ],
      "obj_id": 5
    },
    {
      "cam_R_m2c": [
        -0.10293312984055494,
        0.9191961500840717,
        0.3801087768678607,
        -0.9770493042808457,
        -0.1650802353738192,
        0.1346212974929604,
        0.18649188515584464,
        -0.35752801165625353,
        0.915092642696558
      ],
      "cam_t_m2c": [
        38.531384428444895,
        4.138361241704911,
        749.6242516086742
      ],
      "obj_id": 8
    },
    {
      "cam_R_m2c": [
        -0.008019518485464018,
        0.8041918862531214,
        -0.594315282681926,
        0.8800030600824482,
        -0.276582509557517,
        -0.3861301057475289,
        -0.4749000755791987,
        -0.5260958509849198,
        -0.7054736090188949
      ],
      "cam_t_m2c": [
        31.75173904709521,
        -66.22864634856643,
        729.1618683810486
      ],
      "obj_id": 26
    },
    {
      "cam_R_m2c": [
        0.9842134793589645,
        -0.16708839568311598,
        0.05834831694062709,
        -0.16643556156779632,
        -0.9859238915746326,
        -0.015911863105074562,
        0.06018557761487143,
        0.005949425605790037,
        -0.9981695313616628
      ],
      "cam_t_m2c": [
        -106.93348238235612,
        36.7090406550567,
        749.2820155584229
      ],
      "obj_id": 28
    }
  ],
  "170": [
    {
      "cam_R_m2c": [
        0.39107444252699114,
        -0.7284032092796865,
        0.5625742794778498,
        -0.6872228885197359,
        -0.6376968962200513,
        -0.3479466049434214,
        0.6121976303360501,
        -0.25054076867873437,
        -0.7499622185063823
      ],
      "cam_t_m2c": [
        -12.273008558826923,
        -75.61752973170718,
        822.7281619927468
      ],
      "obj_id": 5
    },
    {
      "cam_R_m2c": [
        0.0010851545689793437,
        0.9569937368871483,
        0.2901050364314829,
        -0.9010311592839627,
        -0.12489825977700313,
        0.4153840351758244,
        0.43375362476547424,
        -0.2618445570114955,
        0.8621456660081434
      ],
      "cam_t_m2c": [
        51.492563547331976,
        16.851802320712054,
        747.6605354768695
      ],
      "obj_id": 8
    },
    {
      "cam_R_m2c": [
        -0.19683789076636615,
        0.7932708006240361,
        0.5761735113946269,
        0.5540893426466582,
        0.5748288292210507,
        -0.60212705847229,
        -0.8088512716173812,
        0.20072969322132503,
        -0.552690762751996
      ],
      "cam_t_m2c": [
        51.11568165420356,
        -39.75216788033586,
        722.1052747617522
      ],
      "obj_id": 26
    },
    {
      "cam_R_m2c": [
        0.736435011701649,
        -0.4936421173910277,
        -0.4625797489148326,
        -0.6681372367846453,
        -0.42349010114141017,
        -0.6117591907880551,
        0.10609238874513757,
        0.7595879083622286,
        -0.641693585279551
      ],
      "cam_t_m2c": [
        -113.87149402889402,
        -1.5143039322955376,
        778.804996830996
      ],
      "obj_id": 28
    }
  ],
  "177": [
    {
      "cam_R_m2c": [
        0.8812154161760848,
        -0.34369196388364914,
        0.32455424573544017,
        -0.3089134448690626,
        -0.9383805725103941,
        -0.15496432069716987,
        0.3578154227771537,
        0.036297484082047554,
        -0.9330862433874825
      ],
      "cam_t_m2c": [
        31.041104339668426,
        -94.73206594788078,
        818.4016032967264
      ],
      "obj_id": 5
    },
    {
      "cam_R_m2c": [
        0.7928156478615784,
        0.0818719105840363,
        0.6039373511049133,
        -0.4846122159732191,
        0.6856041990889179,
        0.5432288252774713,
        -0.3695872082186685,
        -0.7233555682674627,
        0.5832336247979931
      ],
      "cam_t_m2c": [
        27.668382871742875,
        24.67972137349888,
        745.4713209300364
      ],
      "obj_id": 8
    },
    {
      "cam_R_m2c": [
        -0.892451035833359,
        0.4412588434326263,
        0.0939257362430156,
        0.44526623191172127,
        0.8950202751533277,
        0.02600321166076321,
        -0.07259132300446117,
        0.06502872835584234,
        -0.9952392304202707
      ],
      "cam_t_m2c": [
        39.27359440914975,
        -15.711295493775793,
        692.95083807882
      ],
      "obj_id": 26
    },
    {
      "cam_R_m2c": [
        0.9788355526793581,
        -0.06453635166364799,
        0.19420575153919128,
        -0.0049288464637720795,
        -0.9561328727720457,
        -0.29289154422366354,
        0.20458898321827823,
        0.285735469587735,
        -0.9362147222215509
      ],
      "cam_t_m2c": [
        -102.64890115584527,
        -39.989256903849764,
        790.9330589486583
      ],
      "obj_id": 28
    }
  ],
  "185": [
    {
      "cam_R_m2c": [
        0.8330359674910763,
        -0.13619194197184092,
        0.5361923534685021,
        0.3909554803011251,
        -0.5408173676807231,
        -0.7447622858790484,
        0.3914125451660525,
        0.8300405092058109,
        -0.3972757704737775
      ],
      "cam_t_m2c": [
        87.84364343515526,
        -44.67304851238295,
        798.98671811357
      ],
      "obj_id": 5
    },
    {
      "cam_R_m2c": [
        0.7717130598019742,
        -0.35649678294584003,
        0.5266579790072998,
        -0.2192141903513571,
        0.628255425193934,
        0.7464854495888709,
        -0.5969949894587234,
        -0.6915229861925963,
        0.40668413903843065
      ],
      "cam_t_m2c": [
        -18.606277727920208,
        32.82801951081521,
        749.2639753298128
      ],
      "obj_id": 8
    },
    {
      "cam_R_m2c": [
        -0.8724653146831725,
        0.048221349645436805,
        -0.48629069784670315,
        0.3791251218774674,
        0.6946640237632139,
        -0.6113148386598873,
        0.30832991797817944,
        -0.7177154574690633,
        -0.6243529974408807
      ],
      "cam_t_m2c": [
        21.225787176599443,
        3.56484071015126,
        675.7034073954371
      ],
      "obj_id": 26
    },
    {
      "cam_R_m2c": [
        -0.2526309961687949,
        0.9587010157977534,
        -0.13064774050976793,
        0.8801770980428963,
        0.17163334136481226,
        -0.44252672793541753,
        -0.4018268060754617,
        -0.2267889716934774,
        -0.8871879187375555
      ],
      "cam_t_m2c": [
        -48.209292767295466,
        -97.05966745576953,
        841.0803164420229
      ],
      "obj_id": 28
    }
  ],
  "193": [
    {
      "cam_R_m2c": [
        0.9413467954297587,
        0.220828876538531,
        -0.2551488762543749,
        0.2187299696161442,
        -0.9750862494936099,
        -0.036942320227901795,
        -0.2569503198684314,
        -0.021033187417527223,
        -0.9661958801320768
      ],
      "cam_t_m2c": [
        64.62246942985198,
        0.9210826528032889,
        760.0914017716711
      ],
      "obj_id": 5
    },
    {
      "cam_R_m2c": [
        0.1772030321783387,
        -0.8432863099058443,
        0.5074129808686413,
        0.8636127379434326,
        0.38049284085751156,
        0.330754110425497,
        -0.471987315212318,
        0.37959787895833413,
        0.7956971408912562
      ],
      "cam_t_m2c": [
        -53.42975234965904,
        16.760746479299353,
        733.9062228110156
      ],
      "obj_id": 8
    },
    {
      "cam_R_m2c": [
        0.15838315257227206,
        -0.9816310304744705,
        -0.106378773118176,
        -0.8713150536420496,
        -0.08827192824718338,
        -0.4827191337599518,
        0.46446178763325546,
        0.16914409107642234,
        -0.8692904907991362
      ],
      "cam_t_m2c": [
        -36.162603541800934,
        -14.773353656531349,
        674.4654140257346
      ],
      "obj_id": 26
    },
    {
      "cam_R_m2c": [
        -0.7886244692547916,
        0.5632271915558823,
        0.24667328487647247,
        0.2977624385742581,
        0.7008205807758745,
        -0.64821884711291,
        -0.5379681433010043,
        -0.4377509873497416,
        -0.7203921013154923
      ],
      "cam_t_m2c": [
        9.949895181625436,
        -87.31312094889488,
        829.9234171407182
      ],
      "obj_id": 28
    }
  ],
  "204": [
    {
      "cam_R_m2c": [
        -0.4433543622949091,
        0.8902046933367845,
        -0.10475282365176972,
        0.4519485796433933,
        0.12108958060635737,
        -0.883787411271601,
        -0.7740665090267436,
        -0.43917391976726644,
        -0.4560129760190861
      ],
      "cam_t_m2c": [
        13.097376191968205,
        56.31833807043756,
        725.5202490622517
      ],
      "obj_id": 5
    },
    {
      "cam_R_m2c": [
        -0.031051664244093585,
        -0.9923388022530667,
        -0.11958290292555647,
        0.32452528514446205,
        -0.12316781383938141,
        0.9378239101421947,
        -0.9453671599432936,
        -0.009687096717596941,
        0.3258641034659653
      ],
      "cam_t_m2c": [
        -53.08453130102476,
        -25.866909849444834,
        791.1957396236353
      ],
      "obj_id": 8
    },
    {
      "cam_R_m2c": [
        0.2068837606974616,
        -0.9753278599018025,
        -0.07704083136036295,
        -0.9780402725730143,
        -0.20820250758767475,
        0.009417160944679877,
        -0.025224534142936704,
        0.07340111928638224,
        -0.9969840540680709
      ],
      "cam_t_m2c": [
        -54.491160957834225,
        -25.05352992551752,
        707.6761853551595
      ],
      "obj_id": 26
    },
    {
      "cam_R_m2c": [
        -0.8500273250003159,
        -0.16470389257945503,
        0.5003267437858692,
        -0.41163114251298905,
        0.8003640847191235,
        -0.43586353290973084,
        -0.32865501655556995,
        -0.5764456418419507,
        -0.7481292046264718
      ],
      "cam_t_m2c": [
        103.32856019451123,
        -38.80878368992682,
        781.6985554216749
      ],
      "obj_id": 28
    }
  ],
  "215": [
    {
      "cam_R_m2c": [
        -0.21783363642503734,
        0.9443763906876433,
        -0.24637734936261166,
        0.7973090392434107,
        0.026598053287778162,
        -0.6029854799571782,
        -0.5628920342112713,
        -0.32778919690345937,
        -0.7587539119838955
      ],
      "cam_t_m2c": [
        -52.00291654466916,
        52.40802437192805,
        707.5894188427471
      ],
      "obj_id": 5
    },
    {
      "cam_R_m2c": [
        -0.658651988914179,
        -0.7341496521944286,
        -0.1649302027219606,
        0.4197329208476803,
        -0.5403964893661414,
        0.7292437506163961,
        -0.6245017417438576,
        0.4110911608697051,
        0.6640800896133935
      ],
      "cam_t_m2c": [
        -35.34204567036496,
        -60.49426720813486,
        802.4420829063546
      ],
      "obj_id": 8
    },
    {
      "cam_R_m2c": [
        0.7955766639178589,
        -0.012928077103772256,
        -0.6057154919070383,
        -0.3225321783074016,
        -0.8553630689993876,
        -0.4053729737683342,
        -0.5128658410734004,
        0.5178676506851269,
        -0.6846767713826954
      ],
      "cam_t_m2c": [
        -42.65979777630717,
        -84.0800035585968,
        751.8976592368962
      ],
      "obj_id": 26
    },
    {
      "cam_R_m2c": [
        -0.8943121784279886,
        -0.10732111644086564,
        -0.434382415240177,
        0.16009183810581104,
        0.8297952860427599,
        -0.5346129722619019,
        0.4178234258441157,
        -0.547651813461536,
        -0.7249149422438508
      ],
      "cam_t_m2c": [
        72.52013662248824,
        56.11674097950906,
        727.3666001826455
      ],
      "obj_id": 28
    }
  ],
  "222": [
    {
      "cam_R_m2c": [
        -0.8693705299753794,
        0.2950686197883347,
        -0.3963955419504872,
        0.4122354987652355,
        0.8753931434838388,
        -0.25248746931014915,
        0.27250054113527794,
        -0.3829132192745949,
        -0.8826783428271854
      ],
      "cam_t_m2c": [
        -77.41760907922747,
        -3.7072640305542643,
        751.8519189146183
      ],
      "obj_id": 5
    },
    {
      "cam_R_m2c": [
        -0.897322619595402,
        0.43132381246626433,
        -0.0936570926721241,
        -0.10694313908845463,
        -0.00659502642628992,
        0.9942434927409329,
        0.42822345572355197,
        0.9021735880866221,
        0.052044499106145475
      ],
      "cam_t_m2c": [
        16.731848578250354,
        -52.837950990723115,
        792.6967193976118
      ],
      "obj_id": 8
    },
    {
      "cam_R_m2c": [
        0.588315675665641,
        0.5207744919206976,
        0.6186103660459694,
        0.8086129837880591,
        -0.37371755802528467,
        -0.4544019447674212,
        -0.005455679938921781,
        0.7675480672591668,
        -0.6409684019864529
      ],
      "cam_t_m2c": [
        -24.334031454180536,
        -95.69752198624235,
        783.3673965460498
      ],
      "obj_id": 26
    },
    {
      "cam_R_m2c": [
        -0.3059510172628765,
        -0.7329405677157812,
        0.6076117698639181,
        -0.6069390656849131,
        -0.34155067104728215,
        -0.7176133197147467,
        0.7334984866328209,
        -0.5883376297066698,
        -0.3403519725575682
      ],
      "cam_t_m2c": [
        15.924247234623843,
        55.00515066922609,
        717.8961338665797
      ],
      "obj_id": 28
    }
  ],
  "230": [
    {
      "cam_R_m2c": [
        -0.41386813747047485,
        -0.8606537047296761,
        -0.2966285823635034,
        -0.09808693876351489,
        0.3661082982435922,
        -0.9253883210797597,
        0.9050366649770789,
        -0.35389314197834715,
        -0.2359391263132116
      ],
      "cam_t_m2c": [
        -102.64662849612711,
        -35.452349920269825,
        786.5564882919404
      ],
      "obj_id": 5
    },
    {
      "cam_R_m2c": [
        -0.8745674648614631,
        0.48482832938883724,
        -0.008512255190096404,
        -0.2776376728859322,
        -0.48627608182247656,
        0.8285246793186115,
        0.39755281897338207,
        0.7269646335939299,
        0.5598872414703578
      ],
      "cam_t_m2c": [
        39.792399991498456,
        -54.314243004673656,
        782.7428530555047
      ],
      "obj_id": 8
    },
    {
      "cam_R_m2c": [
        -0.06163489753251636,
        0.8918370928535415,
        -0.4481379639550927,
        0.39125750856546737,
        -0.39146810069783405,
        -0.8328687959156081,
        -0.9182145014506155,
        -0.22667123012799625,
        -0.32480958428517637
      ],
      "cam_t_m2c": [
        18.190133514303,
        -115.43000383500936,
        758.1932415449949
      ],
      "obj_id": 26
    },
    {
      "cam_R_m2c": [
        0.8983087862572335,
        -0.43555761164568235,
        -0.05771814879641049,
        -0.3589855613555575,
        -0.6518651903035146,
        -0.6679824685010549,
        0.2533197102069024,
        0.6207743839804976,
        -0.7419348819579737
      ],
      "cam_t_m2c": [
        -42.19985067686208,
        42.60267562689526,
        696.4712976873258
      ],
      "obj_id": 28
    }
  ],
  "238": [
    {
      "cam_R_m2c": [
        0.17157345048269446,
        -0.8484321256447883,
        0.500724419576521,
        -0.45743375381261364,
        -0.5187591210200715,
        -0.7222490690805146,
        0.8725348852893688,
        -0.10512931268412772,
        -0.4771073184235765
      ],
      "cam_t_m2c": [
        -48.658561811753856,
        -84.2710247957961,
        842.9120142638885
      ],
      "obj_id": 5
    },
    {
      "cam_R_m2c": [
        0.3727698088438119,
        0.706620002809447,
        -0.6014403927492477,
        -0.21015064303870226,
        0.6956052819520105,
        0.6870009618553022,
        0.9038136697393542,
        -0.12970033569065298,
        0.4077979644083431
      ],
      "cam_t_m2c": [
        34.35671890254967,
        -27.17581315884493,
        761.3898359849967
      ],
      "obj_id": 8
    },
    {
      "cam_R_m2c": [
        0.06649431105956881,
        0.8624775313123794,
        0.5017085739663554,
        0.8252747170949352,
        0.23506996339739258,
        -0.5134813148484986,
        -0.5608029308092055,
        0.44819116124043035,
        -0.696150487718965
      ],
      "cam_t_m2c": [
        38.15837210382422,
        -83.94556983384197,
        761.4104112852195
      ],
      "obj_id": 26
    },
    {
      "cam_R_m2c": [
        0.5507325738918534,
        -0.6634586596119486,
        -0.5064749224531498,
        -0.7590260151622467,
        -0.14564832083538887,
        -0.6345591007263401,
        0.34723648599178947,
        0.7339002698632937,
        -0.5837961596762213
      ],
      "cam_t_m2c": [
        -115.87949136251353,
        0.0682752120509349,
        741.3018715410235
      ],
      "obj_id": 28
    }
  ],
  "245": [
    {
      "cam_R_m2c": [
        0.28661422693068456,
        -0.9217767729127062,
        0.2611125223789321,
        -0.0008166579055045247,
        -0.2727823762626815,
        -0.9620752358204754,
        0.9580456445742597,
        0.27553071806997226,
        -0.07893637237407304
      ],
      "cam_t_m2c": [
        5.206838214766803,
        -71.34028408674143,
        828.0748836240267
      ],
      "obj_id": 5
    },
    {
      "cam_R_m2c": [
        0.28910745503787977,
        0.9341519029685315,
        0.20922892222890335,
        -0.5860928968622721,
        -8.852881824336926e-05,
        0.8102434124435933,
        0.7569097096859831,
        -0.3568746778535404,
        0.5474745088320112
      ],
      "cam_t_m2c": [
        30.292205868624073,
        -6.865590682951443,
        753.1750512116292
      ],
      "obj_id": 8
    },
    {
      "cam_R_m2c": [
        -0.8390704522320648,
        0.424178760808713,
        -0.34063719721127866,
        0.3642099089025598,
        -0.027131404122307676,
        -0.930921191807265,
        -0.4041191011287327,
        -0.9051715832776673,
        -0.13172507022535793
      ],
      "cam_t_m2c": [
        51.17773924104087,
        -43.57151924793995,
        720.4744056169483
      ],
      "obj_id": 26
    },
    {
      "cam_R_m2c": [
        0.8692523718919712,
        -0.47966468348368074,
        0.11967279207494527,
        -0.16194062928829311,
        -0.5049892404696791,
        -0.8477973296657046,
        0.46709271887796894,
        0.7175703802013125,
        -0.5166406587313638
      ],
      "cam_t_m2c": [
        -98.46946310349077,
        -21.483832469948254,
        788.3239966546694
      ],
      "obj_id": 28
    }
  ],
  "25": [
    {
      "cam_R_m2c": [
        0.4295140221951184,
        -0.7645717731388092,
        0.4805703436636785,
        -0.6727061876281045,
        -0.6259185153909457,
        -0.3945782346020684,
        0.6024810584942617,
        -0.15380614058272546,
        -0.7831731710480829
      ],
      "cam_t_m2c": [
        -24.31447952701272,
        -95.07151882236977,
        787.3053508190109
      ],
      "obj_id": 5
    },
    {
      "cam_R_m2c": [
        0.00014215677622433933,
        0.9996515140171384,
        -0.02639304013084076,
        -0.8068923871577333,
        0.015704559294082855,
        0.5904894820810013,
        0.5906983388359227,
        0.021212813216332584,
        0.806613680913979
      ],
      "cam_t_m2c": [
        42.029961694503754,
        15.718867292730376,
        751.8764544432714
      ],
      "obj_id": 8
    },
    {
      "cam_R_m2c": [
        -0.5701525643740889,
        0.8188044763831412,
        -0.06697513285906749,
        0.48483772750786847,
        0.26954664720785304,
        -0.8320316935948653,
        -0.6632181483263002,
        -0.5068565994208116,
        -0.5506701796106189
      ],
      "cam_t_m2c": [
        44.011008465542275,
        -16.131881900478266,
        720.178403970372
      ],
      "obj_id": 26
    },
    {
      "cam_R_m2c": [
        0.8329727104408619,
        0.3929537319241009,
        0.3895432278992904,
        0.5133438659059707,
        -0.8115491207498966,
        -0.2790442016270098,
        0.20648228940683758,
        0.43240563321008585,
        -0.877718896581569
      ],
      "cam_t_m2c": [
        -118.75577532955158,
        7.383766092695652,
        754.024180746948
      ],
      "obj_id": 28
    }
  ],
  "252": [
    {
      "cam_R_m2c": [
        0.5851182958349282,
        -0.5716279089000978,
        -0.5752202602231022,
        -0.7249827068215329,
        -0.05089085498011687,
        -0.6868846158955564,
        0.36336893011031574,
        0.8189333881103716,
        -0.4441976377450924
      ],
      "cam_t_m2c": [
        41.44905599924961,
        -60.34665130580338,
        813.2254268548168
      ],
      "obj_id": 5
    },
    {
      "cam_R_m2c": [
        0.9538704921321469,
        0.2336439211184097,
        -0.18852564965219057,
        0.1643962727339999,
        0.1189453154292058,
        0.9791967014907242,
        0.2512076057541102,
        -0.9650195737833351,
        0.07504838887057422
      ],
      "cam_t_m2c": [
        -7.682861264065522,
        25.59503206046739,
        725.060762143983
      ],
      "obj_id": 8
    },
    {
      "cam_R_m2c": [
        -0.7808363192809353,
        0.5635996461514343,
        -0.2695371342440858,
        0.6194484246514851,
        0.6424487712058823,
        -0.4511579228097239,
        -0.08110861481879411,
        -0.5192448908876274,
        -0.850768256726202
      ],
      "cam_t_m2c": [
        36.78619080229184,
        -32.85113053031546,
        685.3822791443708
      ],
      "obj_id": 26
    },
    {
      "cam_R_m2c": [
        0.9114430948659665,
        0.3328144146267815,
        -0.24188066750686704,
        -0.11548145705650005,
        -0.3573265936323423,
        -0.9268128579622623,
        -0.3948870005753329,
        0.8726698036863437,
        -0.2872490795558722
      ],
      "cam_t_m2c": [
        -68.64299941627957,
        -62.661086558427435,
        839.6674859631635
      ],
      "obj_id": 28
    }
  ],
  "261": [
    {
      "cam_R_m2c": [
        0.8254803557525909,
        -0.14410772099374042,
        -0.5457239360081217,
        -0.4871676043895166,
        -0.6701814215953098,
        -0.5599324790036014,
        -0.2850433798915332,
        0.7280724763960059,
        -0.6234267043593216
      ],
      "cam_t_m2c": [
        82.52399108545778,
        -11.4030861702269,
        785.3064522400632
      ],
      "obj_id": 5
    },
    {
      "cam_R_m2c": [
        0.9708573971241848,
        -0.16799940519135348,
        -0.1709146682942042,
        0.23127900323723963,
        0.8436944060650734,
        0.4844474378300927,
        0.06281260545333787,
        -0.5098587771428903,
        0.857961951252415
      ],
      "cam_t_m2c": [
        -57.41738023067885,
        5.22646956079508,
        739.5641463519431
      ],
      "obj_id": 8
    },
    {
      "cam_R_m2c": [
        -0.8387214718824774,
        -0.25140836984158466,
        0.48305289071367613,
        -0.5358634158451345,
        0.22313172745434356,
        -0.8142861058130797,
        0.09693382410585145,
        -0.9418100069899021,
        -0.3218662668509567
      ],
      "cam_t_m2c": [
        -15.251032211169154,
        -40.646450445147366,
        680.3794754881442
      ],
      "obj_id": 26
    },
    {
      "cam_R_m2c": [
        0.3631469445634593,
        0.9042356009684965,
        0.2246822575532989,
        0.21519972212754404,
        0.15322428103074048,
        -0.9644744598498771,
        -0.906538983371318,
        0.3985978642798431,
        -0.138948733429567
      ],
      "cam_t_m2c": [
        -8.166072138407689,
        -102.07885592861568,
        858.8142054608102
      ],
      "obj_id": 28
    }
  ],
  "270": [
    {
      "cam_R_m2c": [
        0.6794983502414376,
        0.7172814358480161,
        -0.15423629469523725,
        -0.02892273483779749,
        -0.1838717641758021,
        -0.9825246117022493,
        -0.733106064474666,
        0.6720846922523563,
        -0.1041943024094319
      ],
      "cam_t_m2c": [
        50.06102151489604,
        29.998989468085227,
        732.3247647687697
      ],
      "obj_id": 5
    },
    {
      "cam_R_m2c": [
        0.3776370007737133,
        -0.7757550737798068,
        -0.5055626723465171,
        0.8367610933917351,
        0.05210218385072811,
        0.5450834594129108,
        -0.39650982903187865,
        -0.628879069466497,
        0.6687976625931858
      ],
      "cam_t_m2c": [
        -57.16082213681804,
        -5.313728905107187,
        769.8763617722788
      ],
      "obj_id": 8
    },
    {
      "cam_R_m2c": [
        0.1599981580721882,
        -0.9167734137678395,
        0.3659599285402592,
        -0.15123226227443007,
        -0.38912490613947054,
        -0.9086861923765027,
        0.9754631139002969,
        0.09004320776875444,
        -0.2009045403759249
      ],
      "cam_t_m2c": [
        -47.58969683514625,
        -44.62900558905041,
        684.0499515400239
      ],
      "obj_id": 26
    },
    {
      "cam_R_m2c": [
        -0.7819581879485773,
        0.5097619025114123,
        0.3587252090711551,
        -0.17712946271084756,
        0.3700514267145807,
        -0.911968793807268,
        -0.5976334462971572,
        -0.7766620314907741,
        -0.19907044822155875
      ],
      "cam_t_m2c": [
        62.2405381137137,
        -54.97482590914423,
        817.0863950104301
      ],
      "obj_id": 28
    }
  ],
  "286": [
    {
      "cam_R_m2c": [
        -0.8048892610614669,
        0.2770563749900173,
        -0.5247786069914129,
        0.5867541041980998,
        0.5037786757183379,
        -0.6339763805824625,
        0.08872586772572921,
        -0.8181973385993081,
        -0.568050444890903
      ],
      "cam_t_m2c": [
        -54.71977075784295,
        45.1369359763894,
        709.9015197038686
      ],
      "obj_id": 5
    },
    {
      "cam_R_m2c": [
        -0.9218683360183763,
        0.3653461975772142,
        0.12915285954187158,
        -0.017342772841689832,
        -0.3718608924589387,
        0.9281263242374527,
        0.3871152604439146,
        0.8533702947797052,
        0.3491432581267818
      ],
      "cam_t_m2c": [
        -31.7491148013248,
        -45.43166319874564,
        806.0218532502928
      ],
      "obj_id": 8
    },
    {
      "cam_R_m2c": [
        0.8926937734372435,
        -0.2841312121296582,
        -0.34981056217237255,
        -0.38190046376574843,
        -0.0648286342102748,
        -0.9219270856294399,
        0.23926992755089405,
        0.9565907852605875,
        -0.16638198462723014
      ],
      "cam_t_m2c": [
        -42.5257406688118,
        -90.55031437739993,
        765.8435534058949
      ],
      "obj_id": 26
    },
    {
      "cam_R_m2c": [
        -0.5926631192325889,
        -0.7992639422932465,
        -0.09963708013094039,
        -0.042691486026308345,
        0.15470189486875968,
        -0.9870383621917413,
        0.8043184875923219,
        -0.5807267524258957,
        -0.125808065154286
      ],
      "cam_t_m2c": [
        90.29321941519895,
        26.83922685937521,
