{
    "3": [
        {
            "cam_R_m2c": [
                -0.9176094306712687,
                -0.05199625313193255,
                -0.39406803924729666,
                -0.38063405053590804,
                0.40054070628102373,
                0.8334777956366609,
                0.1145031206766692,
                0.9148024601502365,
                -0.3873315251737163
            ],
            "cam_t_m2c": [
                -77.12971062202999,
                -59.122284811203116,
                799.9955455757539
            ],
            "obj_id": 1
        },
        {
            "cam_R_m2c": [
                0.8160747748288301,
                0.26199725896349385,
                0.5151503173992137,
                -0.26901595762242386,
                -0.6167003130056342,
                0.7398050958007165,
                0.511519724814859,
                -0.7423195353984253,
                -0.4327924128793615
            ],
            "cam_t_m2c": [
                -37.518773239844464,
                43.95260738187295,
                747.8515001347963
            ],
            "obj_id": 1
        },
        {
            "cam_R_m2c": [
                -0.9203959337047091,
                -0.3466099716100775,
                0.18092260114546382,
                -0.37228740817968725,
                0.6355076862497024,
                -0.6764115974725089,
                0.11947296852726372,
                -0.6899217740099652,
                -0.7139568158520632
            ],
            "cam_t_m2c": [
                7.554021365348351,
                54.31977956935262,
                734.5178489333695
            ],
            "obj_id": 1
        },
        {
            "cam_R_m2c": [
                -0.9852712921878639,
                -0.09842081724097836,
                0.1398367448867825,
                0.019395575013297858,
                0.7481589449432349,
                0.66323604065152,
                -0.16989646491663116,
                0.6561792996417396,
                -0.7352307642280892
            ],
            "cam_t_m2c": [
                65.35671517638448,
                -20.480345025407296,
                767.5453734105841
            ],
            "obj_id": 1
        },
        {
            "cam_R_m2c": [
                -0.2039307411682231,
                0.4256626318718936,
                -0.8816032043216115,
                0.9735028011930243,
                -0.00700110469287883,
                -0.22856920131086372,
                -0.10346535888123753,
                -0.9048546493908466,
                -0.41295596904405835
            ],
            "cam_t_m2c": [
                -57.453296839927795,
                7.399059805676121,
                760.8630281010625
            ],
            "obj_id": 1
        },
        {
            "cam_R_m2c": [
                0.47977257827106096,
                0.8450355941160865,
                -0.2360795234309815,
                -0.823269767838553,
                0.5266153821890874,
                0.21190528077391801,
                0.30339044743076665,
                0.09269033113183943,
                0.948347237529772
            ],
            "cam_t_m2c": [
                -117.0747386592535,
                12.89419718738985,
                741.3674535092898
            ],
            "obj_id": 1
        },
        {
            "cam_R_m2c": [
                -0.999986610818164,
                -0.0022039081012075927,
                -0.004716746592715573,
                0.005048992449323463,
                -0.189843622466331,
                -0.9818015894775634,
                0.0012679338089454102,
                -0.981811889879455,
                0.1898523824439763
            ],
            "cam_t_m2c": [
                -8.81248677605235,
                -26.348742864169907,
                784.3805598112008
            ],
            "obj_id": 1
        },
        {
            "cam_R_m2c": [
                -0.99995971032739,
                -0.008034730924067505,
                0.004034467580522353,
                -0.005566757308725859,
                0.9056657476275587,
                0.4239566149353013,
                -0.007060767061452159,
                0.42391684250335526,
                -0.9056735858149912
            ],
            "cam_t_m2c": [
                96.49855009035561,
                -4.904467787006897,
                756.005947610589
            ],
            "obj_id": 2
        },
        {
            "cam_R_m2c": [
                -0.06424468122928996,
                0.9969436677970458,
                0.04445549466682695,
                -0.9865287424748195,
                -0.0701632704928246,
                0.14777991967321302,
                0.15044713038962365,
                -0.034362139052407,
                0.988020595965088
            ],
            "cam_t_m2c": [
                66.87107162317373,
                17.882030420451475,
                760.3025959375194
            ],
            "obj_id": 2
        },
        {
            "cam_R_m2c": [
                0.1339522719960651,
                0.5594658525632566,
                -0.8179580088748111,
                0.6984189740688821,
                -0.6388623403449925,
                -0.3225926393570184,
                -0.7030421774117596,
                -0.5280648394981698,
                -0.47631857810468214
            ],
            "cam_t_m2c": [
                -57.899332865543194,
                48.587446748523874,
                744.3457978138756
            ],
            "obj_id": 2
        },
        {
            "cam_R_m2c": [
                -0.18234946342731298,
                0.9778591001765689,
                0.10266910044096987,
                -0.36188394692167913,
                0.030342514880355307,
                -0.9317293546066279,
                -0.9142147092446604,
                -0.2070543434349179,
                0.3483388067962835
            ],
            "cam_t_m2c": [
                18.00776248180464,
                42.52327174793767,
                751.2892165395964
            ],
            "obj_id": 2
        },
        {
            "cam_R_m2c": [
                0.761154866240298,
                0.595019730329575,
                0.25806063663981244,
                -0.6484050853404284,
                0.6891404866623992,
                0.32350702923006025,
                0.01465321576730584,
                -0.41356692756527375,
                0.910355695665815
            ],
            "cam_t_m2c": [
                -66.18607856767167,
                -26.914576007412307,
                775.8652760416289
            ],
            "obj_id": 2
        },
        {
            "cam_R_m2c": [
                -0.76626783228753,
                0.5908998775382466,
                0.252331936301613,
                0.5830485025057255,
                0.8044913828249012,
                -0.11335278562631708,
                -0.2699789877832115,
                0.06026329584746753,
                -0.9609783182529209
            ],
            "cam_t_m2c": [
                -17.71376901047166,
                1.77446202712723,
                745.7051663675988
            ],
            "obj_id": 3
        },
        {
            "cam_R_m2c": [
                -0.5184827987970057,
                0.8426058084897526,
                -0.14557386454217713,
                -0.7686472121235375,
                -0.5338552491858642,
                -0.3523923554942681,
                -0.37464256050599015,
                -0.0708144119808735,
                0.9244609829744849
            ],
            "cam_t_m2c": [
                -53.480439752215005,
                -59.005901871349,
                758.9414199886139
            ],
            "obj_id": 3
        },
        {
            "cam_R_m2c": [
                -0.3231362047072423,
                0.0409132908717599,
                0.9454677528380391,
                -0.18051751363284393,
                0.9780562280701883,
                -0.10401935207735365,
                -0.9289761618585624,
                -0.20428615164202596,
                -0.30865932251634587
            ],
            "cam_t_m2c": [
                -14.637680119338153,
                17.79986276157146,
                715.975277386889
            ],
            "obj_id": 4
        },
        {
            "cam_R_m2c": [
                -0.139642602722554,
                0.806570175248214,
                0.5744081806796905,
                -0.6373962926898411,
                -0.5171483551578758,
                0.571212676841703,
                0.7577773486864694,
                -0.2863595623274554,
                0.5863206814163693
            ],
            "cam_t_m2c": [
                -4.888660701245856,
                -31.183613288357712,
                763.0502378170409
            ],
            "obj_id": 4
        },
        {
            "cam_R_m2c": [
                -0.16468927275402437,
                -0.3491783211680354,
                -0.9224707703030017,
                -0.6656169940380852,
                0.7295257602643361,
                -0.1573110318175807,
                0.7278954133664448,
                0.5881042286218413,
                -0.3525643359282161
            ],
            "cam_t_m2c": [
                -95.1307408001775,
                -29.536895650395998,
                753.4103072282867
            ],
            "obj_id": 4
        },
        {
            "cam_R_m2c": [
                -0.7039406954556521,
                0.1228620449881295,
                -0.6995517885866308,
                0.5035719098830042,
                -0.6082461915417107,
                -0.6135571558847659,
                -0.5008822602367333,
                -0.7841820820441923,
                0.36629981128640066
            ],
            "cam_t_m2c": [
                47.591315886841265,
                59.73003892682482,
                756.5407895115493
            ],
            "obj_id": 4
        }
    ],
    "11": [
        {
            "cam_R_m2c": [
                -0.29281041378260037,
                0.131928731992072,
                -0.9470252901311205,
                -0.95067166004677,
                0.06589662505694273,
                0.3031174811910707,
                0.10239568055976132,
                0.9890669775529524,
                0.10612595212852786
            ],
            "cam_t_m2c": [
                -23.049878168635104,
                -91.89379489174436,
                778.8987999655665
            ],
            "obj_id": 1
        },
        {
            "cam_R_m2c": [
                0.19347966733056976,
                0.9797549079656913,
                -0.05144897655457354,
                0.632918992368541,
                -0.08457493399730774,
                0.769584188651245,
                0.7496527010706039,
                -0.18146213610135445,
                -0.6364686572607624
            ],
            "cam_t_m2c": [
                -47.653876366105926,
                32.22228979312632,
                735.8306797373411
            ],
            "obj_id": 1
        },
        {
            "cam_R_m2c": [
                -0.32365835116690356,
                -0.7669772720990569,
                0.554067957347421,
                -0.49074385184141367,
                -0.36459021930906244,
                -0.7913560210094543,
                0.8089600893090994,
                -0.5280339565719955,
                -0.2583871456024899
            ],
            "cam_t_m2c": [
                -21.91822218853726,
                69.40696511678408,
                746.3735687498092
            ],
            "obj_id": 1
        },
        {
            "cam_R_m2c": [
                -0.925754572644264,
                0.25472691458276053,
                -0.2794519849651879,
                0.01928616929227832,
                0.7698904646494447,
                0.6378841256016533,
                0.37763393347237567,
                0.5851349403732744,
                -0.7176418214492417
            ],
            "cam_t_m2c": [
                54.2782976058758,
                17.639273195346302,
                749.8402929559645
            ],
            "obj_id": 1
        },
        {
            "cam_R_m2c": [
                -0.8634371875448784,
                0.3386893407203931,
                0.37385179599388696,
                -0.40821078809192396,
                -0.03369338001084169,
                -0.9122657479195077,
                -0.29637823879020647,
                -0.9402951334524814,
                0.1673492315760698
            ],
            "cam_t_m2c": [
                -40.32519958453574,
                -8.746876891164142,
                769.4510465383642
            ],
            "obj_id": 1
        },
        {
            "cam_R_m2c": [
                0.3514442858183801,
                0.6330034064289294,
                -0.6897784148397662,
                -0.9257457776899606,
                0.344810909659349,
                -0.15524118872381554,
                0.13957545754347792,
                0.6931175598867235,
                0.7071822369487638
            ],
            "cam_t_m2c": [
                -87.92784597787403,
                -35.26837367777929,
                750.2850276601185
            ],
            "obj_id": 1
        },
        {
            "cam_R_m2c": [
                -0.08061294040834463,
                -0.13129094738699884,
                0.9880606778180279,
                -0.18527081492256153,
                -0.9720383668935646,
                -0.14427711369319565,
                0.9793759121369299,
                -0.194689540045367,
                0.054033948798052
            ],
            "cam_t_m2c": [
                -1.1511184942922537,
                -25.35639940053821,
                773.2050977618701
            ],
            "obj_id": 1
        },
        {
            "cam_R_m2c": [
                -0.4503578512478161,
                -0.8800763604815781,
                -0.15047650978403765,
                -0.8130859921858049,
                0.47388748250156565,
                -0.3381154521266492,
                0.3688767050346769,
                -0.02992251408269347,
                -0.9289967030439698
            ],
            "cam_t_m2c": [
                91.49076925714037,
                56.44033453162253,
                735.2590777018331
            ],
            "obj_id": 2
        },
        {
            "cam_R_m2c": [
                -0.01999244313617111,
                0.9827359653693439,
                -0.1839325206464157,
                -0.3214458668822059,
                0.16788382632056273,
                0.9319265562841563,
                0.9467166905133172,
                0.0777553619218833,
                0.31254041827366097
            ],
            "cam_t_m2c": [
                51.452750695536494,
                59.29672996983378,
                729.91593240837
            ],
            "obj_id": 2
        },
        {
            "cam_R_m2c": [
                -0.9284746422062317,
                -0.13306972170526454,
                -0.34673830231893116,
                0.2847085260698469,
                0.3444816335008086,
                -0.8945800276696011,
                0.23848628288561755,
                -0.929314535224452,
                -0.28195553698420084
            ],
            "cam_t_m2c": [
                -97.24111010547225,
                20.529271960507465,
                763.3994498235808
            ],
            "obj_id": 2
        },
        {
            "cam_R_m2c": [
                -0.5025477502884445,
                0.529236218939057,
                0.6836339025475463,
                -0.22448887420141786,
                0.6837363082367716,
                -0.6943404202856522,
                -0.8348953926868732,
                -0.502408107012067,
                -0.2248027882467783
            ],
            "cam_t_m2c": [
                -16.012253021094097,
                28.960840627688107,
                758.8357852141587
            ],
            "obj_id": 2
        },
        {
            "cam_R_m2c": [
                0.6417760727238141,
                0.7662121990176316,
                -0.03229499334479328,
                -0.7287046049076737,
                0.5961549403437941,
                -0.3370289130426029,
                -0.2389825185280686,
                0.23982988289188853,
                0.9409405009601376
            ],
            "cam_t_m2c": [
                -11.214012656791095,
                -47.53330801806229,
                759.8442149000932
            ],
            "obj_id": 2
        },
        {
            "cam_R_m2c": [
                -0.765989054301968,
                0.004327916761283592,
                0.6428388435952499,
                -0.1728363826879704,
                0.961771871381423,
                -0.2124208984825857,
                -0.6191834079275689,
                -0.273818296727996,
                -0.7359590966129259
            ],
            "cam_t_m2c": [
                -6.339918259563291,
                -25.62003486438358,
                738.8340685805155
            ],
            "obj_id": 3
        },
        {
            "cam_R_m2c": [
                0.9552781687908993,
                0.24383876272117708,
                0.16729087994283964,
                -0.26295171651534294,
                0.9592582829232105,
                0.10334418171734115,
                -0.13527635140154068,
                -0.14271210292218856,
                0.9804763211613878
            ],
            "cam_t_m2c": [
                15.013352840238868,
                -64.48900850299881,
                770.200864789772
            ],
            "obj_id": 3
        },
        {
            "cam_R_m2c": [
                -0.8539103888820303,
                -0.5134622071801943,
                0.08481371878734381,
                -0.4768915624339473,
                0.8372737103235054,
                0.2674827690761363,
                -0.20835451065669705,
                0.18795874856022363,
                -0.9598231965911352
            ],
            "cam_t_m2c": [
                -17.198323683303617,
                1.6281148176295943,
                738.4727383379559
            ],
            "obj_id": 4
        },
        {
            "cam_R_m2c": [
                0.8714775712174532,
                0.29333858886974207,
                0.39303879440034656,
                -0.489344645254168,
                0.4666794424350478,
                0.7367172318195644,
                0.032684870175052234,
                -0.8343641477299961,
                0.5502436763218517
            ],
            "cam_t_m2c": [
                22.7747378445744,
                -0.06663135048115087,
                750.3773754633438
            ],
            "obj_id": 4
        },
        {
            "cam_R_m2c": [
                0.08675617491258221,
                -0.8140352615176024,
                -0.5743003342853692,
                0.12041567174982633,
                0.5808149413546007,
                -0.8050797410499848,
                0.9889254158443451,
                0.0006912324142242997,
                0.14841179750630462
            ],
            "cam_t_m2c": [
                -66.08828780914813,
                -60.1186008417984,
                777.885093321878
            ],
            "obj_id": 4
        },
        {
            "cam_R_m2c": [
                -0.14739489013502904,
                0.9553547990193566,
                0.25607141054174265,
                0.21363578616818213,
                0.2835394620052059,
                -0.9348607746158303,
                -0.9657300766977451,
                -0.08308776636770114,
                -0.24589011138789588
            ],
            "cam_t_m2c": [
                1.7431057296230374,
                102.05444095251212,
                724.5355703506151
            ],
            "obj_id": 4
        }
    ],
    "17": [
        {
            "cam_R_m2c": [
                0.6980716653814121,
                -0.4002642206400845,
                -0.5937037655761593,
                -0.632070485252599,
                -0.7340544401816682,
                -0.24829714017409277,
                -0.3364262615679822,
                0.5485922943513608,
                -0.7654174696629429
            ],
            "cam_t_m2c": [
                23.62889019754592,
                -73.89098462773859,
                781.6713248706226
            ],
            "obj_id": 1
        },
        {
            "cam_R_m2c": [
                0.04684166105666105,
                -0.19199194150795884,
                -0.9802779311897449,
                0.6432164052186509,
                0.756622600404862,
                -0.11745205632398613,
                0.7642501475039776,
                -0.6250296616406557,
                0.15893352241830175
            ],
            "cam_t_m2c": [
                -69.73956639579453,
                -16.364243251224266,
                754.7701979871736
            ],
            "obj_id": 1
        },
        {
            "cam_R_m2c": [
                0.537723064076883,
                -0.8346041634505116,
                0.11953871350090865,
                -0.7893313508921521,
                -0.5481622840172988,
                -0.27654045812275413,
                0.2963288350824729,
                0.0543465186192596,
                -0.9535384905992642
            ],
            "cam_t_m2c": [
                -55.68416450649134,
                53.89153766638642,
                736.7785076058889
            ],
            "obj_id": 1
        },
        {
            "cam_R_m2c": [
                -0.7568303157766897,
                0.26336128953299065,
                -0.5982044682286077,
                -0.481171166839789,
                0.394924538116558,
                0.782629392495356,
                0.442360572125502,
                0.8801564594491192,
                -0.17216907040278864
            ],
            "cam_t_m2c": [
                30.84838941083348,
                41.28187855555399,
                759.10929498343
            ],
            "obj_id": 1
        },
        {
            "cam_R_m2c": [
                -0.8954936561099016,
                -0.31243310815843456,
                0.31698044692590666,
                -0.341541896355075,
                0.02573786484867219,
                -0.9395141300386839,
                0.2853765921679593,
                -0.949591270354425,
                -0.1297565734130726
            ],
            "cam_t_m2c": [
                -56.115740414315184,
                -31.1549231834462,
                778.1280546770223
            ],
            "obj_id": 1
        },
        {
            "cam_R_m2c": [
                0.9476963735370022,
                0.023437637024959632,
                -0.31831091931489025,
                -0.2589136633966565,
                0.6396413212804334,
                -0.7237564308693497,
                0.18664186923761417,
                0.7683160278365432,
                0.6122542165715873
            ],
            "cam_t_m2c": [
                -51.507911292435665,
                -91.09564989656816,
                769.1433996714303
            ],
            "obj_id": 1
        },
        {
            "cam_R_m2c": [
                0.5963544245333872,
                -0.008338920814869137,
                0.8026779120855372,
                -0.5184815561698363,
                -0.767378374188342,
                0.37723631758502835,
                0.6128125163973807,
                -0.6411401378147249,
                -0.4619528549358017
            ],
            "cam_t_m2c": [
                25.02995212012646,
                -10.75611971563124,
                786.8868890637975
            ],
            "obj_id": 1
        },
        {
            "cam_R_m2c": [
                -0.14602445118082652,
                -0.9892540661547442,
                0.0072682513283945805,
                -0.32700686132542683,
                0.04133319844174113,
                -0.9441174710853125,
                0.9336724335360919,
                -0.14024104562317447,
                -0.32952863662143866
            ],
            "cam_t_m2c": [
                48.08967746409266,
                76.06614536945987,
                719.2911610722539
            ],
            "obj_id": 2
        },
        {
            "cam_R_m2c": [
                0.45919383825825016,
                0.5798783212280594,
                -0.6729649694618267,
                -0.08832155036707053,
                0.7836053230782156,
                0.6149487791569628,
                0.8839346439433264,
                -0.22294407322933657,
                0.41104255686971136
            ],
            "cam_t_m2c": [
                -9.704578618690103,
                73.7610787100863,
                721.2940571698437
            ],
            "obj_id": 2
        },
        {
            "cam_R_m2c": [
                -0.9437074286169189,
                -0.283809652694277,
                0.1699060312612064,
                0.01611618114034506,
                -0.5524912659747031,
                -0.8333627323624957,
                0.33038776434498146,
                -0.7837129418263071,
                0.5259645311324349
            ],
            "cam_t_m2c": [
                -89.54927384913762,
                -40.6285795191961,
                770.4267721308597
            ],
            "obj_id": 2
        },
        {
            "cam_R_m2c": [
                -0.18862386697926284,
                0.21498425772246782,
                0.958228940645242,
                -0.854924378055774,
                0.44419461538653693,
                -0.26794623009924556,
                -0.48324445018354123,
                -0.8697548848753796,
                0.10000908536003349
            ],
            "cam_t_m2c": [
                -36.09179259306964,
                31.852951466940425,
                753.739291214514
            ],
            "obj_id": 2
        },
        {
            "cam_R_m2c": [
                0.8690770943559211,
                -0.08930149409509261,
                0.4865491259095373,
                -0.21283389499641073,
                0.8203774198056213,
                0.5307376336270916,
                -0.4465492586915466,
                -0.564806570168544,
                0.6939653244180118
            ],
            "cam_t_m2c": [
                9.072400712895725,
                -35.19146117030773,
                775.7835611093233
            ],
            "obj_id": 2
        },
        {
            "cam_R_m2c": [
                -0.845000750136475,
                0.45287210385574433,
                0.2843947546355413,
                0.46161509384515553,
                0.8861953098598815,
                -0.03961936097932789,
                -0.2699717576083977,
                0.0978020306063303,
                -0.9578883474621215
            ],
            "cam_t_m2c": [
                4.157782197234036,
                -34.15894382693807,
                747.7103061237681
            ],
            "obj_id": 3
        },
        {
            "cam_R_m2c": [
                0.45286280224490905,
                0.628381398180908,
                0.6324964569354908,
                -0.3522502803713041,
                0.7777982085095329,
                -0.5205286233179557,
                -0.8190450489889648,
                0.012930495028632517,
                0.573583622526479
            ],
            "cam_t_m2c": [
                59.21676297755597,
                -69.62128641740227,
                773.7773403293647
            ],
            "obj_id": 3
        },
        {
            "cam_R_m2c": [
                -0.22540952814856266,
                -0.9674198516851382,
                0.11527845281553507,
                -0.9502315017287133,
                0.24442379265249506,
                0.19317566079764656,
                -0.21505885145109074,
                -0.06599807124735063,
                -0.9743688447766053
            ],
            "cam_t_m2c": [
                -38.00952463242673,
                16.31641137227351,
                733.7858089360403
            ],
            "obj_id": 4
        },
        {
            "cam_R_m2c": [
                0.8903919619062834,
                -0.1193494475896314,
                -0.43926959626359036,
                0.40708849121611934,
                -0.2229948214981876,
                0.8857494336632894,
                -0.20366812987209293,
                -0.9674862000321246,
                -0.14996744458263675
            ],
            "cam_t_m2c": [
                33.46335751308471,
                17.526693979853146,
                751.4718007895948
            ],
            "obj_id": 4
        },
        {
            "cam_R_m2c": [
                0.6867174970411556,
                -0.5284069453359499,
                -0.49920437488799463,
                -0.2832346729022483,
                0.43796379397783036,
                -0.8532091982566151,
                0.6694751040395439,
                0.7273057737234291,
                0.1510948080237858
            ],
            "cam_t_m2c": [
                -22.737387154750976,
                -81.09625247399,
                783.3948101180104
            ],
            "obj_id": 4
        },
        {
            "cam_R_m2c": [
                -0.9715600628600718,
                0.11106673379050902,
                0.20912894299927134,
                -0.1266178019579855,
                0.5026309780161069,
                -0.8551785784297077,
                -0.20009684650415763,
                -0.8573370611185652,
                -0.4742726504070824
            ],
            "cam_t_m2c": [
                -31.923173688347745,
                83.02659901150797,
                740.7974947123475
            ],
            "obj_id": 4
        }
    ],
    "21": [
        {
            "cam_R_m2c": [
                -0.02800302272190787,
                0.4587776184915066,
                -0.8881100923846964,
                -0.8167170293895739,
                -0.5227718088115489,
                -0.24429984801754714,
                -0.5763586156468194,
                0.7184931871229229,
                0.3893310736224728
            ],
            "cam_t_m2c": [
                55.56397275684021,
                -48.183095502461114,
                788.0205228990258
            ],
            "obj_id": 1
        },
        {
            "cam_R_m2c": [
                -0.2474962838226496,
                -0.07789209079624439,
                -0.9657532558742546,
                0.9672941939149939,
                0.03729746889819946,
                -0.2508997966832597,
                0.05556355407280076,
                -0.9962636826219865,
                0.06611383258720584
            ],
            "cam_t_m2c": [
                -64.59417226007976,
                -16.794114464911075,
                772.628846660702
            ],
            "obj_id": 1
        },
        {
            "cam_R_m2c": [
                0.7883990563695327,
                -0.5928712981043631,
                0.16410763122944652,
                -0.5651994282698017,
                -0.8034268680402622,
                -0.18722817190041177,
                0.24285054586070812,
                0.054857408178865245,
                -0.9685114758239468
            ],
            "cam_t_m2c": [
                -72.34143887510032,
                38.26465622088662,
                746.090847312711
            ],
            "obj_id": 1
        },
        {
            "cam_R_m2c": [
                0.2886633641904992,
                0.31066831054536537,
                -0.9056265908557283,
                -0.9571264005927287,
                0.11746851699379843,
                -0.264782147253485,
                0.02412328170860008,
                0.9432318551168601,
                0.33125815746889
            ],
            "cam_t_m2c": [
                13.859462363963885,
                61.94956199432072,
                764.3812059058902
            ],
            "obj_id": 1
        },
        {
            "cam_R_m2c": [
                -0.3810858437320976,
                -0.09520622544772954,
                0.919624813825313,
                -0.9202277024902084,
                0.13501830203405873,
                -0.36735673407785685,
                -0.08919130370414599,
                -0.9862585246087175,
                -0.13906522218280695
            ],
            "cam_t_m2c": [
                -28.677699051342238,
                -45.30528373303533,
                767.5169569623363
            ],
            "obj_id": 1
        },
        {
            "cam_R_m2c": [
                0.897243482848299,
                0.13812529756400516,
                -0.41937619025087136,
                -0.4008016089636082,
                0.6532613947711011,
                -0.6423450333045134,
                0.1852378323681642,
                0.7444263579072921,
                0.6414954696397959
            ],
            "cam_t_m2c": [
                -24.1457240589574,
                -93.22575151470795,
                792.1382402481872
            ],
            "obj_id": 1
        },
        {
            "cam_R_m2c": [
                0.24718807990878885,
                0.5763037685825232,
                0.7789562122108372,
                -0.0627836941973776,
                -0.7926873831751751,
                0.6063867610541802,
                0.966931197533458,
                -0.19879754827115279,
                -0.1597601865430868
            ],
            "cam_t_m2c": [
                37.66773332827674,
                -17.86095907840949,
                763.3031961433417
            ],
            "obj_id": 1
        },
        {
            "cam_R_m2c": [
                0.20139287528661312,
                -0.5240164298092707,
                -0.8275556178078658,
                -0.519731706186846,
                0.658958341327563,
                -0.5437395532396052,
                0.8302526251696067,
                0.5396125585317196,
                -0.1396384811550183
            ],
            "cam_t_m2c": [
                14.835031634686244,
                112.51452378507521,
                720.5032728838584
            ],
            "obj_id": 2
        },
        {
            "cam_R_m2c": [
                0.43530038178177455,
                0.4885192314086387,
                -0.7562164112794394,
                -0.066869778139131,
                0.8551978929169964,
                0.513969261165031,
                0.8977988486820931,
                -0.17316255060918592,
                0.40493493704319533
            ],
            "cam_t_m2c": [
                -19.565106069878436,
                73.44931917846108,
                736.1411243066007
            ],
            "obj_id": 2
        },
        {
            "cam_R_m2c": [
                -0.8031235676299582,
                -0.19006857384098594,
                0.5646834879803336,
                -0.3528436795930533,
                -0.611962215080357,
                -0.7078159081524033,
                0.4800984648729671,
                -0.7677084014023652,
                0.4244160623047437
            ],
            "cam_t_m2c": [
                -70.44461846191902,
                -39.500408063444226,
                781.4770735407834
            ],
            "obj_id": 2
        },
        {
            "cam_R_m2c": [
                -0.39759628155231874,
                -0.5190751629167342,
                0.7566232499750848,
                -0.7631512471604435,
                0.64489268420178,
                0.04139578972021121,
                -0.5094284804265122,
                -0.5609585976466831,
                -0.6525396303289569
            ],
            "cam_t_m2c": [
                -26.175386995844967,
                41.129410708793955,
                769.0408660969218
            ],
            "obj_id": 2
        },
        {
            "cam_R_m2c": [
                0.807439590995955,
                -0.23062123846541369,
                -0.5430064750390048,
                0.5446943558290379,
                0.644971354462216,
                0.536022132216024,
                0.22660602967265575,
                -0.728577594977556,
                0.6463932762984587
            ],
            "cam_t_m2c": [
                20.870261191243372,
                -51.40152380371167,
                764.1593707847138
            ],
            "obj_id": 2
        },
        {
            "cam_R_m2c": [
                -0.5212080550717758,
                -0.20954675956655452,
                0.8273046833203037,
                -0.6489861518784515,
                0.7268403574223888,
                -0.22476555023272352,
                -0.5542200656349225,
                -0.6540587490467238,
                -0.5148276840495102
            ],
            "cam_t_m2c": [
                9.375436502781419,
                -4.402446260125068,
                744.548688080454
            ],
            "obj_id": 3
        },
        {
            "cam_R_m2c": [
                0.46775752898097583,
                0.41862453612237377,
                0.7784322727949481,
                -0.6651184309712539,
                0.7467355757983576,
                -0.0019121644035761207,
                -0.5820833809941173,
                -0.5168547894811885,
                0.6277260099840457
            ],
            "cam_t_m2c": [
                79.76822629561767,
                -45.086119199735805,
                766.423378035302
            ],
            "obj_id": 3
        },
        {
            "cam_R_m2c": [
                -0.48964624749212,
                -0.8610657997238631,
                -0.13716103577390015,
                -0.5641804975238364,
                0.19294326043715418,
                0.8027906213920297,
                -0.6647908468929502,
                0.47046707521354425,
                -0.5802705538214995
            ],
            "cam_t_m2c": [
                -17.60041350736891,
                -10.973825991269054,
                730.9204907673874
            ],
            "obj_id": 4
        },
        {
            "cam_R_m2c": [
                0.9416010222126023,
                -0.33671209269838087,
                -0.0036218446049608314,
                0.11073814837794445,
                0.2994817698401821,
                0.9476534823462045,
                -0.3180022255326178,
                -0.8927125109161479,
                0.3192795090391117
            ],
            "cam_t_m2c": [
                25.682510956782185,
                28.635325614500076,
                728.1163438697215
            ],
            "obj_id": 4
        },
        {
            "cam_R_m2c": [
                0.7182225595379563,
                -0.2951183432148501,
                0.6301288312888682,
                0.46893900325758625,
                -0.4637435849151168,
                -0.7516898076211814,
                0.5140552328370032,
                0.8353727473300187,
                -0.19467861301964995
            ],
            "cam_t_m2c": [
