{
  "104": [
    {
      "cam_R_m2c": [
        0.826327231545649,
        0.537239205947064,
        -0.16898662580155682,
        -0.22648050622334312,
        0.04226518264920266,
        -0.9730983901560396,
        -0.5156447940137991,
        0.8423701746846488,
        0.15659890275921748
      ],
      "cam_t_m2c": [
        91.20154927648446,
        8.78492993952177,
        764.5297001445064
      ],
      "obj_id": 1
    },
    {
      "cam_R_m2c": [
        -0.45409626836034794,
        -0.5392689376474382,
        -0.7092141726340687,
        0.7406574051904409,
        0.21394736377186183,
        -0.63690923444223,
        0.49520038092190666,
        -0.814503036732754,
        0.3022609083498942
      ],
      "cam_t_m2c": [
        -22.457203968555472,
        -59.34108713755006,
        780.5211621232354
      ],
      "obj_id": 1
    },
    {
      "cam_R_m2c": [
        0.7854581166173832,
        -0.017804820097424436,
        0.6186579697505534,
        0.1999631140858112,
        -0.9386773657128787,
        -0.28089108837702287,
        0.5857216299643832,
        0.3443368518314767,
        -0.7337319549409006
      ],
      "cam_t_m2c": [
        -64.8563989555683,
        -40.8459129947233,
        779.1898377980144
      ],
      "obj_id": 1
    },
    {
      "cam_R_m2c": [
        0.8008937653780185,
        -0.3079299355328529,
        -0.5135634963541003,
        -0.30151616318255176,
        0.5336083360125871,
        -0.7901584436163386,
        0.5173552371607283,
        0.7876812347141526,
        0.3345177475635633
      ],
      "cam_t_m2c": [
        -41.83297408836672,
        53.20667862655636,
        742.3047237679889
      ],
      "obj_id": 1
    },
    {
      "cam_R_m2c": [
        -0.1321482634020453,
        -0.07290277629155927,
        0.9885449701918413,
        -0.9873965528041284,
        -0.07794364890199826,
        -0.13774277075591457,
        0.08709241738906967,
        -0.9942888185888166,
        -0.06168408436746932
      ],
      "cam_t_m2c": [
        19.472517988489866,
        -37.90559811870452,
        788.4400435545203
      ],
      "obj_id": 1
    },
    {
      "cam_R_m2c": [
        0.5744495183099574,
        -0.7967450365389389,
        0.18762796981955635,
        0.8124805349357925,
        0.527175304701031,
        -0.24892128200455513,
        0.09941414264461268,
        0.295437210405884,
        0.9501757468864425
      ],
      "cam_t_m2c": [
        55.25145258173152,
        -71.90437748057742,
        787.2303336014537
      ],
      "obj_id": 1
    },
    {
      "cam_R_m2c": [
        0.7385789225844643,
        0.5158599557343171,
        0.43403782081699194,
        0.03398046244139121,
        -0.671481170368616,
        0.7402422567065762,
        0.6733097321794419,
        -0.531979049432916,
        -0.5134710937977879
      ],
      "cam_t_m2c": [
        27.64914109063147,
        24.138597605606414,
        754.2605416684946
      ],
      "obj_id": 1
    },
    {
      "cam_R_m2c": [
        0.6714740293003612,
        -0.697959695114062,
        0.2489458765377615,
        -0.13304597887147343,
        -0.4440394300399389,
        -0.8860744885934004,
        0.7289862237056924,
        0.5618550033684279,
        -0.39102214487495424
      ],
      "cam_t_m2c": [
        -73.17249485540555,
        63.1356741709582,
        722.7234849349092
      ],
      "obj_id": 2
    },
    {
      "cam_R_m2c": [
        0.7621345650551966,
        -0.3791709681055171,
        -0.5247660609549115,
        0.6354983123942453,
        0.5929616386710437,
        0.4945084822281706,
        0.12366298313129206,
        -0.7103700271683112,
        0.6928796175784117
      ],
      "cam_t_m2c": [
        -88.43197067413172,
        20.358356344163983,
        740.906803430084
      ],
      "obj_id": 2
    },
    {
      "cam_R_m2c": [
        -0.171586054956987,
        -0.09075215339962898,
        0.980979826562493,
        -0.9523338257266492,
        -0.23965662877521277,
        -0.1887464277565999,
        0.25222733534218517,
        -0.9666070121391398,
        -0.045304875012039114
      ],
      "cam_t_m2c": [
        8.579123824711994,
        -70.91022221871357,
        803.8576957953275
      ],
      "obj_id": 2
    },
    {
      "cam_R_m2c": [
        0.4912821366797485,
        -0.8694876177207316,
        -0.05130579078242438,
        -0.4491352903531617,
        -0.3033614035236336,
        0.8403865636505881,
        -0.7462704665882101,
        -0.38982378559415076,
        -0.5395536108101603
      ],
      "cam_t_m2c": [
        -43.95396193829134,
        -5.264650990376416,
        768.0378333936812
      ],
      "obj_id": 2
    },
    {
      "cam_R_m2c": [
        0.35993271382339204,
        -0.9327480909048984,
        0.020702182974809396,
        0.8605303484770859,
        0.34047448361251376,
        0.37889955021735555,
        -0.36046636946529254,
        -0.11856328449460239,
        0.9252064807400162
      ],
      "cam_t_m2c": [
        50.54030393560938,
        -3.126169011947912,
        757.996854457159
      ],
      "obj_id": 2
    },
    {
      "cam_R_m2c": [
        -0.23500928087570916,
        -0.9512711448513094,
        0.19963212032736777,
        -0.9517859420600744,
        0.18355602815544905,
        -0.24578637343624132,
        0.1971656638848763,
        -0.247769015163603,
        -0.9485444114641589
      ],
      "cam_t_m2c": [
        13.370827621854556,
        -15.997936643403593,
        748.0968589932556
      ],
      "obj_id": 3
    },
    {
      "cam_R_m2c": [
        0.40115540843985936,
        -0.8763424064020373,
        0.2666410800652378,
        0.2585182575169831,
        0.38756897737096285,
        0.8848496221467035,
        -0.87877343888629,
        -0.2860304897705765,
        0.3820262789374251
      ],
      "cam_t_m2c": [
        70.1739247366399,
        21.788946090442312,
        735.497027950797
      ],
      "obj_id": 3
    },
    {
      "cam_R_m2c": [
        0.1937962804311103,
        -0.9338784908173937,
        -0.3005214055084234,
        -0.9528753246288482,
        -0.25205962619424854,
        0.16880400619871863,
        -0.23339216690563952,
        0.25364605131231627,
        -0.9387183118146865
      ],
      "cam_t_m2c": [
        -24.29134631216254,
        -29.091854894088527,
        744.6490606364437
      ],
      "obj_id": 4
    },
    {
      "cam_R_m2c": [
        0.36317114509868853,
        -0.1627525879283917,
        -0.9173971132033736,
        0.9232312883817491,
        -0.06976823509713931,
        0.3778579413865996,
        -0.12550238554076484,
        -0.9841972503227074,
        0.1249207836370237
      ],
      "cam_t_m2c": [
        -0.2102027700818252,
        21.920067587206184,
        730.3593561709712
      ],
      "obj_id": 4
    },
    {
      "cam_R_m2c": [
        0.022553760032446038,
        -0.3094438162098352,
        0.9506497775004481,
        0.9656689226299437,
        -0.23940627100041456,
        -0.1008385266239318,
        0.2587957627524268,
        0.9202876239022674,
        0.2934206930526748
      ],
      "cam_t_m2c": [
        63.771845787006676,
        -41.408283241636745,
        765.5336671128882
      ],
      "obj_id": 4
    },
    {
      "cam_R_m2c": [
        0.006223768614388945,
        -0.39050794690043455,
        0.9205780576553818,
        -0.9353608366536622,
        0.32329295264780805,
        0.14346429677786718,
        -0.3536407835262215,
        -0.8619657885203961,
        -0.36325400145229503
      ],
      "cam_t_m2c": [
        -99.6912429631352,
        -16.074569446969996,
        770.0743390393778
      ],
      "obj_id": 4
    }
  ],
  "11": [
    {
      "cam_R_m2c": [
        -0.1509019856105557,
        -0.4514282394266415,
        -0.8794552486205163,
        -0.9325350026350522,
        -0.23020820189591243,
        0.2781760328993106,
        -0.3280342644178358,
        0.8621007887901956,
        -0.38623358950376924
      ],
      "cam_t_m2c": [
        -21.346786035784262,
        -89.42523800567704,
        794.4969397357222
      ],
      "obj_id": 1
    },
    {
      "cam_R_m2c": [
        0.5051651677933847,
        0.6809195001923293,
        -0.5302425939299998,
        0.5550306909840617,
        0.21415441007257233,
        0.8037898087304242,
        0.6608699494663421,
        -0.7003482197352062,
        -0.26974785865567064
      ],
      "cam_t_m2c": [
        -60.75662345187935,
        26.164294178300942,
        743.7531125166204
      ],
      "obj_id": 1
    },
    {
      "cam_R_m2c": [
        -0.28680462844768817,
        -0.9560969228076739,
        -0.06018479681968308,
        -0.5528853380577499,
        0.21650172789326244,
        -0.8046390656730393,
        0.7823436524679953,
        -0.19749860567190292,
        -0.5907057935929303
      ],
      "cam_t_m2c": [
        -36.05502460594916,
        65.39009135928433,
        739.7678975452734
      ],
      "obj_id": 1
    },
    {
      "cam_R_m2c": [
        -0.6756305512421056,
        0.19804871976342417,
        -0.7101411750668662,
        -0.5400014923225015,
        0.5228410539033137,
        0.6595717090753391,
        0.5019189370060797,
        0.8291043142873924,
        -0.2463006811818464
      ],
      "cam_t_m2c": [
        56.23834655026217,
        25.514475650289956,
        764.3716723572151
      ],
      "obj_id": 1
    },
    {
      "cam_R_m2c": [
        -0.863350096184905,
        0.40760122121293196,
        -0.29746976318783147,
        0.20067280706817042,
        -0.26355094157112957,
        -0.9435414992772715,
        -0.46298695521506905,
        -0.8743013193580843,
        0.14574259718650834
      ],
      "cam_t_m2c": [
        -56.093183410399575,
        -10.979634272864077,
        772.894824289798
      ],
      "obj_id": 1
    },
    {
      "cam_R_m2c": [
        0.5403585811446323,
        0.47563318821495665,
        -0.694108131903402,
        -0.5349488637786795,
        0.8309274829106342,
        0.15293291013181928,
        0.6494936152256713,
        0.2886735460798843,
        0.7034388606945766
      ],
      "cam_t_m2c": [
        -90.67125927479613,
        -43.420218560035266,
        763.1301631463671
      ],
      "obj_id": 1
    },
    {
      "cam_R_m2c": [
        -0.4223499317490968,
        -0.43226370779521206,
        0.7967239305405466,
        -0.4858274895487942,
        -0.6340993611833554,
        -0.6015720266902777,
        0.76524053986158,
        -0.6411442923803945,
        0.05780598080081877
      ],
      "cam_t_m2c": [
        12.097233034483292,
        -33.979999274266,
        777.8276463216973
      ],
      "obj_id": 1
    },
    {
      "cam_R_m2c": [
        -0.6079994442801622,
        -0.4763120954851382,
        -0.6351880691468641,
        -0.3881567646810411,
        0.8762444781146377,
        -0.2855331451141045,
        0.692583605187075,
        0.07294864952392312,
        -0.717639918820634
      ],
      "cam_t_m2c": [
        81.6191464145645,
        48.9262733319552,
        743.9965959610926
      ],
      "obj_id": 2
    },
    {
      "cam_R_m2c": [
        0.33312272422012457,
        0.9183479593360833,
        0.21369763327096922,
        -0.7127079622992291,
        0.09686459870679621,
        0.694740139335247,
        0.6173137340916186,
        -0.3837383590138928,
        0.6867818080325759
      ],
      "cam_t_m2c": [
        41.19157954668707,
        70.8213838638703,
        732.7512115305848
      ],
      "obj_id": 2
    },
    {
      "cam_R_m2c": [
        -0.9032763357861308,
        0.2553576373994211,
        -0.34479665566066986,
        0.2971420890074559,
        -0.20739934988163616,
        -0.9320361234342889,
        -0.3095129291492031,
        -0.9443403193362029,
        0.11146179567550694
      ],
      "cam_t_m2c": [
        -88.48468249490513,
        6.088393550265973,
        765.2333937244774
      ],
      "obj_id": 2
    },
    {
      "cam_R_m2c": [
        -0.18832130286379636,
        0.1049868121280463,
        0.9764800423947297,
        -0.6862151566200563,
        0.6972322772452246,
        -0.20730444376511403,
        -0.7025977927680666,
        -0.7091157461770511,
        -0.05926061051317295
      ],
      "cam_t_m2c": [
        -3.486132315687661,
        39.22819830671933,
        756.6313202699047
      ],
      "obj_id": 2
    },
    {
      "cam_R_m2c": [
        0.8415291022320646,
        0.5357571329412434,
        -0.0692348245979922,
        -0.5013825061655842,
        0.8223125740644538,
        0.2691038163869506,
        0.20110675151292975,
        -0.19174604190375188,
        0.9606196730432898
      ],
      "cam_t_m2c": [
        -18.770510321814477,
        -52.85795490812926,
        773.5609385745674
      ],
      "obj_id": 2
    },
    {
      "cam_R_m2c": [
        -0.8554164008507383,
        0.4930067556592545,
        0.15876886627703457,
        0.37185633332753,
        0.7979606365283772,
        -0.47432153146226275,
        -0.3605348633123545,
        -0.3467037416766672,
        -0.8659167054207583
      ],
      "cam_t_m2c": [
        -16.99275938900791,
        -20.50720402406665,
        750.2876118321004
      ],
      "obj_id": 3
    },
    {
      "cam_R_m2c": [
        0.547832165608395,
        0.6589771926284445,
        0.5153924772023232,
        -0.6959322900184435,
        0.7008703197250924,
        -0.15639143412272066,
        -0.4642820718807411,
        -0.2730025538463604,
        0.8425629878776643
      ],
      "cam_t_m2c": [
        8.338578806118061,
        -79.03745621652162,
        771.1334447644954
      ],
      "obj_id": 3
    },
    {
      "cam_R_m2c": [
        -0.7743672430303947,
        -0.13257161074074397,
        0.6186926216719171,
        -0.19809698887963878,
        0.9794424767842178,
        -0.03806909555799917,
        -0.600926844624759,
        -0.15204077761565535,
        -0.7847108710943971
      ],
      "cam_t_m2c": [
        -17.736719922213442,
        15.26624772075733,
        728.7814778057826
      ],
      "obj_id": 4
    },
    {
      "cam_R_m2c": [
        0.7656081345515431,
        0.435937730179003,
        0.4730781126295386,
        -0.44308192905220584,
        -0.17581025006851705,
        0.8790724666761951,
        0.4663927831433941,
        -0.8826379847400664,
        0.05855403127411403
      ],
      "cam_t_m2c": [
        26.791504314985616,
        -15.798051163681006,
        749.4243979654283
      ],
      "obj_id": 4
    },
    {
      "cam_R_m2c": [
        0.6933521252368369,
        -0.5728110274816354,
        -0.43720794831118726,
        0.014166813386551047,
        0.6174457885862747,
        -0.7864853604316452,
        0.7204596989557209,
        0.5391178960575662,
        0.4362227788741404
      ],
      "cam_t_m2c": [
        -58.082183726753335,
        -59.73610494495195,
        764.8565253387135
      ],
      "obj_id": 4
    },
    {
      "cam_R_m2c": [
        -0.6703750589176948,
        0.7367266825846842,
        0.08849555332637485,
        -0.07933563940824527,
        0.04741593765421855,
        -0.9957192562804383,
        -0.7377690834597435,
        -0.6745268856521791,
        0.026662366817086565
      ],
      "cam_t_m2c": [
        -0.9682533893508671,
        92.60751195599074,
        737.7258893783454
      ],
      "obj_id": 4
    }
  ],
  "126": [
    {
      "cam_R_m2c": [
        -0.30025294793124574,
        0.1455553949735905,
        0.9426887672437083,
        0.41646897763630947,
        0.9091176079408247,
        -0.007723539890367847,
        -0.8581384782218634,
        0.3902812533667601,
        -0.33358433883376876
      ],
      "cam_t_m2c": [
        -55.7661218114973,
        78.1324518127514,
        724.9246238311955
      ],
      "obj_id": 1
    },
    {
      "cam_R_m2c": [
        -0.24815935561695918,
        -0.34427913965354057,
        0.9054772946261004,
        -0.12080704491865947,
        -0.9164207283110173,
        -0.3815489331326266,
        0.9611567639298174,
        -0.20407273704418522,
        0.18582684932151003
      ],
      "cam_t_m2c": [
        46.355303164971176,
        -3.2684881845638536,
        752.2487847017901
      ],
      "obj_id": 1
    },
    {
      "cam_R_m2c": [
        -0.17787276152723808,
        0.9472857118006054,
        -0.26647962862727487,
        0.9707030570048268,
        0.21335948880877487,
        0.11051774663210144,
        0.16154766317312233,
        -0.23901436207956975,
        -0.9574832173690118
      ],
      "cam_t_m2c": [
        46.52144724839126,
        -39.34998151856285,
        778.2286797404973
      ],
      "obj_id": 1
    },
    {
      "cam_R_m2c": [
        0.21303971457001608,
        -0.03027755982277942,
        0.9765744607639415,
        0.9692463465945947,
        0.13257595516382556,
        -0.20733068311548114,
        -0.1231927802202348,
        0.9907101076877117,
        0.057590280809689906
      ],
      "cam_t_m2c": [
        -57.26116313219114,
        -46.47584744590827,
        792.5260071996893
      ],
      "obj_id": 1
    },
    {
      "cam_R_m2c": [
        0.9047053442311703,
        -0.34719619341810426,
        -0.24690760797974473,
        -0.020584560127545136,
        -0.6144894838256557,
        0.7886569723882807,
        -0.4255405493372121,
        -0.7084190868726205,
        -0.5630783811745474
      ],
      "cam_t_m2c": [
        19.204646071827888,
        35.48219310258052,
        751.9651802577322
      ],
      "obj_id": 1
    },
    {
      "cam_R_m2c": [
        -0.8382854584552779,
        -0.023368188982785403,
        0.5447308787304188,
        0.47086211207556206,
        -0.5347428817076562,
        0.7016692985963408,
        0.27489403463859796,
        0.8446916579799196,
        0.45926994229159773
      ],
      "cam_t_m2c": [
        34.13571864500605,
        65.82438309368328,
        716.2047644431896
      ],
      "obj_id": 1
    },
    {
      "cam_R_m2c": [
        -0.013857039230499227,
        0.16914981166242532,
        -0.9854930997549244,
        0.9881354836128452,
        0.1530876644173055,
        0.012381703116577021,
        0.15296101002194662,
        -0.9736283701466054,
        -0.16926409642352708
      ],
      "cam_t_m2c": [
        -50.830536730897734,
        19.755842531058583,
        756.8541152642083
      ],
      "obj_id": 1
    },
    {
      "cam_R_m2c": [
        0.18634810712454536,
        0.8363669995435603,
        0.5155239594191569,
        0.9727638926884667,
        -0.23069201843305934,
        0.022638177416403116,
        0.13786091129887298,
        0.4972640982236701,
        -0.8565759804435085
      ],
      "cam_t_m2c": [
        -60.40286944198581,
        -84.19634763008489,
        797.3435320652827
      ],
      "obj_id": 2
    },
    {
      "cam_R_m2c": [
        -0.7337655662878694,
        -0.6772013532228867,
        0.054651140966871334,
        0.6746468079073077,
        -0.7357693627885795,
        -0.059127113385601414,
        0.0802515283597076,
        -0.006515137824329794,
        0.9967531597756578
      ],
      "cam_t_m2c": [
        -13.642926598684042,
        -84.85255129493021,
        793.8048839459751
      ],
      "obj_id": 2
    },
    {
      "cam_R_m2c": [
        0.9624570828264355,
        -0.1861856049517359,
        -0.19751354257123702,
        0.04396424387394307,
        -0.6111283509162024,
        0.7903101685407056,
        -0.26785035691692904,
        -0.7693225056197736,
        -0.5799988670694979
      ],
      "cam_t_m2c": [
        57.23061579174399,
        35.20537363115878,
        748.513791074455
      ],
      "obj_id": 2
    },
    {
      "cam_R_m2c": [
        -0.07089928288726995,
        0.3942649591903068,
        -0.9162580213665026,
        0.03535829560376299,
        -0.9169992042088434,
        -0.3973199282668293,
        -0.9968564072569888,
        -0.060566945336381614,
        0.05107405679925402
      ],
      "cam_t_m2c": [
        3.329449107226458,
        -30.87763313528362,
        780.5317432691085
      ],
      "obj_id": 2
    },
    {
      "cam_R_m2c": [
        -0.9987925665875281,
        -0.018615865223881554,
        0.04546635052371556,
        0.03935016566959365,
        -0.8572147295066842,
        0.513454329290743,
        0.029416056546731507,
        0.5146231197468278,
        0.8569115185688333
      ],
      "cam_t_m2c": [
        -34.061234964888726,
        42.22139180499307,
        731.5296102614525
      ],
      "obj_id": 2
    },
    {
      "cam_R_m2c": [
        0.9684683589905348,
        0.06237953533011593,
        -0.24120148184928403,
        -0.03144520823968487,
        -0.9297990186184067,
        -0.3667231325894161,
        -0.24714477582623526,
        0.36274414958466256,
        -0.8985186421929414
      ],
      "cam_t_m2c": [
        -14.686729190262948,
        7.363143217814649,
        737.4443164428666
      ],
      "obj_id": 3
    },
    {
      "cam_R_m2c": [
        -0.7421033512880268,
        -0.13601682772724202,
        -0.6563401235307165,
        -0.1750245309260537,
        -0.905901330621226,
        0.38562945544213156,
        -0.6470309195499777,
        0.40105226793349286,
        0.6484656405819191
      ],
      "cam_t_m2c": [
        -69.95080304448085,
        44.37898440424708,
        721.8941586627882
      ],
      "obj_id": 3
    },
    {
      "cam_R_m2c": [
        0.6256155646655391,
        0.6603239815945628,
        -0.4154247549904244,
        0.11191028951125205,
        -0.6029610920906289,
        -0.7898828267528961,
        -0.7720629735788302,
        0.4476723169050016,
        -0.4511184668310343
      ],
      "cam_t_m2c": [
        8.08442222353368,
        -26.0355364045892,
        741.9995884871071
      ],
      "obj_id": 4
    },
    {
      "cam_R_m2c": [
        -0.950586389939836,
        -0.3081888632194115,
        0.03748959429334793,
        0.1864691227352414,
        -0.6633116428712378,
        -0.7247398241127782,
        0.24822386974147062,
        -0.6819365771893331,
        0.6880022049087353
      ],
      "cam_t_m2c": [
        -49.73233908095519,
        -18.881051610272998,
        749.1533192471605
      ],
      "obj_id": 4
    },
    {
      "cam_R_m2c": [
        -0.7135478792079721,
        0.6894866096066071,
        -0.1243300481742978,
        0.09810717238640085,
        0.27404557878826286,
        0.9566999989430783,
        0.693703406482132,
        0.6704530175766396,
        -0.2631880424910494
      ],
      "cam_t_m2c": [
        -4.154611157498493,
        60.15462832280457,
        714.1368739974821
      ],
      "obj_id": 4
    },
    {
      "cam_R_m2c": [
        0.6297035547092052,
        -0.5054742350714868,
        -0.5898894391119771,
        -0.13018182745590176,
        -0.8172747628504868,
        0.5613515196074529,
        -0.765849912067484,
        -0.2766918750607599,
        -0.5804439196249909
      ],
      "cam_t_m2c": [
        33.200058134576025,
        -75.50096712579021,
        801.6207208369761
      ],
      "obj_id": 4
    }
  ],
  "133": [
    {
      "cam_R_m2c": [
        -0.6612665866127931,
        -0.2558116553564945,
        0.7051863387259167,
        0.14167929303180501,
        0.8805502785611367,
        0.4522814707618917,
        -0.736650565714413,
        0.3989883486010824,
        -0.5460344259257853
      ],
      "cam_t_m2c": [
        -98.36874484701956,
        40.466529556355226,
        743.6896035703726
      ],
      "obj_id": 1
    },
    {
      "cam_R_m2c": [
        0.08277787291609141,
        0.13073005354522257,
        0.9879566559926692,
        -0.17441962845691822,
        -0.974156421408117,
        0.1435179531745943,
        0.9811855725166156,
        -0.18419881330158389,
        -0.05783615389048133
      ],
      "cam_t_m2c": [
        33.45511004711627,
        25.710630279816687,
        737.5526997762328
      ],
      "obj_id": 1
    },
    {
      "cam_R_m2c": [
        -0.5977679507828351,
        0.5973460153727432,
        -0.5346513789570922,
        0.7458608207997702,
        0.6588894351812183,
        -0.09775833120079867,
        0.2938799665506634,
        -0.4572116460470629,
        -0.8393994431324951
      ],
      "cam_t_m2c": [
        58.427807165450574,
        -3.638818730994018,
        760.9009432755548
      ],
      "obj_id": 1
    },
    {
      "cam_R_m2c": [
        -0.36110053041683643,
        0.18365571026592378,
        0.9142635805951871,
        0.9268709036788867,
        0.17850504887288401,
        0.33022207586473173,
        -0.10255365474205179,
        0.9666468161308256,
        -0.2346827749226054
      ],
      "cam_t_m2c": [
        -19.193444147650343,
        -60.53811225902408,
        800.9046012855016
      ],
      "obj_id": 1
    },
    {
      "cam_R_m2c": [
        0.631655945684544,
        -0.1450739423687639,
        -0.7615544782287319,
        0.431912777722564,
        -0.7499031098855968,
        0.5010958043618103,
        -0.6437871385029555,
        -0.6454446501581632,
        -0.4110214769976995
      ],
      "cam_t_m2c": [
        -9.089439420760671,
        43.898728935792164,
        747.4195156503949
      ],
      "obj_id": 1
    },
    {
      "cam_R_m2c": [
        -0.8668753493679345,
        0.4641214905959641,
        0.18198696878702236,
        -0.01721468350816906,
        -0.3927011055182454,
        0.9195052119110543,
        0.4982277118320095,
        0.7939630794879673,
        0.34841228443221905
      ],
      "cam_t_m2c": [
        -22.428618646021825,
        74.37783591629228,
        711.6045799911509
      ],
      "obj_id": 1
    },
    {
      "cam_R_m2c": [
        -0.4763972365184998,
        -0.18655717118982784,
        -0.8592106643257609,
        0.8502838827295881,
        0.15093294625471218,
        -0.5042191073738312,
        0.22374835620068334,
        -0.9707807822016706,
        0.08672203691964149
      ],
      "cam_t_m2c": [
        -57.03054375134947,
        -5.69744052022846,
        767.8092285184198
      ],
      "obj_id": 1
    },
    {
      "cam_R_m2c": [
        -0.3145989746512041,
        0.9339392496673312,
        0.16966397277661943,
        0.9379428967975328,
        0.27837793627222274,
        0.2068071436648319,
        0.1459142127163987,
        0.22419664936090977,
        -0.9635581166694029
      ],
      "cam_t_m2c": [
        -1.1527079688262927,
        -96.9741321164728,
        804.3425445753138
      ],
      "obj_id": 2
    },
    {
      "cam_R_m2c": [
        -0.9202660254956351,
        -0.16534548686019043,
        0.3546437842476852,
        0.19177537231719996,
        -0.9806050522804421,
        0.040450894536282506,
        0.34107634100059947,
        0.10523742902378827,
        0.93412598226467
      ],
      "cam_t_m2c": [
        36.6939197944965,
        -72.68052698506708,
        788.5418530921266
      ],
      "obj_id": 2
    },
    {
      "cam_R_m2c": [
        0.7066066989804711,
        -0.013071054878954127,
        -0.7074863891428829,
        0.5227520092559366,
        -0.6642104196950221,
        0.5343736539623538,
        -0.47690389247218473,
        -0.7474311886725292,
        -0.4625025947378551
      ],
      "cam_t_m2c": [
        20.902149976756057,
        63.531044617831924,
        733.3262735232518
      ],
      "obj_id": 2
    },
    {
      "cam_R_m2c": [
        -0.34005073842606404,
        0.7770161191518542,
        -0.5297285389990323,
        -0.11003063498065797,
        -0.5923021461280593,
        -0.7981677531087203,
        -0.9339478444507676,
        -0.21313051059330562,
        0.2869079216396289
      ],
      "cam_t_m2c": [
        19.246411657079555,
        -17.92102061141984,
        774.2906420315469
      ],
      "obj_id": 2
    },
    {
      "cam_R_m2c": [
        -0.8352661999292185,
        0.5498132343315492,
        0.006054397787386458,
        -0.46945497271656533,
        -0.7188335957223604,
        0.5127286156273844,
        0.28625644555544333,
        0.42542255180307165,
        0.8585291155824428
      ],
      "cam_t_m2c": [
        -60.63273152933406,
        21.582677889062428,
        743.507000638807
      ],
      "obj_id": 2
    },
    {
      "cam_R_m2c": [
        0.7493401251923665,
        0.6065289183344069,
        -0.2657309603854983,
        0.43729713610983184,
        -0.7546023737741958,
        -0.4892308316727588,
        -0.49725307980648176,
        0.25039703697731663,
        -0.8306864841020531
      ],
      "cam_t_m2c": [
        -25.52145409694571,
        1.0149380202192426,
        739.8863097533983
      ],
      "obj_id": 3
    },
    {
      "cam_R_m2c": [
        -0.6919924612731194,
        0.4308650197568726,
        -0.5792259095323395,
        -0.5599474480560955,
        -0.8267695025286591,
        0.05395726653161596,
        -0.45563787272782685,
        0.3616740424180206,
        0.8133789781752091
      ],
      "cam_t_m2c": [
        -94.55312284722451,
        1.9705559027476014,
        743.2939051650716
      ],
      "obj_id": 3
    },
    {
      "cam_R_m2c": [
        0.25944860009259096,
        0.9641422958288035,
        -0.055829771439359695,
        0.3682699427440383,
        -0.15221079148513172,
        -0.9171747166072939,
        -0.8927838808197526,
        0.21739953381238822,
        -0.3945550783712629
      ],
      "cam_t_m2c": [
        9.108427975537545,
        -16.218012595934628,
        737.4663956484818
      ],
      "obj_id": 4
    },
    {
      "cam_R_m2c": [
        -0.8106761645296736,
        -0.07213217430158862,
        0.5810352538610773,
        -0.31017758636810133,
        -0.7887703994309928,
        -0.5306896125429948,
        0.4965823566969846,
        -0.6104409311403591,
        0.6170633583594922
      ],
      "cam_t_m2c": [
        -39.27142255860527,
        -38.127361263336645,
        759.7778759118271
      ],
      "obj_id": 4
    },
    {
      "cam_R_m2c": [
        -0.4655876222623682,
        0.6041527055887201,
        -0.646705915647229,
        -0.2077746980117531,
        0.6356958463740259,
        0.7434519630296218,
        0.8602657579303233,
        0.48051095699661767,
        -0.1704447141524443
      ],
      "cam_t_m2c": [
        -50.66726528586885,
        48.87751059462234,
        717.6681536040215
      ],
      "obj_id": 4
    },
    {
      "cam_R_m2c": [
        0.4032444739327381,
        -0.06975088713306236,
        -0.9124305903374081,
        0.16868161990926483,
        -0.9743389651791056,
        0.14903163561899507,
        -0.8994107342492991,
        -0.214006207199497,
        -0.38113124780243895
      ],
      "cam_t_m2c": [
        70.46988792978132,
        -39.752242042753906,
        785.294299607527
      ],
      "obj_id": 4
    }
  ],
  "160": [
    {
      "cam_R_m2c": [
        0.19312276453694224,
        -0.22058844098405048,
        -0.9560569921656743,
        -0.9810412302496474,
        -0.027336622124105717,
        -0.19186158644987403,
        0.01618728029969898,
        0.9749836732924695,
        -0.2216857920599728
      ],
      "cam_t_m2c": [
        24.322406418840906,
        -88.55845172619496,
        828.8361633766239
      ],
      "obj_id": 1
    },
    {
      "cam_R_m2c": [
        0.2984835809909413,
        0.44030656871530505,
        -0.8467811707043157,
        0.8974402297299167,
        0.17247210083008072,
        0.40602271411018254,
        0.32482038393798857,
        -0.881126105628669,
        -0.3436688719840929
      ],
      "cam_t_m2c": [
        -66.90930313886152,
        -20.469931675454216,
        758.177143525483
      ],
      "obj_id": 1
    },
    {
      "cam_R_m2c": [
        0.058676746666415494,
        -0.9762853177501459,
        0.2083858091704195,
        -0.28170507896615815,
        -0.2164542788358094,
        -0.9347672736834054,
        0.9577051939165313,
        -0.0038544623364796748,
        -0.2877250296721575
      ],
      "cam_t_m2c": [
        -61.23784817295875,
        20.131345780046374,
        736.556660186964
      ],
      "obj_id": 1
    },
    {
      "cam_R_m2c": [
        -0.30734256130617943,
        0.04445635866740075,
        -0.9505602905649119,
        -0.509322496530738,
        0.8361001849520011,
        0.2037819950345822,
        0.8038226693972966,
        0.5467722518562278,
        -0.23432671940046468
      ],
      "cam_t_m2c": [
        43.47821945338586,
        24.824367073532024,
        746.1738582267999
      ],
      "obj_id": 1
    },
    {
      "cam_R_m2c": [
        -0.9177173513238558,
        0.37155238497427456,
        0.1405146117704979,
        -0.29826081443988045,
        -0.41088012308637634,
        -0.861520766341287,
        -0.2623655169536169,
        -0.8325420302415056,
        0.4878912835588332
      ],
      "cam_t_m2c": [
        -42.32958216617711,
        -39.39429814842742,
        794.3602106716828
      ],
      "obj_id": 1
    },
    {
      "cam_R_m2c": [
        0.7834334524935997,
        0.13122711041235752,
        -0.6074636894745522,
        -0.031084355245400434,
        0.98450332469503,
        0.17258912217669048,
        0.6206983439039725,
        -0.11632954922135401,
        0.7753713968501443
      ],
      "cam_t_m2c": [
        -62.11494280895591,
        -83.02732289098508,
        805.5460714075839
      ],
      "obj_id": 1
    },
    {
      "cam_R_m2c": [
        -0.09592005827340717,
        -0.2355532722547039,
        0.9671166644396854,
        -0.2620957019931117,
        -0.9313330034945219,
        -0.2528334090577721,
        0.9602629893041595,
        -0.27772870776967457,
        0.027596295414843548
      ],
      "cam_t_m2c": [
        27.93925006147376,
        -33.328674828900496,
        788.7006005216401
      ],
      "obj_id": 1
    },
    {
      "cam_R_m2c": [
        -0.2900046940314431,
        -0.7858348735100811,
        -0.5462247686772915,
        -0.26794183007266276,
        0.6145972368259225,
        -0.7419416834794184,
        0.9187514174286705,
        -0.06881036237929025,
        -0.3887939683095975
      ],
      "cam_t_m2c": [
        54.25974842848235,
        46.34537899714172,
        715.3353269099047
      ],
      "obj_id": 2
    },
    {
      "cam_R_m2c": [
        0.6498793064450508,
        0.7596473552383548,
        -0.024360693701587263,
        -0.26961209676109793,
        0.2603832331881161,
        0.9270975794460747,
        0.7106102327508943,
        -0.5959331674860923,
        0.3740274710869305
      ],
      "cam_t_m2c": [
        6.2264613126212085,
        48.26878539020227,
        708.5805661954707
      ],
      "obj_id": 2
    },
    {
      "cam_R_m2c": [
        -0.9752264281658376,
        0.21137355045599288,
        0.06523255631782122,
        -0.15959705477524203,
        -0.4681195518982123,
        -0.8691334288626223,
        -0.1531753644242755,
        -0.8580122896136902,
        0.4902570957289745
      ],
      "cam_t_m2c": [
        -81.36654247659557,
        -39.1809209186485,
        791.495141843582
      ],
      "obj_id": 2
    },
    {
      "cam_R_m2c": [
        0.049501319173538,
        -0.29078278041265726,
        0.9555080702707022,
        -0.9120414659124431,
        0.3767822176869063,
        0.16191218699773713,
        -0.40709939279527374,
        -0.8794775754798158,
        -0.24655440053859048
      ],
      "cam_t_m2c": [
        -18.522373482402646,
        13.248098504793091,
        751.4379509536797
      ],
      "obj_id": 2
    },
    {
      "cam_R_m2c": [
        0.9873902092672381,
        0.1475519702676716,
        -0.05735528796452134,
        -0.08937007487003082,
        0.8185914978073054,
        0.5673808342441841,
        0.1306689218148458,
        -0.5551002727150711,
        0.8214554790019861
      ],
      "cam_t_m2c": [
        8.537754377778315,
        -63.84615495154908,
        797.3786764888256
      ],
      "obj_id": 2
    },
    {
      "cam_R_m2c": [
        -0.9626905239482435,
        0.08074291781565648,
        0.2582792767580668,
        -0.12125891093500901,
        0.7245427804767127,
        -0.6784792407543183,
        -0.24191690870992497,
        -0.684483988373472,
        -0.6877191806134179
      ],
      "cam_t_m2c": [
        -7.071680919614038,
        -43.87970654810542,
        766.7622692783781
      ],
      "obj_id": 3
    },
    {
      "cam_R_m2c": [
        0.7116937488030501,
        0.28325464989524085,
        0.642852586804387,
        -0.6005118441038679,
        0.7201590921543972,
        0.3475003136328016,
        -0.3645245991324584,
        -0.6333541531730206,
        0.6826303027122816
      ],
      "cam_t_m2c": [
        43.0719061284524,
        -77.64721411772037,
        799.1244198619489
      ],
      "obj_id": 3
    },
    {
      "cam_R_m2c": [
        -0.6762681039042988,
        -0.5367173516414383,
        0.5045756273061923,
        -0.671557822262697,
        0.7307014331807782,
        -0.12282326090619909,
        -0.3027727030901428,
        -0.4219132612687614,
        -0.854586269334924
      ],
      "cam_t_m2c": [
        -23.530647063555005,
        -22.642663422010674,
        736.0449590013155
      ],
      "obj_id": 4
    },
    {
      "cam_R_m2c": [
        0.9288293327406614,
        0.3617053100131868,
        0.08028681230646442,
        0.05288063184703003,
        -0.34389348336719155,
        0.937518517079884,
        0.3667156005099127,
        -0.8665485437809172,
        -0.3385455398845669
      ],
      "cam_t_m2c": [
        30.944747112048606,
        -25.13256173811686,
        753.4989101488502
      ],
      "obj_id": 4
    },
    {
      "cam_R_m2c": [
        0.7218458394101394,
        -0.6920539012104552,
        0.0008032705691528124,
        0.516903994440429,
        0.5383843932788468,
        -0.6655468089189733,
        0.46016168642477023,
        0.48083692655554855,
        0.746355711383919
      ],
      "cam_t_m2c": [
        -25.53759785234932,
        -85.66092244508235,
        802.5205383295704
      ],
      "obj_id": 4
    },
    {
      "cam_R_m2c": [
        -0.6394574392997889,
        0.5878379975722502,
        0.4955212777324417,
        -0.5775012976508519,
        0.05821432852693227,
        -0.814311598259939,
        -0.5075295856992926,
        -0.8068812742054138,
        0.30225174048523396
      ],
      "cam_t_m2c": [
        -41.13685593518566,
        53.494563491266355,
        717.2983122260221
      ],
      "obj_id": 4
    }
  ],
  "167": [
    {
      "cam_R_m2c": [
        0.6293043081678344,
        0.147916094135084,
        -0.7629528790073429,
        -0.7681921909107376,
        -0.03030982728757644,
        -0.6395013381123167,
        -0.11771752622687164,
        0.9885353569799433,
        0.09455309020050391
      ],
      "cam_t_m2c": [
        73.89488168916556,
        -57.731011970902976,
        807.3220936245733
      ],
      "obj_id": 1
    },
    {
      "cam_R_m2c": [
        -0.036804821110519144,
        0.0005377887277356199,
        -0.9993224168850837,
        0.9666377606913034,
        0.2536802139411356,
        -0.035463965276905644,
        0.2534896965179888,
        -0.9672877971123388,
        -0.009857114046301255
      ],
      "cam_t_m2c": [
        -56.60870122243097,
        -47.23568934624453,
        778.0457245973031
      ],
      "obj_id": 1
    },
    {
      "cam_R_m2c": [
        0.49996713101927,
        -0.7031954408486241,
        0.5055187496858341,
        -0.13135062355952856,
        -0.638526795374283,
        -0.7583076153915035,
        0.8560258718797982,
        0.31272790395374506,
