{
    "3": [
        {
            "cam_R_m2c": [
                -0.6796024323322212,
                -0.5414434763532202,
                -0.49495464352906526,
                -0.6853437131795734,
                0.22799447889939245,
                0.691608922311156,
                -0.2616196496868711,
                0.8092326540190533,
                -0.5260204988378029
            ],
            "cam_t_m2c": [
                -79.36785464012343,
                -61.75116039794894,
                786.5338518090878
            ],
            "obj_id": 1
        },
        {
            "cam_R_m2c": [
                0.5077479291125029,
                0.8410077943554674,
                0.18681150230086901,
                0.027897335384017237,
                -0.23277978562720378,
                0.9721295597365182,
                0.8610539074892702,
                -0.48838467792967305,
                -0.14165551041076171
            ],
            "cam_t_m2c": [
                -32.17297129604334,
                54.071722352072584,
                740.3142020159819
            ],
            "obj_id": 1
        },
        {
            "cam_R_m2c": [
                -0.8003037441392338,
                -0.4798402503672101,
                -0.359538395288483,
                -0.2265059656740562,
                0.7971469872288239,
                -0.5596894300733876,
                0.5551660507531201,
                -0.3664840526333839,
                -0.7466457365308384
            ],
            "cam_t_m2c": [
                9.838020978028485,
                71.33224762042099,
                737.4516364929325
            ],
            "obj_id": 1
        },
        {
            "cam_R_m2c": [
                -0.9616708676156474,
                0.17600414454496277,
                -0.21026706398905426,
                -0.1256170624275918,
                0.39884772359562826,
                0.9083729189828393,
                0.24374169183223088,
                0.8999682060655595,
                -0.36145129598201026
            ],
            "cam_t_m2c": [
                51.85213427243172,
                -19.703658461667917,
                781.0711348540101
            ],
            "obj_id": 1
        },
        {
            "cam_R_m2c": [
                -0.55434875751129,
                0.3980811000392452,
                -0.730910023577313,
                0.5932005468403599,
                -0.4270160743722825,
                -0.6824741239405812,
                -0.5837902858788386,
                -0.8119041434692211,
                0.0005741192248121058
            ],
            "cam_t_m2c": [
                -56.42179062989886,
                24.69542377496176,
                766.7311248970057
            ],
            "obj_id": 1
        },
        {
            "cam_R_m2c": [
                -0.1915773153594318,
                0.7766037529659614,
                -0.6001544569845239,
                -0.7543864633250656,
                0.2746519190320689,
                0.5962112633546583,
                0.6278533246560214,
                0.5669685598142123,
                0.5332416239794827
            ],
            "cam_t_m2c": [
                -98.93733091908456,
                17.629143628625386,
                746.4832805974261
            ],
            "obj_id": 1
        },
        {
            "cam_R_m2c": [
                -0.6731342173566115,
                -0.6696989855826946,
                0.313678490174426,
                -0.19801412800075854,
                -0.2454554525447478,
                -0.9489692340294709,
                0.7125174049328877,
                -0.7008958088305903,
                0.032614928884723234
            ],
            "cam_t_m2c": [
                -19.658420999216997,
                -36.105131703991596,
                782.7894882920999
            ],
            "obj_id": 1
        },
        {
            "cam_R_m2c": [
                -0.8432397217765453,
                -0.014506932563761869,
                -0.5373424310730444,
                -0.05042879267850628,
                0.9973623196251896,
                0.052210135016442914,
                0.5351672392660738,
                0.07112274589941661,
                -0.8417466043228908
            ],
            "cam_t_m2c": [
                87.60860725333538,
                -13.754138299887385,
                761.7301814662683
            ],
            "obj_id": 2
        },
        {
            "cam_R_m2c": [
                -0.16129917796874513,
                0.8160989182342887,
                0.5549465975689601,
                -0.7377580245672086,
                -0.4732010450260107,
                0.4814502734658285,
                0.6555122807476388,
                -0.3317584129004835,
                0.6784097594685786
            ],
            "cam_t_m2c": [
                73.11975910156107,
                27.440884026819973,
                750.5482949534539
            ],
            "obj_id": 2
        },
        {
            "cam_R_m2c": [
                -0.3515267647707228,
                0.3668116765097351,
                -0.8613238226429852,
                0.7372240568699471,
                -0.45859237054827695,
                -0.4961795261920697,
                -0.577001041033941,
                -0.8094083249267144,
                -0.10921471252962123
            ],
            "cam_t_m2c": [
                -67.7849799080352,
                59.488041797724215,
                749.7759767799182
            ],
            "obj_id": 2
        },
        {
            "cam_R_m2c": [
                -0.46405031138972275,
                0.7266547362376383,
                0.5065874767782467,
                -0.36160627443155224,
                0.36667181370553203,
                -0.8572007685002614,
                -0.8086396374417809,
                -0.5809692457264519,
                0.09260901465467933
            ],
            "cam_t_m2c": [
                18.053260255294575,
                25.617377616699795,
                757.4631515550577
            ],
            "obj_id": 2
        },
        {
            "cam_R_m2c": [
                0.22772722134718143,
                0.9705164187426096,
                0.07898620911017191,
                -0.9444638247191622,
                0.20041938449189828,
                0.26042399886760104,
                0.23691559316195426,
                -0.13390535719476296,
                0.9622578149122023
            ],
            "cam_t_m2c": [
                -56.40350773567895,
                -35.31494983133776,
                769.7213523598422
            ],
            "obj_id": 2
        },
        {
            "cam_R_m2c": [
                -0.21694437090834628,
                0.9742614235337668,
                -0.06124129498382918,
                0.8617842691690061,
                0.16167450183143672,
                -0.4808219047493874,
                -0.45854510602695414,
                -0.1570883484290012,
                -0.8746767333941461
            ],
            "cam_t_m2c": [
                -32.36501011149397,
                -8.90844208309819,
                746.9726150729687
            ],
            "obj_id": 3
        },
        {
            "cam_R_m2c": [
                -0.04418711610596001,
                0.9780709010113726,
                0.20353240678000067,
                -0.9420445191700496,
                0.02702736386841659,
                -0.3343979735648128,
                -0.3325652119029526,
                -0.20651268901763323,
                0.9201917115236264
            ],
            "cam_t_m2c": [
                -45.712682977861625,
                -70.5842858343712,
                768.5300009844057
            ],
            "obj_id": 3
        },
        {
            "cam_R_m2c": [
                -0.6871774020218027,
                0.394725943326932,
                0.6099010020448518,
                0.12397496197332059,
                0.8909180594400112,
                -0.43691606133891653,
                -0.7158335810623374,
                -0.22462670237052942,
                -0.6611542918927679
            ],
            "cam_t_m2c": [
                -5.498963069058244,
                12.95551837197015,
                726.7375061962309
            ],
            "obj_id": 4
        },
        {
            "cam_R_m2c": [
                0.09715300738536424,
                0.3240793315710314,
                0.9410284513166458,
                -0.7729633855930188,
                -0.571047758425812,
                0.2764641525697617,
                0.6269684986510368,
                -0.7542391611578729,
                0.19502217266108496
            ],
            "cam_t_m2c": [
                11.720399507488693,
                -35.65079495799466,
                754.8208947467115
            ],
            "obj_id": 4
        },
        {
            "cam_R_m2c": [
                0.4569190371782014,
                -0.17425591056083048,
                -0.8722731656529481,
                -0.4991511187069253,
                0.7614442333848903,
                -0.41358367477130953,
                0.7362563590694641,
                0.6243696626721935,
                0.2609382344691427
            ],
            "cam_t_m2c": [
                -87.3760460414618,
                -19.738877866328103,
                750.2274709042787
            ],
            "obj_id": 4
        },
        {
            "cam_R_m2c": [
                -0.4840788610921325,
                0.7361788623979306,
                -0.4729787934149445,
                0.37256671928828433,
                -0.3156826025876825,
                -0.872662101694479,
                -0.7917461118844669,
                -0.5986528429772807,
                -0.12146010639929462
            ],
            "cam_t_m2c": [
                52.2110617260716,
                69.49842182517447,
                742.331436063403
            ],
            "obj_id": 4
        }
    ],
    "11": [
        {
            "cam_R_m2c": [
                -0.10950961948079392,
                -0.45281289459126844,
                -0.884855070118711,
                -0.8680380536714694,
                -0.39014369298792967,
                0.30707853746021085,
                -0.4842695526794292,
                0.801716547738838,
                -0.3503342717794642
            ],
            "cam_t_m2c": [
                -20.483691317959742,
                -87.83771571936046,
                798.0705607584063
            ],
            "obj_id": 1
        },
        {
            "cam_R_m2c": [
                0.4380471152580806,
                0.651197637869939,
                -0.6197230451298009,
                0.507044733696816,
                0.3902765452821962,
                0.7684980822058778,
                0.7423074616612768,
                -0.6508663154728329,
                -0.15922693637309213
            ],
            "cam_t_m2c": [
                -60.008778863382226,
                23.403547586664235,
                744.9686189904784
            ],
            "obj_id": 1
        },
        {
            "cam_R_m2c": [
                -0.24865655470107573,
                -0.9626903105559592,
                0.10675952445115566,
                -0.6462154143759817,
                0.08278021317952701,
                -0.758651770294623,
                0.7215096939905113,
                -0.257633121886608,
                -0.6426892450690763
            ],
            "cam_t_m2c": [
                -39.70911424412402,
                63.51093688756961,
                741.1992576471779
            ],
            "obj_id": 1
        },
        {
            "cam_R_m2c": [
                -0.7515292189284605,
                0.26375879563777516,
                -0.604678160468253,
                -0.46523943354570235,
                0.43794508075843447,
                0.7692564583794835,
                0.46771463028047894,
                0.8594390210944723,
                -0.2064174822604389
            ],
            "cam_t_m2c": [
                53.612773423983676,
                24.21293634450319,
                766.2433054715451
            ],
            "obj_id": 1
        },
        {
            "cam_R_m2c": [
                -0.7831049736796675,
                0.4755509471332082,
                -0.4007474180118411,
                0.22648524226879987,
                -0.3820603799386799,
                -0.8959539356386139,
                -0.5791812497060262,
                -0.7923899381809497,
                0.19148832255418602
            ],
            "cam_t_m2c": [
                -59.038753761404465,
                -12.000611846169909,
                771.294705145126
            ],
            "obj_id": 1
        },
        {
            "cam_R_m2c": [
                0.5458947350263468,
                0.49369423203175083,
                -0.6769529993071628,
                -0.43226182939755153,
                0.8580806229211091,
                0.27721215082425577,
                0.7177383147150843,
                0.14129217112056464,
                0.6818275916062124
            ],
            "cam_t_m2c": [
                -89.9841256905213,
                -41.18268515412373,
                767.0351412503595
            ],
            "obj_id": 1
        },
        {
            "cam_R_m2c": [
                -0.4255839867883598,
                -0.5110651205947997,
                0.7467872156422339,
                -0.3264120164708871,
                -0.6829978430709462,
                -0.6534281203383576,
                0.8439990307992821,
                -0.5218489297237452,
                0.1238547629805609
            ],
            "cam_t_m2c": [
                14.548393988394125,
                -35.32669135371934,
                780.1537152945832
            ],
            "obj_id": 1
        },
        {
            "cam_R_m2c": [
                -0.5758665377166473,
                -0.6015221589954195,
                -0.5536687752634377,
                -0.5239281447733783,
                0.7914189044065402,
                -0.3148886523647372,
                0.6275970667865906,
                0.10874885371645138,
                -0.7709060494900559
            ],
            "cam_t_m2c": [
                78.59969938995077,
                45.93455550535676,
                741.6724461272227
            ],
            "obj_id": 2
        },
        {
            "cam_R_m2c": [
                0.2476161642385954,
                0.9405003542926522,
                0.2326925830013713,
                -0.6210482334506634,
                -0.0302604753391051,
                0.7831874431849327,
                0.7436295866560645,
                -0.33844385100884805,
                0.5766033143915006
            ],
            "cam_t_m2c": [
                42.57907153236233,
                67.04135011602322,
                733.8732805828383
            ],
            "obj_id": 2
        },
        {
            "cam_R_m2c": [
                -0.9456979826897723,
                0.10090612139619638,
                -0.30898789529011295,
                0.2819852267636616,
                -0.2181365990797613,
                -0.9342911806130372,
                -0.16167705645822053,
                -0.9706879162945383,
                0.17783776716235217
            ],
            "cam_t_m2c": [
                -92.7976981579122,
                6.729206915790584,
                764.4633767648362
            ],
            "obj_id": 2
        },
        {
            "cam_R_m2c": [
                -0.2627353812825582,
                0.18879828427927664,
                0.9462165939223236,
                -0.5728190104713407,
                0.75862730411113,
                -0.3104225574313266,
                -0.7764330707504079,
                -0.6235703985436511,
                -0.09117137040870547
            ],
            "cam_t_m2c": [
                -0.47940439190631023,
                37.217903319872335,
                754.9241396883777
            ],
            "obj_id": 2
        },
        {
            "cam_R_m2c": [
                0.8806451204917136,
                0.47295676377420215,
                -0.027863072714211047,
                -0.4662018233768929,
                0.8755402731228835,
                0.12682466509870358,
                0.08437774902582622,
                -0.09869827398604471,
                0.9915339805929283
            ],
            "cam_t_m2c": [
                -15.78336828803464,
                -54.61629441711951,
                774.6170949071619
            ],
            "obj_id": 2
        },
        {
            "cam_R_m2c": [
                -0.7923017101642913,
                0.5404580862282747,
                0.2831318269731438,
                0.41154779768291677,
                0.8159872474368113,
                -0.40594638717729964,
                -0.45042885058238036,
                -0.2051101950611057,
                -0.868932740853335
            ],
            "cam_t_m2c": [
                -14.916206453449487,
                -18.469640501838477,
                746.2838871348093
            ],
            "obj_id": 3
        },
        {
            "cam_R_m2c": [
                0.42037978559129563,
                0.6467627160262311,
                0.6363797243917166,
                -0.7346131677171513,
                0.6542645613087444,
                -0.17966790320006082,
                -0.5325636167803441,
                -0.3919648107375238,
                0.7501602266901797
            ],
            "cam_t_m2c": [
                6.647280283098667,
                -77.86609767785723,
                775.3152773077885
            ],
            "obj_id": 3
        },
        {
            "cam_R_m2c": [
                -0.7931243754223819,
                -0.021033707680789254,
                0.60869682035828,
                -0.04130160713779084,
                0.9989599841469818,
                -0.019295465576460627,
                -0.6076578140952649,
                -0.04044414142780456,
                -0.7931688554497767
            ],
            "cam_t_m2c": [
                -17.89154383044095,
                18.02963941699786,
                730.1902376668675
            ],
            "obj_id": 4
        },
        {
            "cam_R_m2c": [
                0.7566387129092818,
                0.3037174173102651,
                0.5790112256187497,
                -0.5170727366868711,
                -0.264036893875916,
                0.8141986453773896,
                0.40016656883664564,
                -0.9154457984083612,
                -0.042736908742249086
            ],
            "cam_t_m2c": [
                24.834388792818345,
                -17.994858087718402,
                747.7300830348594
            ],
            "obj_id": 4
        },
        {
            "cam_R_m2c": [
                0.6626250223250693,
                -0.5149997903532344,
                -0.5437865968456245,
                0.007255824009457125,
                0.7304432156634328,
                -0.6829342487921745,
                0.7489162027877223,
                0.448584223445741,
                0.48774714142286085
            ],
            "cam_t_m2c": [
                -61.14340062734534,
                -60.88582020453242,
                763.7945554728295
            ],
            "obj_id": 4
        },
        {
            "cam_R_m2c": [
                -0.6717446178742551,
                0.7407303774510787,
                0.008839597945508725,
                0.08896006666314651,
                0.0925105861834825,
                -0.991729375773793,
                -0.7354218916407825,
                -0.6654031070025608,
                -0.1280386223995871
            ],
            "cam_t_m2c": [
                -5.034780616040409,
                92.83162509219375,
                739.5799336956403
            ],
            "obj_id": 4
        }
    ],
    "17": [
        {
            "cam_R_m2c": [
                0.3390846211057737,
                -0.030889480213668708,
                -0.9402483587992906,
                -0.8900432931310631,
                -0.3342517031302205,
                -0.30999793940913045,
                -0.3047036821083866,
                0.9419779784386697,
                -0.14083264990938696
            ],
            "cam_t_m2c": [
                32.04443234104056,
                -78.18767012020236,
                793.833764144055
            ],
            "obj_id": 1
        },
        {
            "cam_R_m2c": [
                0.30475820561187517,
                0.4498553673461077,
                -0.8394951499456244,
                0.6228194601781433,
                0.5727197665754588,
                0.5329992598058397,
                0.7205679213290297,
                -0.6852904204946206,
                -0.10563784702874451
            ],
            "cam_t_m2c": [
                -65.76352407288935,
                -4.924728044894284,
                752.7279243718275
            ],
            "obj_id": 1
        },
        {
            "cam_R_m2c": [
                0.29432550456769807,
                -0.9196854141251162,
                0.25990526918180784,
                -0.5201462270519486,
                -0.3822960233161164,
                -0.7637392623825442,
                0.8017613444706533,
                0.08959929104753345,
                -0.590890321637965
            ],
            "cam_t_m2c": [
                -63.215528873028454,
                44.28850040331192,
                742.4009855185266
            ],
            "obj_id": 1
        },
        {
            "cam_R_m2c": [
                -0.17399351856942974,
                0.17050916686781828,
                -0.9698723565048728,
                -0.8074436479689885,
                0.5390854259061593,
                0.23962844000702008,
                0.5637035615446927,
                0.8248111785922175,
                0.043878963492415164
            ],
            "cam_t_m2c": [
                40.79236352204274,
                56.138470756631335,
                757.8435280332734
            ],
            "obj_id": 1
        },
        {
            "cam_R_m2c": [
                -0.9082408485948709,
                0.34038398107615336,
                0.24338612865828949,
                -0.32535472668304527,
                -0.20867802599560917,
                -0.9222785332880742,
                -0.2631395394557174,
                -0.916838422180901,
                0.3002759931002212
            ],
            "cam_t_m2c": [
                -41.77622212094727,
                -29.94993873231752,
                782.3092233986958
            ],
            "obj_id": 1
        },
        {
            "cam_R_m2c": [
                0.7130056213203387,
                0.09697755700942691,
                -0.6944191166313555,
                -0.2578627665355934,
                0.957248268849732,
                -0.13108244424364265,
                0.6520196825720682,
                0.27252700154276577,
                0.7075308626184152
            ],
            "cam_t_m2c": [
                -57.29819960710043,
                -75.27834782433969,
                770.2334164801149
            ],
            "obj_id": 1
        },
        {
            "cam_R_m2c": [
                -0.0321556031591633,
                -0.00241103478159748,
                0.9994797235871997,
                -0.5863108310921622,
                -0.8098187066618621,
                -0.020816509311516587,
                0.8094482877439553,
                -0.5866750653821715,
                0.024626512473069916
            ],
            "cam_t_m2c": [
                31.628536188606834,
                -18.70760122082043,
                777.097839897853
            ],
            "obj_id": 1
        },
        {
            "cam_R_m2c": [
                -0.2683416910886596,
                -0.7961672292622906,
                -0.5423190751035855,
                -0.44345909898926295,
                0.6018630581990053,
                -0.6641572156404237,
                0.8551827905126984,
                0.0622751459151168,
                -0.5145726020019278
            ],
            "cam_t_m2c": [
                47.261239726881364,
                86.45922158133541,
                728.588870307744
            ],
            "obj_id": 2
        },
        {
            "cam_R_m2c": [
                0.6826552513903386,
                0.7304665413664363,
                0.019998754276395785,
                -0.574109108070046,
                0.5191985900005106,
                0.6331127668373725,
                0.45208480608953466,
                -0.44367971067033596,
                0.7738010784189342
            ],
            "cam_t_m2c": [
                -4.677063813780647,
                85.23261090216455,
                728.9052396536666
            ],
            "obj_id": 2
        },
        {
            "cam_R_m2c": [
                -0.9918718649242834,
                0.04029238851789485,
                0.1206906634216327,
                -0.1259769571789653,
                -0.17772255024360054,
                -0.9759838688166858,
                -0.017875312073749122,
                -0.9832556695434077,
                0.18135446708433112
            ],
            "cam_t_m2c": [
                -74.31665175922095,
                -30.28350330037766,
                774.9765768028478
            ],
            "obj_id": 2
        },
        {
            "cam_R_m2c": [
                -0.010493802305538298,
                -0.21255644238043725,
                0.9770922096387772,
                -0.742762974539165,
                0.6558651892654412,
                0.13469977746222012,
                -0.6694721038164023,
                -0.7243350464279893,
                -0.16476190665287763
            ],
            "cam_t_m2c": [
                -20.31199056351032,
                36.343509923900164,
                759.675444622455
            ],
            "obj_id": 2
        },
        {
            "cam_R_m2c": [
                0.9997441244902998,
                0.009521017598629918,
                -0.020506999067372876,
                -0.0007268754517312383,
                0.9200760620088841,
                0.3917389900287757,
                0.02259779703079976,
                -0.39162446274742546,
                0.9198480232334588
            ],
            "cam_t_m2c": [
                16.317702278046305,
                -49.3594093506111,
                772.9456861831347
            ],
            "obj_id": 2
        },
        {
            "cam_R_m2c": [
                -0.9847174932489129,
                -0.11203287000987808,
                0.13334016416406072,
                -0.1601608737054019,
                0.8832692257766794,
                -0.44066309465834475,
                -0.0684066190258228,
                -0.45528520478082324,
                -0.8877142524817128
            ],
            "cam_t_m2c": [
                -3.990058356296232,
                -24.189935761618923,
                747.4700671568794
            ],
            "obj_id": 3
        },
        {
            "cam_R_m2c": [
                0.7517189386149222,
                0.33521079199689857,
                0.56793654276002,
                -0.41953357641298744,
                0.9075272181782664,
                0.019647586139758037,
                -0.5088319816421651,
                -0.25303854575251244,
                0.822837799032416
            ],
            "cam_t_m2c": [
                46.05734369730439,
                -59.479571700326474,
                763.7659022862767
            ],
            "obj_id": 3
        },
        {
            "cam_R_m2c": [
                -0.597047537978957,
                -0.716713524806024,
                0.36035463735885886,
                -0.7010162980873497,
                0.6845271587734232,
                0.1999967331488862,
                -0.390012896010375,
                -0.1332073478423947,
                -0.9111237266931347
            ],
            "cam_t_m2c": [
                -22.10550039603117,
                9.85086146953982,
                729.4784644044521
            ],
            "obj_id": 4
        },
        {
            "cam_R_m2c": [
                0.8863699173000927,
                0.4568911407338834,
                -0.07482232031034644,
                0.02190657985011422,
                0.12004158694901043,
                0.9925272311310757,
                0.46245871610148065,
                -0.8813858583102027,
                0.09639184466394397
            ],
            "cam_t_m2c": [
                31.05817468695531,
                0.7134064207827437,
                740.9354520149873
            ],
            "obj_id": 4
        },
        {
            "cam_R_m2c": [
                0.809627133926164,
                -0.5791400091254992,
                0.09539526733399914,
                0.3522864786795869,
                0.34948261698853395,
                -0.8681913182914002,
                0.4694655009213283,
                0.7365179043710499,
                0.4869744990474036
            ],
            "cam_t_m2c": [
                -17.551007992604525,
                -78.20471865779274,
                771.6733658086979
            ],
            "obj_id": 4
        },
        {
            "cam_R_m2c": [
                -0.6478126731556169,
                0.5782533440562391,
                0.49594487670478155,
                -0.47028402401438085,
                0.20859549191663326,
                -0.8575084748957837,
                -0.599309142892099,
                -0.7887404811619428,
                0.13681285568758805
            ],
            "cam_t_m2c": [
                -46.634098578384055,
                87.9853065392425,
                736.92346770041
            ],
            "obj_id": 4
        }
    ],
    "21": [
        {
            "cam_R_m2c": [
                0.6032168723243777,
                0.023778604768578734,
                -0.7972233779846963,
                -0.6710598442018273,
                -0.5250833057701354,
                -0.5234171917355076,
                -0.43105477569541767,
                0.8507184182887183,
                -0.30078225648359475
            ],
            "cam_t_m2c": [
                58.106116587332984,
                -64.3824423925584,
                789.1288596294434
            ],
            "obj_id": 1
        },
        {
            "cam_R_m2c": [
                0.06174855960057649,
                -0.000544199860186318,
                -0.9980921394678139,
                0.7351755791737014,
                0.6763733921370623,
                0.045113921043955355,
                0.6750583380736419,
                -0.7365584447699048,
                0.04216530952567202
            ],
            "cam_t_m2c": [
                -61.59099330166127,
                -23.56971085318719,
                756.935694779376
            ],
            "obj_id": 1
        },
        {
            "cam_R_m2c": [
                0.35110049281375727,
                -0.8763866087186049,
                0.32966046325350695,
                -0.4583104392677403,
                -0.4678651589529127,
                -0.7556806438917791,
                0.8165046470350746,
                0.11423287063585748,
                -0.56592484059138
            ],
            "cam_t_m2c": [
                -72.64731683320639,
                22.92367307310054,
                748.9536198632318
            ],
            "obj_id": 1
        },
        {
            "cam_R_m2c": [
                0.22375453746971577,
                -0.17450892598591833,
                -0.9588960514846274,
                -0.7498774618493871,
                0.597638678465019,
                -0.2837450156576631,
                0.6225890429728074,
                0.7825436913826949,
                0.0028640871918185025
            ],
            "cam_t_m2c": [
                24.089162762978397,
                67.54204087732357,
                751.4565590346507
            ],
            "obj_id": 1
        },
        {
            "cam_R_m2c": [
                -0.7593430636842344,
                0.20310345249287853,
                0.6181813755984037,
                -0.639658895592651,
                -0.05879934671582733,
                -0.7664062803251381,
                -0.11931111559149978,
                -0.977390233746375,
                0.17456547378504098
            ],
            "cam_t_m2c": [
                -27.28893858026968,
                -40.32215641154458,
                783.0851617902084
            ],
            "obj_id": 1
        },
        {
            "cam_R_m2c": [
                0.9234044459303241,
                -0.299593037896555,
                -0.23993609019392098,
                0.19832112522059855,
                0.9076067794454646,
                -0.370024400403443,
                0.32862412012718434,
                0.2940979354247328,
                0.8975035287157488
            ],
            "cam_t_m2c": [
                -26.163367577228502,
                -89.37142460360923,
                780.460805561011
            ],
            "obj_id": 1
        },
        {
            "cam_R_m2c": [
                0.10243583539876544,
                0.12313367021396697,
                0.9870897054200027,
                -0.512409328603252,
                -0.8439946038528432,
                0.1584588715959464,
                0.8526096759104205,
                -0.5220258559238872,
                -0.023360248164511318
            ],
            "cam_t_m2c": [
                34.50380758439091,
                -6.104369604870977,
                769.2499647413324
            ],
            "obj_id": 1
        },
        {
            "cam_R_m2c": [
                0.05750393987693727,
                -0.8664081808413834,
                -0.49601534671349795,
                -0.6517261342862953,
                0.3437886504947762,
                -0.6760634830201196,
                0.7562710499681938,
                0.36214259015266537,
                -0.5448915951758084
            ],
            "cam_t_m2c": [
                15.300860690499348,
                102.17841229593968,
                728.7100195750074
            ],
            "obj_id": 2
        },
        {
            "cam_R_m2c": [
                0.8549530595881718,
                0.5070423233457637,
                -0.10938197734138712,
                -0.23341871568718287,
                0.5643951362264024,
                0.7918164764538702,
                0.46321888062815125,
                -0.6514337702171628,
                0.6008845280069411
            ],
            "cam_t_m2c": [
                -31.021426983695143,
                84.7171322353387,
                732.0987221897515
            ],
            "obj_id": 2
        },
        {
            "cam_R_m2c": [
                -0.9351409258715164,
                0.15210090966990708,
                0.31996532944302436,
                -0.3382472194878022,
                -0.11472235137101357,
                -0.9340380445872674,
                -0.1053609526995214,
                -0.9816843181009213,
                0.15872906032457265
            ],
            "cam_t_m2c": [
                -58.94856541110155,
                -51.07364059702141,
                778.7108575904485
            ],
            "obj_id": 2
        },
        {
            "cam_R_m2c": [
                0.3389002719357455,
                -0.47811014638787397,
                0.8102829051044783,
                -0.6341313710938637,
                0.5201356280273952,
                0.57213260094962,
                -0.694999291865057,
                -0.707721529660683,
                -0.12691029739678725
            ],
            "cam_t_m2c": [
                -33.81618240229311,
                29.118222189606744,
                755.5247352923896
            ],
            "obj_id": 2
        },
        {
            "cam_R_m2c": [
                0.9744278761758444,
                -0.2043030018407148,
                0.09355027396175082,
                0.17150856251875662,
                0.9452104374392243,
                0.27777959287192894,
                -0.1451759421457752,
                -0.2546311607133927,
                0.9560789035582473
            ],
            "cam_t_m2c": [
                27.12442584560703,
                -38.43892329963585,
                769.3916464797168
            ],
            "obj_id": 2
        },
        {
            "cam_R_m2c": [
                -0.9291576936914093,
                -0.19835714839989965,
                0.31196390830607973,
                -0.28842846726208604,
                0.9168266077063671,
                -0.27611124562961986,
                -0.23124822741155582,
                -0.34652995528180497,
                -0.9090881342478104
            ],
            "cam_t_m2c": [
                1.4993676280416515,
                -17.743722630086353,
                745.3361549348493
            ],
            "obj_id": 3
        },
        {
            "cam_R_m2c": [
                0.8001983412621082,
                0.008334216856678475,
                0.5996784259436967,
                -0.2035147438051099,
                0.9443460551752303,
                0.2584409425674723,
                -0.5641498553229495,
                -0.3288471753270621,
                0.7573601969832
            ],
            "cam_t_m2c": [
                69.40325009244668,
                -36.420361920024256,
                763.550364699789
            ],
            "obj_id": 3
        },
        {
            "cam_R_m2c": [
                -0.354087659934868,
                -0.8644295465557316,
                0.3569097983838732,
                -0.7444974360984862,
                0.49151030869125945,
                0.45181915663278316,
                -0.5659906786393515,
                -0.10573484550458111,
                -0.8176030165545524
            ],
            "cam_t_m2c": [
                -31.249130647266057,
                0.6895732358603042,
                733.5723774216452
            ],
            "obj_id": 4
        },
        {
            "cam_R_m2c": [
                0.9402856545482203,
                0.14924216829739886,
                -0.3059260670663463,
                0.2661079813009417,
                0.23812385593852764,
                0.9340679420088273,
                0.21225048438214203,
                -0.9596998465233817,
                0.18419002810738272
            ],
            "cam_t_m2c": [
                27.238984753897437,
                17.824689382607954,
                735.1554437816451
            ],
            "obj_id": 4
        },
        {
            "cam_R_m2c": [
                0.5413014439829564,
                -0.6671642296358201,
                0.5117477300103654,
                0.724346853001048,
                0.06093501353387928,
                -0.686737225560834,
                0.42698313725722425,
                0.7424145680504753,
                0.5162421109601043
            ],
