{
    "3": [
        {
            "cam_R_m2c": [
                0.8793282719864182,
                -0.26764890813904163,
                0.3938859772887599,
                -0.46699684178257106,
                -0.3226743411013383,
                0.8232834401363811,
                -0.09325369964316836,
                -0.9078791686620089,
                -0.40872784890205494
            ],
            "cam_t_m2c": [
                134.88452629832028,
                -19.66645371311396,
                775.0743471438639
            ],
            "obj_id": 1
        },
        {
            "cam_R_m2c": [
                -0.26583602079330826,
                -0.5995730832676371,
                -0.754879875630149,
                -0.043137283531317905,
                0.7896698350100851,
                -0.6120140019118345,
                0.9630523037523927,
                -0.13013215626158528,
                -0.23578629463585818
            ],
            "cam_t_m2c": [
                42.64480349085051,
                -55.6998922712469,
                789.3748392751522
            ],
            "obj_id": 1
        },
        {
            "cam_R_m2c": [
                0.3786937079368913,
                -0.9252989573987335,
                0.020328325844679196,
                -0.8806188036207123,
                -0.3669918497228461,
                -0.2997130320345371,
                0.28478466128865393,
                0.09559792915419428,
                -0.9538123693386568
            ],
            "cam_t_m2c": [
                -48.55377346858759,
                112.85544856880676,
                723.3709102669523
            ],
            "obj_id": 1
        },
        {
            "cam_R_m2c": [
                -0.5507177483925612,
                0.8346738834243114,
                0.005456438170773814,
                0.7965324368268806,
                0.5274831842921696,
                -0.29546232519145654,
                -0.24949304120784774,
                -0.15837014701204652,
                -0.9553383798326913
            ],
            "cam_t_m2c": [
                -68.10837363354115,
                -106.28991373496149,
                784.6746918034314
            ],
            "obj_id": 4
        },
        {
            "cam_R_m2c": [
                0.9819052862440143,
                0.14463767621707488,
                0.1222384929855955,
                0.1306524226026158,
                -0.050145900603202204,
                -0.9901594557944104,
                -0.13708447079991118,
                0.9882128969073616,
                -0.0681353406747985
            ],
            "cam_t_m2c": [
                -48.96920634223291,
                9.366858645384685,
                764.1264625569103
            ],
            "obj_id": 4
        },
        {
            "cam_R_m2c": [
                -0.08758972675506968,
                -0.9961265728735699,
                0.007759180033310478,
                -0.9614354306302605,
                0.08249594508165606,
                -0.26236758755324496,
                0.26071138113906206,
                -0.03044072624633652,
                -0.9649363843876264
            ],
            "cam_t_m2c": [
                -111.7791950591158,
                18.16892633734894,
                749.285222172418
            ],
            "obj_id": 7
        },
        {
            "cam_R_m2c": [
                -0.9287223749198038,
                0.3580219379230251,
                -0.09641244942764977,
                0.37071181583589485,
                0.8917585764384809,
                -0.25949910918624525,
                -0.006929972884368927,
                -0.2767439814397532,
                -0.9609183365302363
            ],
            "cam_t_m2c": [
                35.587662236709306,
                66.36710682749916,
                729.7108974786016
            ],
            "obj_id": 9
        }
    ],
    "10": [
        {
            "cam_R_m2c": [
                0.95808872917364,
                -0.20188202311992878,
                -0.20324621017298858,
                0.07940337956077016,
                -0.49453918308736206,
                0.8655204835976393,
                -0.2752461004637303,
                -0.8453842427261644,
                -0.45778228274507793
            ],
            "cam_t_m2c": [
                125.83688615037467,
                65.44312916409595,
                750.6281593281026
            ],
            "obj_id": 1
        },
        {
            "cam_R_m2c": [
                -0.03909726727372708,
                -0.9510891733649067,
                -0.3064313600042845,
                -0.11487449178662605,
                0.308910491901608,
                -0.9441280427908498,
                0.99261006327037,
                -0.0017118051274681665,
                -0.12133375533353877
            ],
            "cam_t_m2c": [
                71.93199739196454,
                -14.228214668401185,
                777.1456620059057
            ],
            "obj_id": 1
        },
        {
            "cam_R_m2c": [
                0.8417534171948405,
                -0.5398066854163397,
                0.007701783178745593,
                -0.5174956078752025,
                -0.8108624765506431,
                -0.2733128718949641,
                0.1537813082395426,
                0.22607617692198093,
                -0.9618941901489473
            ],
            "cam_t_m2c": [
                -104.6558120244334,
                71.269725272257,
                734.5123839478499
            ],
            "obj_id": 1
        },
        {
            "cam_R_m2c": [
                -0.9362792320487011,
                0.3503843801643824,
                0.02472568743604832,
                0.328594354687671,
                0.8985772259706167,
                -0.2908338321930811,
                -0.12412172372361643,
                -0.26417675597900936,
                -0.9564538665730857
            ],
            "cam_t_m2c": [
                8.948532910235468,
                -119.8319900048849,
                788.7459846103122
            ],
            "obj_id": 4
        },
        {
            "cam_R_m2c": [
                0.6949222060580919,
                0.33302049415409335,
                0.6373224213296059,
                0.6507239972074205,
                0.08593090540675576,
                -0.7544360489670786,
                -0.3060081583485324,
                0.9389957097522643,
                -0.15698920865550986
            ],
            "cam_t_m2c": [
                -43.76664857317815,
                -12.943668729948913,
                771.4431685321515
            ],
            "obj_id": 4
        },
        {
            "cam_R_m2c": [
                0.5002273948203613,
                -0.8658735474530077,
                -0.005911305174803616,
                -0.8349824250654578,
                -0.4805512232622967,
                -0.26809414138144366,
                0.22929493156598327,
                0.1390436194122946,
                -0.9633744178756937
            ],
            "cam_t_m2c": [
                -101.64266095176247,
                -41.11700979582766,
                768.8602635092296
            ],
            "obj_id": 7
        },
        {
            "cam_R_m2c": [
                -0.9597454559614037,
                -0.2536992221762092,
                -0.12051872365588939,
                -0.20533538277466448,
                0.9265338468568732,
                -0.3152332445858182,
                0.19163891050262805,
                -0.2777968462759775,
                -0.9413304380547369
            ],
            "cam_t_m2c": [
                -9.254499884019594,
                79.55283580981485,
                724.2581914473526
            ],
            "obj_id": 9
        }
    ],
    "14": [
        {
            "cam_R_m2c": [
                0.8554984008490176,
                -0.11236944821424522,
                -0.5054649256050133,
                0.3725010317405566,
                -0.5445031619454036,
                0.7515047098155729,
                -0.3596738474355881,
                -0.8311975130644934,
                -0.4239642647573177
            ],
            "cam_t_m2c": [
                96.59218142350609,
                105.1256529138047,
                737.749403174932
            ],
            "obj_id": 1
        },
        {
            "cam_R_m2c": [
                0.12373810573045607,
                -0.9923144935546244,
                -5.925428841610289e-05,
                -0.11658788959932966,
                -0.014479076909127463,
                -0.9930748650575716,
                0.9854422573604767,
                0.12288827372274323,
                -0.11748317479561109
            ],
            "cam_t_m2c": [
                75.25619864699745,
                11.872364017019672,
                768.9500508878846
            ],
            "obj_id": 1
        },
        {
            "cam_R_m2c": [
                0.9780086549673562,
                -0.2085594114535309,
                0.0011063900163288275,
                -0.1990449523894205,
                -0.9349511698215611,
                -0.2936792076873871,
                0.06228400298167446,
                0.28700109199431784,
                -0.9559034282693359
            ],
            "cam_t_m2c": [
                -124.07780994269254,
                36.611200578608084,
                745.4066615913179
            ],
            "obj_id": 1
        },
        {
            "cam_R_m2c": [
                -0.9999603783110336,
                0.008771250696061618,
                -0.0012235402576327085,
                0.008765425044592604,
                0.9605539287874166,
                -0.2779557059027502,
                -0.0012626552781566458,
                -0.27795590243399587,
                -0.9605931468676897
            ],
            "cam_t_m2c": [
                51.47591873132248,
                -106.50431513083119,
                785.6984772610426
            ],
            "obj_id": 4
        },
        {
            "cam_R_m2c": [
                0.4334462455221154,
                0.3599382360700657,
                0.8261767411005323,
                0.8227628543132424,
                0.21598069353552696,
                -0.5257505638115241,
                -0.3676764878016332,
                0.9076325045618587,
                -0.2025278126978638
            ],
            "cam_t_m2c": [
                -32.9434077585008,
                -23.006471891909364,
                774.1750218058462
            ],
            "obj_id": 4
        },
        {
            "cam_R_m2c": [
                0.76631103741164,
                -0.6422525030978408,
                0.016682285578684296,
                -0.6135027561741686,
                -0.7392236581124171,
                -0.277781949951881,
                0.19073831641566755,
                0.20263318812114628,
                -0.9604993336352322
            ],
            "cam_t_m2c": [
                -80.18964993432431,
                -67.41947173664232,
                776.2771307559676
            ],
            "obj_id": 7
        },
        {
            "cam_R_m2c": [
                -0.8313431689285045,
                -0.5475284848847642,
                -0.09529050147525304,
                -0.4850929171872049,
                0.7985613303203668,
                -0.3563491382459025,
                0.2712070146215519,
                -0.25002402958733855,
                -0.9294810435370783
            ],
            "cam_t_m2c": [
                -37.58979135267042,
                74.59616092020512,
                725.1197545738307
            ],
            "obj_id": 9
        }
    ],
    "22": [
        {
            "cam_R_m2c": [
                0.3550014255387996,
                0.07483433021674865,
                -0.9318654556391904,
                0.7911737006419229,
                -0.5550522915574838,
                0.25683032548673396,
                -0.49801360692433155,
                -0.828442508275464,
                -0.2562514194227371
            ],
            "cam_t_m2c": [
                6.018136823223333,
                147.57440782524722,
                722.5827397209581
            ],
            "obj_id": 1
        },
        {
            "cam_R_m2c": [
                0.33176182436267915,
                -0.7349823691261713,
                0.5913834763235641,
                0.044494804948100125,
                -0.6139993040650712,
                -0.7880518559187805,
                0.9423130731028494,
                0.2877583245329789,
                -0.1709987818780215
            ],
            "cam_t_m2c": [
                53.58641697926122,
                62.915745763074845,
                753.577732361237
            ],
            "obj_id": 1
        },
        {
            "cam_R_m2c": [
                0.893095475380941,
                0.44983207260798186,
                -0.0055676273747755755,
                0.42910633910288987,
                -0.8555334941212046,
                -0.2897082366122622,
                -0.1350827473047735,
                0.25634763034010044,
                -0.9570986760137061
            ],
            "cam_t_m2c": [
                -117.96420593829698,
                -43.079914128534085,
                768.1763392516125
            ],
            "obj_id": 1
        },
        {
            "cam_R_m2c": [
                -0.7658712856470762,
                -0.6429835904846944,
                0.0035660045889545507,
                -0.617502959748287,
                0.7339528945177348,
                -0.28284957883213213,
                0.1792496893216846,
                -0.21882813309340737,
                -0.9591575135651688
            ],
            "cam_t_m2c": [
                110.09624744224635,
                -43.37810873731041,
                766.5630102990499
            ],
            "obj_id": 4
        },
        {
            "cam_R_m2c": [
                -0.2593253019682083,
                0.30792890128754336,
                0.9153849517174434,
                0.8757830640117628,
                0.4745274951710818,
                0.08847805256763305,
                -0.4071298820618428,
                0.8246232553123032,
                -0.39273536635875445
            ],
            "cam_t_m2c": [
                -6.6005047363864975,
                -30.808095805555258,
                777.3271297786376
            ],
            "obj_id": 4
        },
        {
            "cam_R_m2c": [
                0.9998697062900465,
                0.015421050903193678,
                -0.004712915142897657,
                0.01332593468795003,
                -0.9548064517332449,
                -0.29693048019765955,
                -0.009078538302950188,
                0.29682838671753925,
                -0.9548873268160943
            ],
            "cam_t_m2c": [
                -14.866170914833711,
                -94.71335704430308,
                784.2535618356752
            ],
            "obj_id": 7
        },
        {
            "cam_R_m2c": [
                -0.2798262329859747,
                -0.9600503600356272,
                -2.807310489312913e-05,
                -0.8750590496467385,
                0.2550663465903128,
                -0.4113556791399343,
                0.39492863307555537,
                -0.11508372875707802,
                -0.9114748836456631
            ],
            "cam_t_m2c": [
                -78.26258025531487,
                38.51160563659741,
                735.3111740284081
            ],
            "obj_id": 9
        }
    ],
    "29": [
        {
            "cam_R_m2c": [
                -0.22836962438037156,
                0.24026997694760682,
                -0.9434601084538663,
                0.821834285641788,
                -0.47196258381387857,
                -0.3191234459607864,
                -0.5219542864626622,
                -0.8482463521891853,
                -0.08968004082507111
            ],
            "cam_t_m2c": [
                -80.13205356492642,
                131.46727175411854,
                727.4060823579089
            ],
            "obj_id": 1
        },
        {
            "cam_R_m2c": [
                0.3781821089853269,
                -0.2130915420146802,
                0.90087158865549,
                0.2907657200284935,
                -0.896554831376318,
                -0.334132891525008,
                0.8788820642238862,
                0.38830627478478796,
                -0.27710141687123346
            ],
            "cam_t_m2c": [
                9.408545845346127,
                87.63601362967052,
                746.9284235588747
            ],
            "obj_id": 1
        },
        {
            "cam_R_m2c": [
                0.4588530963884207,
                0.8880931592950959,
                0.02727100135612086,
                0.8536852085585285,
                -0.4321511407323157,
                -0.2906320747626796,
                -0.24632370604311649,
                0.1566384729746897,
                -0.9564463731462757
            ],
            "cam_t_m2c": [
                -70.22601645742684,
                -94.3928677716422,
                785.8753133663797
            ],
            "obj_id": 1
        },
        {
            "cam_R_m2c": [
                -0.2674085666851617,
                -0.9631776455039861,
                0.027943095271175254,
                -0.9221177198628933,
                0.24737852419551346,
                -0.29749423947499176,
                0.27962784360761295,
                -0.10531940510029995,
                -0.9543147992179271
            ],
            "cam_t_m2c": [
                117.14978093904898,
                32.20368154277317,
                745.4720104984124
            ],
            "obj_id": 4
        },
        {
            "cam_R_m2c": [
                -0.7670911334082819,
                0.1221613682877055,
                0.6297992805237556,
                0.5625980344785925,
                0.5998805444785869,
                0.5688820963619503,
                -0.3083092725210449,
                0.790708485558877,
                -0.5288914069633228
            ],
            "cam_t_m2c": [
                14.28002977488365,
                -22.7865005585642,
                776.0469201678437
            ],
            "obj_id": 4
        },
        {
            "cam_R_m2c": [
                0.8280573894686271,
                0.5606008528055514,
                0.006853009505289476,
                0.5370811077262027,
                -0.7896920353967849,
                -0.29653064460102796,
                -0.16082395594123142,
                0.24922543456577528,
                -0.954998945645619
            ],
            "cam_t_m2c": [
                46.126769571102905,
                -80.22356673980296,
                780.6861899656697
            ],
            "obj_id": 7
        },
        {
            "cam_R_m2c": [
                0.3125383342396935,
                -0.9470927394143243,
                0.07303736562427712,
                -0.8622414453541383,
                -0.31511726558862174,
                -0.3965360625939008,
                0.39857231884377725,
                0.060957137073726346,
                -0.9151092658293541
            ],
            "cam_t_m2c": [
                -89.27651335601928,
                -5.892661086707445,
                750.2724296792185
            ],
            "obj_id": 9
        }
    ],
    "41": [
        {
            "cam_R_m2c": [
                -0.9276480741966554,
                0.30367922697908123,
                -0.21736659709975553,
                0.17157868845492427,
                -0.17041072026726117,
                -0.9703203717822769,
                -0.3317074472326489,
                -0.9374110360642587,
                0.1059766740608
            ],
            "cam_t_m2c": [
                -156.71066534357158,
                11.15946471467474,
                764.336048649142
            ],
            "obj_id": 1
        },
        {
            "cam_R_m2c": [
                0.1612082308120327,
                0.733733319859285,
                0.6600360636370138,
                0.6138830497795473,
                -0.5982087862825345,
                0.515067506360031,
                0.7727610606313755,
                0.32215173976364536,
                -0.5468628296134211
            ],
            "cam_t_m2c": [
                -71.7314094947422,
                63.2289591352218,
                754.2480360591908
            ],
            "obj_id": 1
        },
        {
            "cam_R_m2c": [
                -0.530323989055882,
                0.8473447432565242,
                0.027633983036818754,
                0.808699586217053,
                0.5153841507848017,
                -0.28352221366210506,
                -0.2544832314587579,
                -0.1280114132089564,
                -0.9585675225996448
            ],
            "cam_t_m2c": [
                49.125973762930904,
                -95.06922211046813,
                786.2807016762596
            ],
            "obj_id": 1
        },
        {
            "cam_R_m2c": [
                0.6886679078876086,
                -0.7246454229401186,
                0.02501618704095104,
                -0.6885647333717572,
                -0.6644105984063745,
                -0.2905818900365228,
                0.22718983868314968,
                0.18288953615584327,
                -0.9565231484966239
            ],
            "cam_t_m2c": [
                29.88519933993062,
                121.00051447051666,
                717.667950583757
            ],
            "obj_id": 4
        },
        {
            "cam_R_m2c": [
                -0.9277133884874884,
                -0.23839165174828048,
                -0.2872587004528128,
                -0.372598574694525,
                0.5443966055542417,
                0.7515339845905299,
                -0.022776384397072438,
                0.8042399407835561,
                -0.5938684192770952
            ],
            "cam_t_m2c": [
                30.730865191363435,
                11.231602602892078,
                765.2346261737925
            ],
            "obj_id": 4
        },
        {
            "cam_R_m2c": [
                -0.07438909075498217,
                0.9968877444372731,
                0.026103024105374985,
                0.9525206742888029,
                0.07877981111741984,
                -0.29410674005364756,
                -0.29524801556647684,
                0.002985027354821836,
                -0.9554161587992933
            ],
            "cam_t_m2c": [
                94.17989002100954,
                8.422456611553734,
                755.1567943236755
            ],
            "obj_id": 7
        },
        {
            "cam_R_m2c": [
                0.9746057315468171,
                -0.17512054175892836,
                0.139559047739043,
                -0.12830379855752977,
                -0.947490882462995,
                -0.29291614229766416,
                0.18352628350127606,
                0.2675721093688152,
                -0.945898311750415
            ],
            "cam_t_m2c": [
                -41.62484773300964,
                -67.34637264793598,
                768.4970963799263
            ],
            "obj_id": 9
        }
    ],
    "50": [
        {
            "cam_R_m2c": [
                -0.8463440079716832,
                0.12423936340960642,
                0.5179440326539299,
                -0.5251996740743622,
                -0.032726981320283406,
                -0.8503492639223558,
                -0.08869603897486629,
                -0.9917125224972461,
                0.0929487864276662
            ],
            "cam_t_m2c": [
                -115.57267413112702,
                -90.36980037363787,
                795.6512061225143
            ],
            "obj_id": 1
        },
        {
            "cam_R_m2c": [
                -0.1368769479629247,
                0.990544224674789,
                -0.009298231517158936,
                0.6258913194319355,
                0.09375611495738612,
                0.7742541407933033,
                0.7678050839508405,
                0.10015779865425149,
                -0.6328064188523105
            ],
            "cam_t_m2c": [
                -93.23450388923692,
                5.508644406412537,
                770.9911713127759
            ],
            "obj_id": 1
        },
        {
            "cam_R_m2c": [
                -0.9728691225337502,
                0.22986575033385742,
                0.026211190772722458,
                0.2121094954829982,
                0.9314372407954454,
                -0.295692161751064,
                -0.09238351595798973,
                -0.2821103247286933,
                -0.9549236811962873
            ],
            "cam_t_m2c": [
                105.49140330034714,
                -26.240878885998537,
                767.0052057855611
            ],
            "obj_id": 1
        },
        {
            "cam_R_m2c": [
                0.9994379808839353,
                -0.02011323415066049,
                0.026810471551653066,
                -0.011386698199583122,
                -0.9561087124743932,
                -0.29279019311069526,
                0.031522585008075595,
                0.2923205332324575,
                -0.9558008262109788
            ],
            "cam_t_m2c": [
                -68.86049252946223,
                111.80121824923026,
                719.2641111448723
            ],
            "obj_id": 4
        },
        {
            "cam_R_m2c": [
                -0.40963796928868135,
                -0.391297919074743,
                -0.824064492596812,
                -0.8988406164624786,
                0.32743129275373145,
                0.2913312839138469,
                0.1558273277023828,
                0.8600434374213616,
                -0.48584290777108863
            ],
            "cam_t_m2c": [
                16.406547201946246,
                37.67939160806317,
                758.0283738802503
            ],
            "obj_id": 4
        },
        {
            "cam_R_m2c": [
                -0.7729907104549238,
                0.6341218314956099,
                0.019351260586604475,
                0.6032173478202566,
                0.7440824283106853,
                -0.2871755493703604,
                -0.19650326498107967,
                -0.21031121846503065,
                -0.9576825444820717
            ],
            "cam_t_m2c": [
                61.24027384010868,
                76.7075829189905,
                733.8888641107768
            ],
            "obj_id": 7
        },
        {
            "cam_R_m2c": [
                0.8208030510948,
                0.5578399119772085,
                0.1228682604104019,
                0.5710020119614577,
                -0.795474550610798,
                -0.20292010259206397,
                -0.015458477223895975,
                0.23671555388798532,
                -0.9714561063115185
            ],
            "cam_t_m2c": [
                19.5443756289052,
                -69.24385861136203,
                771.0364081067767
            ],
            "obj_id": 9
        }
    ],
    "60": [
        {
            "cam_R_m2c": [
                -0.17829489506699572,
                -0.13185303778740776,
                0.9751030762611366,
                -0.9831329837039672,
                -0.01716559069990649,
                -0.18208450585794925,
                0.04074678366784556,
                -0.9911209394485528,
                -0.1265691774793612
            ],
            "cam_t_m2c": [
                1.268024085220519,
                -133.54048093059535,
                808.4759948759519
            ],
            "obj_id": 1
        },
        {
            "cam_R_m2c": [
                -0.37632848035942285,
                0.5995429688793231,
                -0.7063465252683317,
                0.4241715737665286,
                0.7892917704200038,
                0.4439559250034924,
                0.8236846117394482,
                -0.13253930913685083,
                -0.5513417808501071
            ],
            "cam_t_m2c": [
                -61.09161338291066,
                -55.850334843440216,
                788.3835583220839
            ],
            "obj_id": 1
        },
        {
            "cam_R_m2c": [
                -0.7962147863254083,
                -0.6046528123683609,
                0.020912445716280082,
                -0.5855648016201818,
                0.7614648760078111,
                -0.27800178842891154,
                0.15217106946490877,
                -0.23359444299001855,
                -0.9603532365254466
            ],
            "cam_t_m2c": [
                90.87206589165547,
                67.80011015162557,
                736.8444828410491
            ],
            "obj_id": 1
        },
        {
            "cam_R_m2c": [
                0.6551872033539852,
                0.7549169951931861,
                0.028816937178822773,
                0.7285350145138231,
                -0.6212767598765353,
                -0.2885338882379634,
                -0.19991635511189948,
                0.21003745813780822,
                -0.957036280989558
            ],
            "cam_t_m2c": [
                -133.8032789387422,
                29.561792529760403,
                741.9528481038514
            ],
            "obj_id": 4
        },
        {
            "cam_R_m2c": [
                0.40465268824618567,
                -0.30260798899081603,
                -0.8629512944927177,
                -0.9002007980070134,
                0.034241400500343515,
                -0.43412664532545403,
                0.16091866552971656,
                0.9525003990680467,
                -0.25855156855153677
            ],
            "cam_t_m2c": [
                -17.19116255289101,
                44.73799907342905,
                755.2925377724468
            ],
            "obj_id": 4
        },
        {
            "cam_R_m2c": [
                -0.9846873705886141,
                -0.17206131375097056,
                0.02803632397376327,
                -0.17240073979203743,
                0.9372518061635323,
                -0.3030460524975026,
                0.025866059314592568,
                -0.30323911428496014,
                -0.9525637613733922
            ],
            "cam_t_m2c": [
                -19.766421006096138,
                102.8184479100564,
                725.6651632060423
            ],
            "obj_id": 7
        },
        {
            "cam_R_m2c": [
                0.08879324865058491,
                0.9958780616489454,
                0.018519593465422715,
                0.9825040181316594,
                -0.0845147824394432,
                -0.1659607690423253,
                -0.16371166478169508,
                0.032931142249237495,
                -0.9859588132297581
            ],
            "cam_t_m2c": [
                66.53894610303536,
                -23.872071561954762,
                756.0447592215859
            ],
            "obj_id": 9
        }
    ],
    "72": [
        {
            "cam_R_m2c": [
                0.7133460407049692,
                -0.2892599035496283,
                0.6383314912008332,
                -0.6940777597542683,
                -0.417573153076144,
                0.5864201692007042,
                0.0969217916984789,
                -0.8613721763052116,
                -0.4986425049129372
            ],
            "cam_t_m2c": [
                120.18530200785578,
                -64.87563607044456,
                800.3972776767686
            ],
            "obj_id": 1
        },
        {
            "cam_R_m2c": [
                -0.3379439047200201,
                -0.34421852606763165,
                -0.8759614708319813,
                0.19162991156584358,
                0.8860564549580637,
                -0.42211583217449716,
                0.9214512532103548,
                -0.3105112827429119,
                -0.23347499654852494
            ],
            "cam_t_m2c": [
                18.924172026126957,
                -70.82053603719622,
                807.7256747087678
            ],
            "obj_id": 1
        },
        {
            "cam_R_m2c": [
                0.0911321600667466,
                -0.9958389715745721,
                0.0007951474695923872,
                -0.8939590933517246,
                -0.0821606201797154,
                -0.4405526386130318,
                0.43878416022115113,
                0.039437632798000145,
                -0.8977267815301344
            ],
            "cam_t_m2c": [
                -14.053485062608994,
                99.89079415164173,
                704.1136284117937
            ],
            "obj_id": 1
        },
        {
            "cam_R_m2c": [
                -0.27839648200382505,
                0.9604593580047323,
                0.0037663135852864134,
                0.8597103732339376,
                0.25093818303262516,
                -0.4448909497578249,
                -0.42824415433754115,
                -0.12061794098888154,
                -0.8955771835137463
            ],
            "cam_t_m2c": [
                -100.22541772054713,
                -91.91244709096524,
                795.3585914538932
            ],
            "obj_id": 4
        },
        {
            "cam_R_m2c": [
                0.9864400304384286,
                0.04804852014140119,
                -0.15693431354870832,
                -0.1612194072153112,
                0.10454838273712135,
                -0.9813652830120962,
                -0.030746008401999626,
                0.9933585984647141,
                0.11087643566478544
            ],
            "cam_t_m2c": [
                -46.65294008595402,
                9.965243478981261,
                760.4205061738792
            ],
            "obj_id": 4
        },
        {
            "cam_R_m2c": [
                -0.3810541428733885,
                -0.9243320261257627,
                0.020224257535980797,
                -0.8368257939256946,
                0.3355143817924611,
                -0.4326113069677788,
                0.39309033954511396,
                -0.18177225576669795,
                -0.9013540202831773
            ],
            "cam_t_m2c": [
                -103.56192349891997,
                31.952976474314088,
                736.1940440881951
            ],
            "obj_id": 7
        },
        {
            "cam_R_m2c": [
                -0.7817149519233465,
                0.6137429279909363,
                -0.11064500744310009,
                0.6041378438669535,
                0.701241968679561,
                -0.37851952378701387,
                -0.15472434457379752,
                -0.36273869130141706,
                -0.9189566101722265
            ],
            "cam_t_m2c": [
                54.003170021568685,
                34.576912547481996,
                729.6373089729051
            ],
            "obj_id": 9
        }
    ],
    "85": [
        {
            "cam_R_m2c": [
                0.8963759298695605,
                -0.14431875043300998,
                -0.4191446812164643,
                0.23015621444418752,
                -0.6565836942213487,
                0.7182800156597811,
                -0.37886459215863805,
                -0.7403177559474335,
                -0.5553303413693342
            ],
            "cam_t_m2c": [
                108.38293838820454,
                75.7399496511945,
                729.1767590740255
            ],
            "obj_id": 1
        },
        {
            "cam_R_m2c": [
                0.07812164976380204,
                -0.989378694197769,
                -0.12258384792904548,
                0.07138749052752463,
                0.12819498033107402,
                -0.9891764504871712,
                0.9943849478694362,
                0.06852477244008409,
                0.08064420233097579
            ],
            "cam_t_m2c": [
                74.79038417205201,
                -6.809161147400362,
                774.7050561846158
            ],
            "obj_id": 1
        },
        {
            "cam_R_m2c": [
                0.9341026153798964,
                -0.3570030296949725,
                0.0010652968361498654,
                -0.3191212957674801,
                -0.836316500398487,
                -0.44579870656625303,
                0.16004285180127106,
                0.4160818590967641,
                -0.8951327965832621
            ],
            "cam_t_m2c": [
                -118.89890071411118,
                34.3237374505515,
                736.7450418828261
            ],
            "obj_id": 1
        },
        {
            "cam_R_m2c": [
                -0.9900493320548466,
                0.1400899353087293,
                0.013307983851873935,
                0.11981575947100816,
                0.8887941509412614,
                -0.44236788331197807,
                -0.07379975792443634,
                -0.43637169308116064,
                -0.8967351328749997
            ],
            "cam_t_m2c": [
                35.0266679501336,
                -116.49918695207214,
                808.887754334676
            ],
            "obj_id": 4
        },
        {
            "cam_R_m2c": [
                0.5370814133667425,
                0.3509146986014731,
                0.7670739299359386,
                0.7022423131437187,
                0.31779854356508047,
                -0.6370714316403604,
                -0.4673327142345284,
                0.8808312450155713,
                -0.07574308200784012
            ],
            "cam_t_m2c": [
                -38.98376256216779,
                -27.380103857432896,
                780.9015621808189
            ],
            "obj_id": 4
        },
        {
            "cam_R_m2c": [
                0.6805597505078351,
                -0.7326632623149844,
                -0.006553774845845329,
                -0.6508362456313705,
                -0.6003959713463124,
                -0.46469027815489666,
                0.3365270575166069,
                0.32051481850210756,
                -0.8854492346250692
            ],
            "cam_t_m2c": [
                -90.07498397258159,
                -66.77636460378109,
                787.9315090811178
            ],
            "obj_id": 7
        },
        {
            "cam_R_m2c": [
                -0.8878160826872046,
                -0.4460102244285032,
                -0.11339087936423167,
                -0.3373604050234394,
                0.7983551708280829,
                -0.4988157580867743,
                0.31300289033691425,
                -0.4046034445406896,
                -0.8592588658921494
            ],
            "cam_t_m2c": [
                -28.825123119109143,
                59.66226853354739,
                715.4013872962555
            ],
            "obj_id": 9
        }
    ],
    "92": [
        {
            "cam_R_m2c": [
                0.5225918898686801,
                0.00998258261028469,
                -0.8525246518892678,
