{
    "3": [
        {
            "cam_R_m2c": [
                0.7965215833839786,
                -0.27640689898134074,
                0.5377293109241991,
                -0.6040969444518127,
                -0.32718214677932705,
                0.7266492748320408,
                -0.024915086877573593,
                -0.9036317404496227,
                -0.42758421385111023
            ],
            "cam_t_m2c": [
                139.05853388270964,
                -18.49577244946571,
                777.397432171129
            ],
            "obj_id": 1
        },
        {
            "cam_R_m2c": [
                -0.3498699070033791,
                -0.5133256877815218,
                -0.7836376856085845,
                0.0808728805163189,
                0.8168330723055942,
                -0.5711774418533848,
                0.933300584117953,
                -0.2632131813732685,
                -0.24427085277920582
            ],
            "cam_t_m2c": [
                39.30908533908278,
                -53.34864581013726,
                788.3790717359941
            ],
            "obj_id": 1
        },
        {
            "cam_R_m2c": [
                0.2429592909339122,
                -0.9693937301422574,
                -0.035310338040864225,
                -0.9023546959532494,
                -0.21249875281962,
                -0.37496758967003185,
                0.35598804848852594,
                0.1229642972400352,
                -0.9263647580898636
            ],
            "cam_t_m2c": [
                -44.72581887886355,
                112.76066008963548,
                720.4167665579498
            ],
            "obj_id": 1
        },
        {
            "cam_R_m2c": [
                -0.5510821287326778,
                0.8319580724952031,
                -0.06445579641980097,
                0.8310181164817219,
                0.5401750009971484,
                -0.13274177217491176,
                -0.07561822791968209,
                -0.12671558212801584,
                -0.9890521980836794
            ],
            "cam_t_m2c": [
                -64.19474989244138,
                -106.98881943076532,
                786.7639159474702
            ],
            "obj_id": 4
        },
        {
            "cam_R_m2c": [
                0.9824269257630307,
                0.18609581229277028,
                0.014350148365198318,
                0.05255491596336014,
                -0.20203389962685944,
                -0.9779677094980322,
                -0.1790963851233422,
                0.96153525696746,
                -0.2082634248647909
            ],
            "cam_t_m2c": [
                -45.3579161080369,
                10.4790256338564,
                767.1241329818628
            ],
            "obj_id": 4
        },
        {
            "cam_R_m2c": [
                -0.049033863538208454,
                -0.984094961820174,
                0.17074278293298717,
                -0.9465650782756985,
                -0.0087720068437884,
                -0.32239404473203315,
                0.3187643401873817,
                -0.1774275231474716,
                -0.9310790319763315
            ],
            "cam_t_m2c": [
                -107.92154602671835,
                19.386910282036617,
                752.1006123066875
            ],
            "obj_id": 7
        },
        {
            "cam_R_m2c": [
                -0.9194941231596379,
                0.29338424731744983,
                -0.2616420612517186,
                0.3482618061081942,
                0.9166738172372318,
                -0.19601851442056784,
                0.18233155646336308,
                -0.27135787102379477,
                -0.9450499306076033
            ],
            "cam_t_m2c": [
                39.886312931084795,
                66.58584488321068,
                727.2181494582667
            ],
            "obj_id": 9
        }
    ],
    "10": [
        {
            "cam_R_m2c": [
                0.9628874623856088,
                -0.26393518146144745,
                -0.05643962369653518,
                -0.0486132139902237,
                -0.3752879135905443,
                0.9256323312756307,
                -0.2654878823635182,
                -0.8885364790582153,
                -0.3741907321758561
            ],
            "cam_t_m2c": [
                124.5576516367859,
                61.034471572198335,
                750.0405914669685
            ],
            "obj_id": 1
        },
        {
            "cam_R_m2c": [
                0.020881226798639647,
                -0.9127906189982364,
                -0.40789305601131026,
                0.009413668013239864,
                0.4081431315463105,
                -0.9128691863380533,
                0.9997373855663482,
                0.01522195835024227,
                0.017115000839902264
            ],
            "cam_t_m2c": [
                70.8157652477417,
                -18.72519046090361,
                778.6683018843361
            ],
            "obj_id": 1
        },
        {
            "cam_R_m2c": [
                0.7505715275933122,
                -0.6535675486843162,
                0.09742302018392654,
                -0.6176679590527434,
                -0.7463118957347317,
                -0.2480007071671575,
                0.23479328060879798,
                0.12596691971022028,
                -0.9638485777510576
            ],
            "cam_t_m2c": [
                -102.071780467291,
                69.51507418260749,
                735.3245606450148
            ],
            "obj_id": 1
        },
        {
            "cam_R_m2c": [
                -0.975840944905196,
                0.2059887387770295,
                -0.07281794261120816,
                0.2184528742195626,
                0.9252244322414038,
                -0.31022212114183917,
                0.0034705316855528482,
                -0.31863457561357145,
                -0.9478710140298802
            ],
            "cam_t_m2c": [
                5.438327411369973,
                -118.33566926340909,
                790.6476526367517
            ],
            "obj_id": 4
        },
        {
            "cam_R_m2c": [
                0.730109974503043,
                0.1550420154239933,
                0.6655078609460477,
                0.6608931352622791,
                0.08729952165502683,
                -0.745384905120429,
                -0.17366425908766947,
                0.9840429258603963,
                -0.03872805936780465
            ],
            "cam_t_m2c": [
                -41.51412057568248,
                -11.606218739543609,
                775.417235079807
            ],
            "obj_id": 4
        },
        {
            "cam_R_m2c": [
                0.4209887018747756,
                -0.8958850565244979,
                0.14197825501121136,
                -0.8269158141097158,
                -0.4433898156754253,
                -0.34585448189246243,
                0.3727975477492641,
                0.02819651234508169,
                -0.9274839802649545
            ],
            "cam_t_m2c": [
                -102.19738377075396,
                -36.824711620658945,
                768.7998034885089
            ],
            "obj_id": 7
        },
        {
            "cam_R_m2c": [
                -0.9444445381080903,
                -0.19771399056581626,
                -0.26255133720211793,
                -0.13403582118297855,
                0.9610770418838877,
                -0.24158813693934791,
                0.3000972255020284,
                -0.19297525749003316,
                -0.9341850578314901
            ],
            "cam_t_m2c": [
                -6.76517526021373,
                78.31307419223128,
                726.9910243925008
            ],
            "obj_id": 9
        }
    ],
    "14": [
        {
            "cam_R_m2c": [
                0.8554200800866443,
                -0.272067332664209,
                -0.44072113350390435,
                0.26375863834033936,
                -0.5034884439723452,
                0.8227580048500637,
                -0.4457439582512962,
                -0.8200479530298239,
                -0.35893448653098126
            ],
            "cam_t_m2c": [
                95.02514533151208,
                102.21782846457664,
                738.3483034072273
            ],
            "obj_id": 1
        },
        {
            "cam_R_m2c": [
                0.07217793713564559,
                -0.9862977854462581,
                0.14834470522315915,
                -0.17843145155693677,
                -0.1591023512545811,
                -0.9710040393237167,
                0.9813016151463454,
                0.04361588992945318,
                -0.18746997500805443
            ],
            "cam_t_m2c": [
                75.38438275776518,
                14.975125402934584,
                772.6239982324731
            ],
            "obj_id": 1
        },
        {
            "cam_R_m2c": [
                0.9892538982155359,
                -0.14580485926574893,
                -0.010808325282423223,
                -0.14586276904366266,
                -0.9791860028218421,
                -0.14113479383946018,
                0.009994836790384008,
                0.1411951123614341,
                -0.9899314195318336
            ],
            "cam_t_m2c": [
                -126.07866832735463,
                36.95468211510429,
                742.422671933033
            ],
            "obj_id": 1
        },
        {
            "cam_R_m2c": [
                -0.9935897896478311,
                0.05925820532427482,
                -0.09626535598801204,
                0.09388842529961686,
                0.9068711801557017,
                -0.41081569836520326,
                0.06295616466118628,
                -0.41722104015780725,
                -0.9066220317844921
            ],
            "cam_t_m2c": [
                52.67244938534075,
                -109.38125898428427,
                784.4588783637447
            ],
            "obj_id": 4
        },
        {
            "cam_R_m2c": [
                0.3718226897794771,
                0.4456675089618985,
                0.8143264225341112,
                0.8854858697530186,
                0.09307103209835607,
                -0.4552501715227115,
                -0.2786808635517179,
                0.8903472421153406,
                -0.36002629999925045
            ],
            "cam_t_m2c": [
                -36.452780307769586,
                -24.071304724824977,
                777.1565617124058
            ],
            "obj_id": 4
        },
        {
            "cam_R_m2c": [
                0.8499676152471154,
                -0.5197848495239256,
                -0.08589467828653057,
                -0.5186882835164767,
                -0.7970687687430745,
                -0.30926352090126863,
                0.09228683988062052,
                0.30741696679993913,
                -0.9470893617640984
            ],
            "cam_t_m2c": [
                -79.05830241769391,
                -66.8383479509302,
                772.7976800115938
            ],
            "obj_id": 7
        },
        {
            "cam_R_m2c": [
                -0.8826324039731555,
                -0.46987234372657827,
                0.013389868992886366,
                -0.42684368042525067,
                0.7892227379328847,
                -0.4415109282574513,
                0.1968866667573244,
                -0.3954075188270242,
                -0.8971559563043515
            ],
            "cam_t_m2c": [
                -39.84125403910857,
                70.70672618959695,
                725.384422098662
            ],
            "obj_id": 9
        }
    ],
    "22": [
        {
            "cam_R_m2c": [
                0.39877715761847127,
                0.10050767020753691,
                -0.911523089550605,
                0.692907332701336,
                -0.6841286041200727,
                0.22770224042464057,
                -0.6007125737440915,
                -0.7224032628069443,
                -0.3424575599707851
            ],
            "cam_t_m2c": [
                3.0751996812820233,
                148.4936708338184,
                722.3406973827331
            ],
            "obj_id": 1
        },
        {
            "cam_R_m2c": [
                0.38390878213139357,
                -0.7976413613990291,
                0.46516840172755636,
                -0.0597598917805183,
                -0.5241790098207614,
                -0.8495091705463631,
                0.9214349818891887,
                0.2983348888507145,
                -0.24890410659771398
            ],
            "cam_t_m2c": [
                55.566260944174694,
                65.08213538393159,
                756.2603874189974
            ],
            "obj_id": 1
        },
        {
            "cam_R_m2c": [
                0.9343459015896217,
                0.3427023965136188,
                0.09773457799530672,
                0.3559658301799017,
                -0.9105081889970937,
                -0.21038970637813267,
                0.01688759753809667,
                0.23136651850272,
                -0.9727198261457214
            ],
            "cam_t_m2c": [
                -118.64728534669968,
                -44.24529861037347,
                772.2921995318807
            ],
            "obj_id": 1
        },
        {
            "cam_R_m2c": [
                -0.7133928199939771,
                -0.6865787585674393,
                0.14028466232821363,
                -0.6823004326900437,
                0.6348866600735076,
                -0.3624715804722863,
                0.15979983269872464,
                -0.3543007733288156,
                -0.9213763092939506
            ],
            "cam_t_m2c": [
                107.33972319463561,
                -44.679257817841034,
                767.1708994939138
            ],
            "obj_id": 4
        },
        {
            "cam_R_m2c": [
                -0.3890193960555374,
                0.217371395745592,
                0.8952168428549869,
                0.8029851382709259,
                0.5563089012888837,
                0.21385934515917024,
                -0.4515297393605771,
                0.8020412382051952,
                -0.39096039231959595
            ],
            "cam_t_m2c": [
                -7.601691557463672,
                -34.43594472266207,
                778.715848425889
            ],
            "obj_id": 4
        },
        {
            "cam_R_m2c": [
                0.9997194858703933,
                0.0022068316553914918,
                0.023569111327165746,
                0.005095901012842467,
                -0.9923618372319465,
                -0.12325768473485822,
                0.023117337940888535,
                0.12334250744737395,
                -0.9920946369669547
            ],
            "cam_t_m2c": [
                -15.499488540420165,
                -97.59339974985998,
                782.5863232406891
            ],
            "obj_id": 7
        },
        {
            "cam_R_m2c": [
                -0.1630093421558502,
                -0.9796205853630884,
                0.117350040948854,
                -0.9167058022132674,
                0.10640521328131324,
                -0.38513486730273205,
                0.3647987291879563,
                -0.17035621183725022,
                -0.9153688114321243
            ],
            "cam_t_m2c": [
                -77.39117050284065,
                35.82923605823779,
                737.1424675194256
            ],
            "obj_id": 9
        }
    ],
    "29": [
        {
            "cam_R_m2c": [
                -0.38859880803056723,
                0.25047593338378177,
                -0.8867086180667031,
                0.8126717998475211,
                -0.3603507097143546,
                -0.4579431696884161,
                -0.43423043154820395,
                -0.8985596191398875,
                -0.0635227495470626
            ],
            "cam_t_m2c": [
                -81.05838194370227,
                129.98803559736172,
                723.897246964891
            ],
            "obj_id": 1
        },
        {
            "cam_R_m2c": [
                0.4910514133239737,
                -0.23053439094509678,
                0.8400724383556732,
                0.36351770703833824,
                -0.8221437905224588,
                -0.43810325759041896,
                0.7916586893711416,
                0.5205130318028435,
                -0.3199116091694557
            ],
            "cam_t_m2c": [
                11.060133222795905,
                88.00125798295008,
                742.8918380752059
            ],
            "obj_id": 1
        },
        {
            "cam_R_m2c": [
                0.4834539817102389,
                0.8659608746411112,
                0.12799756025927647,
                0.8212014900217748,
                -0.3980253459711483,
                -0.40890571783117424,
                -0.3031506686289974,
                0.3027990534895681,
                -0.9035558165343938
            ],
            "cam_t_m2c": [
                -71.75046135696086,
                -97.3054867747207,
                784.8642231313594
            ],
            "obj_id": 1
        },
        {
            "cam_R_m2c": [
                -0.38553625309854744,
                -0.9137736439263459,
                0.12798003090095408,
                -0.8865569087010531,
                0.3284202642390852,
                -0.32581748178528186,
                0.2556927979501242,
                -0.23907602519937118,
                -0.9367307272392522
            ],
            "cam_t_m2c": [
                113.52655385349989,
                32.67552737150001,
                742.8463471139496
            ],
            "obj_id": 4
        },
        {
            "cam_R_m2c": [
                -0.7024178857937563,
                0.025151685049659027,
                0.7113198226698247,
                0.5419822337406148,
                0.666704536643171,
                0.5116251673895588,
                -0.46137223031062174,
                0.7448975971495951,
                -0.48193764289545343
            ],
            "cam_t_m2c": [
                16.00327272995377,
                -26.65579678287594,
                774.4643463942024
            ],
            "obj_id": 4
        },
        {
            "cam_R_m2c": [
                0.8978002222170498,
                0.4402047341447312,
                -0.013185067720281387,
                0.40535894707515246,
                -0.8376945123603614,
                -0.3659946149581558,
                -0.17215802725324547,
                0.32324578909528073,
                -0.9305237605358972
            ],
            "cam_t_m2c": [
                47.80159332571861,
                -77.35745341590136,
                784.3386304819262
            ],
            "obj_id": 7
        },
        {
            "cam_R_m2c": [
                0.18639225546924224,
                -0.9823669255796812,
                -0.014574948919619917,
                -0.9235021913913034,
                -0.1701224279493152,
                -0.34380546727553735,
                0.33526413974770775,
                0.07754291533956754,
                -0.9389279235686772
            ],
            "cam_t_m2c": [
                -84.96967666622858,
                -4.474512255279056,
                749.2891278476845
            ],
            "obj_id": 9
        }
    ],
    "41": [
        {
            "cam_R_m2c": [
                -0.9124432851460536,
                0.22142892188946706,
                -0.3441174591210103,
                0.3286245066964201,
                -0.10457304098893595,
                -0.938653850622905,
                -0.24383029227864184,
                -0.9695535305824431,
                0.02265038441848849
            ],
            "cam_t_m2c": [
                -154.62722682945852,
                8.25329140027469,
                760.9256565012734
            ],
            "obj_id": 1
        },
        {
            "cam_R_m2c": [
                0.049012904746577685,
                0.6708225775849171,
                0.7399967449889353,
                0.6493953632629293,
                -0.5843162360757007,
                0.4866835197133808,
                0.7588699141863663,
                0.45669649194048784,
                -0.4642683112892354
            ],
            "cam_t_m2c": [
                -72.28328670962922,
                65.28210119333691,
                756.5582182172185
            ],
            "obj_id": 1
        },
        {
            "cam_R_m2c": [
                -0.6229606404526972,
                0.7752546365034598,
                -0.10440516524047881,
                0.7544984346947342,
                0.5602452598083412,
                -0.34184507227279376,
                -0.2065246273436383,
                -0.29172993702834576,
                -0.9339388021037978
            ],
            "cam_t_m2c": [
                48.98776467151225,
                -91.33563238010444,
                787.5980369514814
            ],
            "obj_id": 1
        },
        {
            "cam_R_m2c": [
                0.7476135918594911,
                -0.6640844262779758,
                -0.008123628215736348,
                -0.6588403088189193,
                -0.7400581565946748,
                -0.13507113505492932,
                0.08368671902298296,
                0.1063335052127175,
                -0.9908026913471447
            ],
            "cam_t_m2c": [
                27.92552327551571,
                122.55422773861747,
                720.6531119731635
            ],
            "obj_id": 4
        },
        {
            "cam_R_m2c": [
                -0.8676230414696026,
                -0.34699713486515543,
                -0.3561227865918818,
                -0.4868248237776084,
                0.44711625134267774,
                0.7503928926538023,
                -0.10115553170474183,
                0.8244271782846783,
                -0.5568551498547228
            ],
            "cam_t_m2c": [
                32.41911674537329,
                15.002766737188255,
                767.6510417142947
            ],
            "obj_id": 4
        },
        {
            "cam_R_m2c": [
                -0.15785542699224978,
                0.985615514142795,
                -0.06036475508581657,
                0.9759502892714209,
                0.14641628683427796,
                -0.16150577851678463,
                -0.15034446949261351,
                -0.08440777966476504,
                -0.9850239381641152
            ],
            "cam_t_m2c": [
                95.49449700200915,
                7.311933604676011,
                751.8912816131109
            ],
            "obj_id": 7
        },
        {
            "cam_R_m2c": [
                0.9778357610402317,
                -0.08889186499157055,
                0.18956704013417444,
                -0.005294389062866121,
                -0.9156088379947145,
                -0.4020361817259469,
                0.20930668240481537,
                0.3921220503017033,
                -0.8957853851646883
            ],
            "cam_t_m2c": [
                -43.43770998860112,
                -71.03457852862954,
                767.1106542716806
            ],
            "obj_id": 9
        }
    ],
    "50": [
        {
            "cam_R_m2c": [
                -0.817560768861544,
                -0.014722721466673288,
                0.5756537156009115,
                -0.5729656749480594,
                -0.07899752904448346,
                -0.8157630637573527,
                0.057485557812855394,
                -0.9967661881715761,
                0.056149728739908714
            ],
            "cam_t_m2c": [
                -116.39356448740595,
                -86.25570911072903,
                794.544521229712
            ],
            "obj_id": 1
        },
        {
            "cam_R_m2c": [
                -0.21960886605247942,
                0.9744184625409136,
                0.047751910410712736,
                0.7296572019845987,
                0.1315616767111768,
                0.6710376532321665,
                0.6475895328893158,
                0.18220823208651415,
                -0.7398838546572042
            ],
            "cam_t_m2c": [
                -91.5755246609197,
                3.0231968661024258,
                767.272998006579
            ],
            "obj_id": 1
        },
        {
            "cam_R_m2c": [
                -0.9701877468751097,
                0.2071930515802912,
                -0.12572345131661392,
                0.24034107478769348,
                0.8892587271179644,
                -0.3891717949944915,
                0.031167054042618648,
                -0.40778644859422813,
                -0.9125453663911809
            ],
            "cam_t_m2c": [
                101.97548939777498,
                -27.436151264298026,
                768.3220854264648
            ],
            "obj_id": 1
        },
        {
            "cam_R_m2c": [
                0.9837579497798591,
                -0.17620387111512215,
                -0.03423752858536365,
                -0.17737178650491744,
                -0.9249741841047547,
                -0.33609750617327644,
                0.02755274018712194,
                0.33671153967534,
                -0.941204747083588
            ],
            "cam_t_m2c": [
                -70.47322945560111,
                113.10745340785444,
                714.7673871334562
            ],
            "obj_id": 4
        },
        {
            "cam_R_m2c": [
                -0.4439598220920961,
                -0.5233063238809105,
                -0.7273581263330808,
                -0.8942880715962295,
                0.3096023153802872,
                0.3231019400179664,
                0.05611057933331727,
                0.793912416388337,
                -0.6054377163598702
            ],
            "cam_t_m2c": [
                15.130984103753558,
                33.54867277861554,
                758.3407214331459
            ],
            "obj_id": 4
        },
        {
            "cam_R_m2c": [
                -0.8152795519840793,
                0.5749113708973778,
                -0.06925124166638989,
                0.5481433963041015,
                0.7276450021330704,
                -0.41239690437329074,
                -0.18670139130167354,
                -0.3741786102865583,
                -0.9083684176803508
            ],
            "cam_t_m2c": [
                59.215345019945794,
                73.70031683693698,
                733.7661840961418
            ],
            "obj_id": 7
        },
        {
            "cam_R_m2c": [
                0.8663124861517773,
                0.4611319851732311,
                0.19198872630201555,
                0.4870412635160954,
                -0.8651305132425561,
                -0.11974799909627949,
                0.11087558269889372,
                0.19724570673034456,
                -0.9740641096085799
            ],
            "cam_t_m2c": [
                23.389589424211525,
                -70.80685507504086,
                769.7465754539826
            ],
            "obj_id": 9
        }
    ],
    "60": [
        {
            "cam_R_m2c": [
                -0.30789298231697426,
                0.002563554592347316,
                0.9514177599008994,
                -0.9511506105715241,
                -0.024664286080292124,
                -0.30774038666985454,
                0.022677325289077854,
                -0.9996928022503851,
                0.010031642572892904
            ],
            "cam_t_m2c": [
                3.9769412158386115,
                -131.50017197000432,
                809.0782993269374
            ],
            "obj_id": 1
        },
        {
            "cam_R_m2c": [
                -0.43409156940557647,
                0.4641157596690528,
                -0.7721149121019445,
                0.29571729212821385,
                0.8829965445141023,
                0.36451095088274615,
                0.8509505163315502,
                -0.07009709590863038,
                -0.5205481395718199
            ],
            "cam_t_m2c": [
                -63.029230653766014,
                -52.9657832901875,
                789.5009147277193
            ],
            "obj_id": 1
        },
        {
            "cam_R_m2c": [
                -0.7815103362571549,
                -0.6180167467958667,
                -0.08542303432931828,
                -0.6028357476466774,
                0.7832938802874558,
                -0.1517882665107161,
                0.16071967186468683,
                -0.06712780704335994,
                -0.9847151319117898
            ],
            "cam_t_m2c": [
                87.30932819041689,
                70.20497308115048,
                738.2076936981192
            ],
            "obj_id": 1
        },
        {
            "cam_R_m2c": [
                0.722280478757091,
                0.679124839980582,
                -0.13076885140650585,
                0.6266394262110767,
                -0.7226379336711377,
                -0.291748874184142,
                -0.2926329225787484,
                0.1287792077784434,
                -0.9475139922842927
            ],
            "cam_t_m2c": [
                -132.2477697833578,
                26.301223257022897,
                740.3567918708595
            ],
            "obj_id": 4
        },
        {
            "cam_R_m2c": [
                0.2841181688549478,
                -0.33421174021371736,
                -0.8986543804439894,
                -0.9217956078288431,
                0.162628348819228,
                -0.35191597126045965,
                0.26376090549427156,
                0.9283617891736654,
                -0.2618687612703862
            ],
            "cam_t_m2c": [
                -17.85840483668029,
                42.964591206251825,
                751.01539355076
            ],
            "obj_id": 4
        },
        {
            "cam_R_m2c": [
                -0.9785871640888173,
                -0.20574475175066428,
                -0.0060468432849811165,
                -0.20342106777877209,
                0.9711850545602958,
                -0.12417475862599285,
                0.031421606680379806,
                -0.1202858728388887,
                -0.9922422737842652
            ],
            "cam_t_m2c": [
                -19.00203074810792,
                105.5017806591415,
                722.9696438056043
            ],
            "obj_id": 7
        },
        {
            "cam_R_m2c": [
                0.02357812109418083,
                0.9993618928142838,
                -0.026835855695065705,
                0.9497927823731502,
                -0.03076993580646116,
                -0.31136269427059754,
                -0.31198980527240394,
                -0.018147740779636625,
                -0.9499125449505053
            ],
            "cam_t_m2c": [
                69.71163594181954,
                -25.08588997652516,
                759.2583435678227
            ],
            "obj_id": 9
        }
    ],
    "72": [
        {
            "cam_R_m2c": [
                0.7283616788374586,
                -0.11892401965514594,
                0.674794256921987,
                -0.65847587833556,
                -0.39381213848394053,
                0.641343400360228,
                0.18947064820782716,
                -0.9114657060010747,
                -0.36514573645243925
            ],
            "cam_t_m2c": [
                120.71294409974799,
                -62.37392064817725,
                797.0454554658901
            ],
            "obj_id": 1
        },
        {
            "cam_R_m2c": [
                -0.30773082312722727,
                -0.20982709806959515,
                -0.9280491790691335,
                0.3289601374970049,
                0.8917671654975097,
                -0.31070328880231707,
                0.892797561725205,
                -0.4009034836814242,
                -0.20539969747874848
            ],
            "cam_t_m2c": [
                19.79835568772681,
                -67.05802831365212,
                805.4509717638429
            ],
            "obj_id": 1
        },
        {
            "cam_R_m2c": [
                -0.0847900794408144,
                -0.9956504649567627,
                0.03862269283260384,
                -0.8720287941250721,
                0.05539796045899628,
                -0.4863093516960195,
                0.48205383007589736,
                -0.07491441319327083,
                -0.8729330650033896
            ],
            "cam_t_m2c": [
                -14.681697170608217,
                102.10840857493729,
                707.2899599172539
            ],
            "obj_id": 1
        },
        {
            "cam_R_m2c": [
                -0.36127952638580524,
                0.9270896020678552,
                0.0999146119231048,
                0.866827796461708,
                0.3734061718478782,
                -0.3304196303151087,
                -0.3436368109766559,
                -0.03276489485033534,
                -0.938531071489665
            ],
            "cam_t_m2c": [
                -97.33585819238823,
                -88.20827770389289,
                797.0508847632725
            ],
            "obj_id": 4
        },
        {
            "cam_R_m2c": [
                0.9847648417761856,
                0.17146138247855253,
                -0.028984919069014348,
                -0.05163447284923632,
                0.1291535883263528,
                -0.9902793297177441,
                -0.16605130400567703,
                0.976688627304259,
                0.1360386160488315
            ],
            "cam_t_m2c": [
                -47.427770909022094,
                6.6879188109252965,
                759.6694334131699
            ],
            "obj_id": 4
        },
        {
            "cam_R_m2c": [
                -0.3564224723109993,
                -0.9267797206761699,
                -0.11850458542011716,
                -0.7584765208045576,
                0.3610683239058969,
                -0.542533909744357,
                0.5455969875686294,
                -0.10348798332674097,
                -0.8316334850171714
            ],
            "cam_t_m2c": [
                -105.45326490124992,
                33.97476448663318,
                734.327993766479
            ],
            "obj_id": 7
        },
        {
            "cam_R_m2c": [
                -0.7235674271689922,
                0.6883786525084026,
                0.0508522155810608,
                0.6142105700143398,
                0.6757192249682223,
                -0.4076135534151071,
                -0.3149539288201173,
                -0.263701342891157,
                -0.911737814386388
            ],
            "cam_t_m2c": [
                52.23250314854011,
                31.326569449574148,
                726.6475737281867
            ],
            "obj_id": 9
        }
    ],
    "85": [
        {
            "cam_R_m2c": [
                0.9259691439104708,
                -0.02674435708972012,
                -0.37665066561832306,
                0.2939714142591426,
                -0.5749766202888044,
                0.7635332161094938,
                -0.23698527805017372,
                -0.8177328747825077,
                -0.5245488887800788
            ],
            "cam_t_m2c": [
                109.22278795806258,
                75.71628005956241,
                732.1266609155628
            ],
            "obj_id": 1
        },
        {
            "cam_R_m2c": [
                -0.06944409022234015,
                -0.9957496009350932,
                -0.06049847587326598,
                0.15787052972778123,
                0.048910612012318,
                -0.9862478908124298,
                0.9850152306901646,
                -0.07804026026811488,
                0.15380302216190397
            ],
            "cam_t_m2c": [
                74.96243135179255,
                -3.855454904270597,
                778.013003840318
            ],
            "obj_id": 1
        },
        {
            "cam_R_m2c": [
                0.8707688051449624,
                -0.4862525263565226,
                0.07293964310665806,
                -0.3907321777066954,
                -0.7743680299056916,
                -0.4976771745115729,
                0.29847925417951526,
                0.4048619522645447,
                -0.8642902195363058
            ],
            "cam_t_m2c": [
                -118.2250342057316,
                35.85513126618264,
                739.7509461314912
            ],
            "obj_id": 1
        },
        {
            "cam_R_m2c": [
                -0.9975233490227503,
                0.03299650766871006,
                0.06211474794629481,
                0.010126958967889876,
                0.9413072638284379,
                -0.3373995293767946,
                -0.0696025376409982,
                -0.33593504251597284,
                -0.9393102047866565
            ],
            "cam_t_m2c": [
                37.11984556019994,
                -119.2814583871774,
                807.5826053346691
            ],
            "obj_id": 4
        },
        {
            "cam_R_m2c": [
                0.5493015798084171,
                0.20504634692899873,
                0.8100762841862263,
                0.7594976349961419,
                0.2817599852549132,
                -0.5863232285317358,
                -0.348470506072629,
                0.9373195978440619,
                -0.0009607054013930314
            ],
            "cam_t_m2c": [
                -39.633433129409134,
                -28.659936301273092,
                783.6225419501969
            ],
            "obj_id": 4
        },
        {
            "cam_R_m2c": [
                0.7704734375594988,
                -0.6346712318481588,
                0.05969023829071499,
                -0.575059694991284,
                -0.7323941688160174,
                -0.3645620905699186,
                0.2750943152654932,
                0.24655980244758494,
                -0.9292641773180619
            ],
            "cam_t_m2c": [
                -89.12776015299775,
                -65.59377602515609,
                783.2819247130675
            ],
            "obj_id": 7
        },
        {
            "cam_R_m2c": [
                -0.8228953473980627,
                -0.5632147665520818,
                -0.07504838285640647,
                -0.40647028991447365,
                0.6758109723980378,
                -0.6148672507579083,
                0.3970206538234002,
                -0.47546682612038715,
                -0.7850518803423056
            ],
            "cam_t_m2c": [
                -27.473011027951003,
                62.17794846973327,
                713.365190182753
            ],
            "obj_id": 9
        }
    ],
    "92": [
        {
            "cam_R_m2c": [
                0.4609220441288734,
                -0.04180017539387586,
                -0.8864557519007511,
                0.7018042874718056,
