{
    "3": [
        {
            "cam_R_m2c": [
                0.8005224906490207,
                0.28400819404407446,
                0.5277338500417224,
                -0.26048147658062315,
                -0.6281654704879724,
                0.7331831482949627,
                0.5397348005920322,
                -0.7243940507252056,
                -0.4288819125960484
            ],
            "cam_t_m2c": [
                148.28452826762884,
                -11.326916656397128,
                781.3712149927243
            ],
            "obj_id": 1
        },
        {
            "cam_R_m2c": [
                0.3295015147966277,
                -0.40224001852231783,
                -0.8541847536568649,
                -0.3176028119540976,
                0.8047636417651703,
                -0.5014822805889312,
                0.8891324763667393,
                0.4365308202054369,
                0.13741859692604033
            ],
            "cam_t_m2c": [
                34.14128536815151,
                -68.04790838219337,
                791.3551983313945
            ],
            "obj_id": 1
        },
        {
            "cam_R_m2c": [
                -0.1997484403080466,
                -0.9791405565055994,
                0.03720805710852271,
                -0.9762481608344401,
                0.2021230765005571,
                0.0780161428729703,
                -0.08390943980587369,
                -0.02074065902049661,
                -0.9962571054922711
            ],
            "cam_t_m2c": [
                -37.97915564188668,
                110.52688038701791,
                735.836072355121
            ],
            "obj_id": 1
        },
        {
            "cam_R_m2c": [
                -0.736019128256741,
                0.48180673617751846,
                0.4755400791620584,
                0.6001175835232578,
                0.7894438876374749,
                0.12898662409406117,
                -0.3132658099912504,
                0.38031660769948233,
                -0.8701857630539386
            ],
            "cam_t_m2c": [
                -56.827982892875895,
                -117.49615878689359,
                789.5660100274164
            ],
            "obj_id": 4
        },
        {
            "cam_R_m2c": [
                0.943839036701904,
                0.04632582553133192,
                0.327142412736734,
                0.2402694743168167,
                0.5834177385541546,
                -0.7758182147485511,
                -0.2268009068092682,
                0.8108495905974288,
                0.5395223453838615
            ],
            "cam_t_m2c": [
                -52.1447709427795,
                23.97739420364524,
                771.5500655877092
            ],
            "obj_id": 4
        },
        {
            "cam_R_m2c": [
                -0.6226180155212344,
                -0.7209043818896889,
                -0.30437423484393344,
                -0.7344115044958318,
                0.6726078102750909,
                -0.0907700342414786,
                0.2701611011456466,
                0.16702087798642543,
                -0.9482174370023654
            ],
            "cam_t_m2c": [
                -120.9967785555717,
                26.03331225693634,
                760.108197251863
            ],
            "obj_id": 7
        },
        {
            "cam_R_m2c": [
                -0.6957199400219781,
                0.69280482391369,
                -0.18972444279764278,
                0.6066658797454418,
                0.42529363034067597,
                -0.6716261799098282,
                -0.38461773231314916,
                -0.582363376168557,
                -0.7161858053731486
            ],
            "cam_t_m2c": [
                46.538025256359134,
                66.70440964749417,
                741.7925394213472
            ],
            "obj_id": 9
        }
    ],
    "10": [
        {
            "cam_R_m2c": [
                0.9278339033577936,
                0.10903754940737362,
                0.35669934857124314,
                -0.3277820016192644,
                -0.2180048508071377,
                0.919256296846814,
                0.1779958782388818,
                -0.9698373938765165,
                -0.1665316285526615
            ],
            "cam_t_m2c": [
                127.83639469500321,
                51.545334550825075,
                741.2441444536857
            ],
            "obj_id": 1
        },
        {
            "cam_R_m2c": [
                0.48628975408323677,
                -0.7975722132512943,
                -0.35693204470748474,
                0.25618003853577376,
                0.520666797513231,
                -0.8144184602778436,
                0.8354002309112629,
                0.3046044789433945,
                0.45751711091618835
            ],
            "cam_t_m2c": [
                65.60611419826924,
                -29.072834223505982,
                773.4181523203291
            ],
            "obj_id": 1
        },
        {
            "cam_R_m2c": [
                0.29966089840915,
                -0.9533731398903279,
                -0.0358144319185001,
                -0.9380975977441022,
                -0.287609044160497,
                -0.1930107572962559,
                0.173710832605648,
                0.09143492288189832,
                -0.9805426306307061
            ],
            "cam_t_m2c": [
                -96.86489874426593,
                84.53300197683163,
                731.1468387372124
            ],
            "obj_id": 1
        },
        {
            "cam_R_m2c": [
                -0.8791915736719682,
                -0.10247585329017485,
                0.465317163715289,
                -0.08884880997337656,
                0.9947285413358133,
                0.0511919215471488,
                -0.4681103698370257,
                0.003664947502470708,
                -0.8836622662364699
            ],
            "cam_t_m2c": [
                16.200210084473436,
                -107.85690329775278,
                779.7332177353917
            ],
            "obj_id": 4
        },
        {
            "cam_R_m2c": [
                0.9582331629420495,
                -0.1588578512698526,
                0.2378083404800967,
                0.263650236350427,
                0.16852840672037403,
                -0.9497821591229482,
                0.11080317820598759,
                0.9728114268356624,
                0.20337225905866319
            ],
            "cam_t_m2c": [
                -49.85090194571139,
                -26.993349957618776,
                772.1066425471339
            ],
            "obj_id": 4
        },
        {
            "cam_R_m2c": [
                0.6250245456635358,
                -0.5253325575046522,
                0.5773813545396506,
                -0.6018812165224087,
                -0.7953254607996937,
                -0.07208386956382001,
                0.4970740194924732,
                -0.30246110805588367,
                -0.8132861540490649
            ],
            "cam_t_m2c": [
                -95.1848038957843,
                -27.51613554065951,
                774.928512393764
            ],
            "obj_id": 7
        },
        {
            "cam_R_m2c": [
                -0.902784166603881,
                -0.08190123005871049,
                0.42222290412095154,
                -0.0688354065064332,
                0.9965607329100388,
                0.046127626415186716,
                -0.42454901603565737,
                0.012579612146831754,
                -0.9053175222920634
            ],
            "cam_t_m2c": [
                -1.3477323589518644,
                91.28270590154807,
                730.631219704479
            ],
            "obj_id": 9
        }
    ],
    "14": [
        {
            "cam_R_m2c": [
                0.9122869169480595,
                -0.4093213386462722,
                0.01372446689448653,
                -0.05167634897946227,
                -0.0818040784220387,
                0.9953076748504278,
                -0.4062781622899285,
                -0.9087155916277984,
                -0.09578146519750196
            ],
            "cam_t_m2c": [
                81.2553747314092,
                105.98820737126633,
                737.9696757901309
            ],
            "obj_id": 1
        },
        {
            "cam_R_m2c": [
                0.13234877185469504,
                -0.752526242853502,
                0.6451258175858541,
                0.013132623802307175,
                -0.6494627548874254,
                -0.760279960313125,
                0.9911163575399812,
                0.10909449773519812,
                -0.07607265547288997
            ],
            "cam_t_m2c": [
                72.76836104427854,
                18.237039467807108,
                784.099484357205
            ],
            "obj_id": 1
        },
        {
            "cam_R_m2c": [
                0.7965098738819265,
                -0.1964063029760952,
                -0.5718356847126838,
                -0.2165110473200502,
                -0.975703912058181,
                0.03354317752139997,
                -0.564529987234653,
                0.09709163201895021,
                -0.8196821763554293
            ],
            "cam_t_m2c": [
                -108.0530068620455,
                33.92389537798338,
                748.4580379821836
            ],
            "obj_id": 1
        },
        {
            "cam_R_m2c": [
                -0.9272636731539882,
                0.2843497534536424,
                -0.24357076017319534,
                0.2025222354758162,
                0.9280869607438584,
                0.3124734288920898,
                0.3149063507669562,
                0.24041647126120994,
                -0.9181686698689412
            ],
            "cam_t_m2c": [
                40.552053077179394,
                -113.69454097464106,
                793.5711093799226
            ],
            "obj_id": 4
        },
        {
            "cam_R_m2c": [
                0.5235775384990471,
                0.6489462552694976,
                0.5520278033021816,
                0.309595811384582,
                0.4587236148552395,
                -0.8329001386690036,
                -0.793736326892903,
                0.6069937067617656,
                0.03926628561928279
            ],
            "cam_t_m2c": [
                -31.176812181586907,
                -31.409400916663586,
                787.8181828117866
            ],
            "obj_id": 4
        },
        {
            "cam_R_m2c": [
                0.6478445363980637,
                -0.5194533204119739,
                -0.5571939896244273,
                -0.7602177549254325,
                -0.39416247103391827,
                -0.5164344792962202,
                0.04863913030268466,
                0.7581584911600584,
                -0.6502540786533971
            ],
            "cam_t_m2c": [
                -80.81588543367327,
                -72.9067145674828,
                791.7564526942047
            ],
            "obj_id": 7
        },
        {
            "cam_R_m2c": [
                -0.9108368764213214,
                -0.2814260699039623,
                0.3019522365412937,
                -0.2678122246597149,
                0.9595804780100587,
                0.08649838883408063,
                -0.31409018527021787,
                -0.002080580382284133,
                -0.9493907909136244
            ],
            "cam_t_m2c": [
                -32.53752434744891,
                82.45483949476333,
                738.3538727263443
            ],
            "obj_id": 9
        }
    ],
    "22": [
        {
            "cam_R_m2c": [
                0.12440433678561534,
                -0.4992620471868499,
                -0.8574734365757257,
                0.8999023822141452,
                -0.30726091300996017,
                0.309462022777352,
                -0.4179696793764295,
                -0.810140946030397,
                0.4110625201657157
            ],
            "cam_t_m2c": [
                10.833027574249764,
                161.39756915904178,
                729.9414046606885
            ],
            "obj_id": 1
        },
        {
            "cam_R_m2c": [
                0.4563769413048926,
                -0.12401622810353956,
                0.8811017838992136,
                0.24988059521730085,
                -0.9325253801092931,
                -0.26068336446556745,
                0.8539785706277392,
                0.339139311014998,
                -0.39459416745547676
            ],
            "cam_t_m2c": [
                42.552414971258344,
                51.99647250516776,
                750.4338473791832
            ],
            "obj_id": 1
        },
        {
            "cam_R_m2c": [
                0.991161708347908,
                0.0877094722351665,
                0.09952167611064239,
                0.13246056239755885,
                -0.6136701277184742,
                -0.7783726095062595,
                -0.007196828313757354,
                0.7846761010233678,
                -0.6198638989466191
            ],
            "cam_t_m2c": [
                -117.56505576765598,
                -54.22669786005838,
                779.5997896348365
            ],
            "obj_id": 1
        },
        {
            "cam_R_m2c": [
                -0.43941559225205884,
                -0.6835572585686791,
                -0.582806284191971,
                -0.6792682765563576,
                0.6773989547315751,
                -0.2823575934424091,
                0.5877990543956739,
                0.2718099174484588,
                -0.7619781893168063
            ],
            "cam_t_m2c": [
                125.74395914916849,
                -48.42165988328792,
                767.2331954841926
            ],
            "obj_id": 4
        },
        {
            "cam_R_m2c": [
                -0.20601866878391853,
                -0.25414023345618153,
                0.94497010220248,
                0.5634702855096333,
                0.758711320156218,
                0.32689254691115394,
                -0.8000361702939551,
                0.5998082523015175,
                -0.01310771998578052
            ],
            "cam_t_m2c": [
                -1.6267816307068115,
                -32.863424943606674,
                762.651196187617
            ],
            "obj_id": 4
        },
        {
            "cam_R_m2c": [
                0.8951084247816694,
                0.3747451931277974,
                0.24155116223793524,
                0.4316932067744548,
                -0.5930404482379046,
                -0.6796648574347325,
                -0.11145094463141915,
                0.7126495121903332,
                -0.692609880194667
            ],
            "cam_t_m2c": [
                -15.326623354536189,
                -87.20256732065505,
                771.003242386822
            ],
            "obj_id": 7
        },
        {
            "cam_R_m2c": [
                -0.5494337987997666,
                -0.8223314450701387,
                -0.14796195983755436,
                -0.8294292529784141,
                0.515425072247474,
                0.21536971180811165,
                -0.10084295363994716,
                0.24105557230573044,
                -0.9652580508560245
            ],
            "cam_t_m2c": [
                -73.51769237902765,
                35.68379370921183,
                750.2894024888764
            ],
            "obj_id": 9
        }
    ],
    "29": [
        {
            "cam_R_m2c": [
                0.19668756076655705,
                0.05599149594730723,
                -0.9788658296855519,
                0.4785306560978829,
                -0.8768652730565288,
                0.045996108529844516,
                -0.8557587102489569,
                -0.4774646182011993,
                -0.19926190103023034
            ],
            "cam_t_m2c": [
                -69.35690754178843,
                141.97950764903908,
                724.7435571275969
            ],
            "obj_id": 1
        },
        {
            "cam_R_m2c": [
                -0.02927482748361358,
                0.15696242129416724,
                0.9871704296327202,
                0.7134467441447098,
                -0.6884272122522537,
                0.1306186857361302,
                0.7000977232214333,
                0.7081180026744935,
                -0.09183085251096558
            ],
            "cam_t_m2c": [
                10.38406504343149,
                98.55393645284136,
                734.4594235108987
            ],
            "obj_id": 1
        },
        {
            "cam_R_m2c": [
                0.8361125372261539,
                0.42671312741071404,
                0.3447195669254263,
                0.5471779711252527,
                -0.6933069846145324,
                -0.4689580595930972,
                0.03888522269668531,
                0.5807245570999224,
                -0.8131710358970698
            ],
            "cam_t_m2c": [
                -70.92054948411365,
                -109.5510293782725,
                787.2900717367411
            ],
            "obj_id": 1
        },
        {
            "cam_R_m2c": [
                -0.3006380916968444,
                -0.736368995071005,
                0.6061165771077298,
                -0.9396241932004478,
                0.3376127736365784,
                -0.05589525827767809,
                -0.16347255156657084,
                -0.586325682788984,
                -0.7934095979743194
            ],
            "cam_t_m2c": [
                123.32766345502392,
                30.671350764791374,
                730.1070295182699
            ],
            "obj_id": 4
        },
        {
            "cam_R_m2c": [
                -0.37794707562089697,
                -0.33934367266170906,
                0.8613952634719695,
                0.741008672042427,
                0.44690333157409007,
                0.5011823839035143,
                -0.5550334394095234,
                0.8277217290449156,
                0.08255005634096876
            ],
            "cam_t_m2c": [
                12.80368036113464,
                -7.156915731174468,
                773.8844916035996
            ],
            "obj_id": 4
        },
        {
            "cam_R_m2c": [
                0.6327178356884587,
                0.7413526840232827,
                0.2237495149899495,
                0.6665887301822183,
                -0.6684673516394807,
                0.3298657844432128,
                0.3941156004655988,
                -0.05956292348014487,
                -0.9171287215579125
            ],
            "cam_t_m2c": [
                53.34808756242655,
                -71.69955743036309,
                793.3683470506365
            ],
            "obj_id": 7
        },
        {
            "cam_R_m2c": [
                0.792818266217326,
                -0.6042072318761962,
                0.07982858905390311,
                -0.6070166200854518,
                -0.794551748998478,
                0.014774215514742964,
                0.05450168342729322,
                -0.06017025673510294,
                -0.9966992490451343
            ],
            "cam_t_m2c": [
                -101.9259982656897,
                -13.786893760339652,
                754.0590061159328
            ],
            "obj_id": 9
        }
    ],
    "41": [
        {
            "cam_R_m2c": [
                -0.9937294695433724,
                -0.08218758631527186,
                -0.07580884796503812,
                0.11140274698478171,
                -0.6698710597838591,
                -0.734072475440227,
                0.009549647510164919,
                -0.7379148331178911,
                0.6748270417274956
            ],
            "cam_t_m2c": [
                -144.92601507186828,
                13.946372372520557,
                774.7380636695685
            ],
            "obj_id": 1
        },
        {
            "cam_R_m2c": [
                0.12749456984058424,
                0.6370253548021577,
                0.7602264539281827,
                -0.03824280228675349,
                -0.7627539983435445,
                0.645557574213932,
                0.9911017970172048,
                -0.11137825389282874,
                -0.07288520388245441
            ],
            "cam_t_m2c": [
                -79.78454119060468,
                49.81002966901844,
                756.249130713189
            ],
            "obj_id": 1
        },
        {
            "cam_R_m2c": [
                -0.9185108016736798,
                0.3940201493203819,
                -0.032955338360431664,
                0.33340374073735257,
                0.7270010990017031,
                -0.6002598374182812,
                -0.21255616217974405,
                -0.5623329820455579,
                -0.7991259295613476
            ],
            "cam_t_m2c": [
                61.21024881989965,
                -103.09086169686672,
                793.3471491143229
            ],
            "obj_id": 1
        },
        {
            "cam_R_m2c": [
                0.12917720440564012,
                -0.9879148451661692,
                0.08566484752771981,
                -0.8120264857580086,
                -0.15496942926025925,
                -0.5626700581868709,
                0.5691452701094267,
                0.003122401821166854,
                -0.8222311825509878
            ],
            "cam_t_m2c": [
                18.568212152644563,
                129.21120202169635,
                708.0018164069459
            ],
            "obj_id": 4
        },
        {
            "cam_R_m2c": [
                -0.671970259690824,
                -0.4493915493396859,
                -0.5886452573774179,
                -0.6460178622224487,
                0.7443296457101259,
                0.16921788565869275,
                0.3621014837170873,
                0.49398455442747097,
                -0.7904825479005266
            ],
            "cam_t_m2c": [
                42.31697657248085,
                20.27459213298211,
                772.7889114990579
            ],
            "obj_id": 4
        },
        {
            "cam_R_m2c": [
                0.017167139202292386,
                0.9993312594035093,
                0.032290797449640835,
                0.5457207353100442,
                0.01769610834543594,
                -0.8377803450581841,
                -0.8377916989629133,
                0.03200352739404969,
                -0.5450519027959466
            ],
            "cam_t_m2c": [
                90.57805103145104,
                -5.870206721866615,
                763.1439933669631
            ],
            "obj_id": 7
        },
        {
            "cam_R_m2c": [
                0.9991046985941294,
                0.006690266004251853,
                0.04177486751186298,
                -0.009008631195348194,
                -0.9311282140109838,
                0.36458220988614726,
                0.04133689919561426,
                -0.36463200575653026,
                -0.9302337787220795
            ],
            "cam_t_m2c": [
                -44.49895392637775,
                -78.11769186176554,
                781.3210875795561
            ],
            "obj_id": 9
        }
    ],
    "50": [
        {
            "cam_R_m2c": [
                -0.8682014566327925,
                0.19916633098588904,
                0.45448727135349476,
                -0.464701559770399,
                -0.6475296973458593,
                -0.6039516166927184,
                0.17400734425556663,
                -0.7355530338877084,
                0.6547389811103274
            ],
            "cam_t_m2c": [
                -101.01013364010353,
                -93.34760654527737,
                800.619501588947
            ],
            "obj_id": 1
        },
        {
            "cam_R_m2c": [
                -0.7085955299611923,
                0.7053323045296237,
                0.01995918476735344,
                0.572436990326171,
                0.5580869113605464,
                0.6007118623231047,
                0.4125629122812465,
                0.4370869413683309,
                -0.7992163566853089
            ],
            "cam_t_m2c": [
                -90.95615142514401,
                19.678826581183984,
                775.4577002715134
            ],
            "obj_id": 1
        },
        {
            "cam_R_m2c": [
                -0.7291713405191549,
                0.6635334719566028,
                -0.1674286777695029,
                0.6354818979046121,
                0.747321191149936,
                0.19409613547489857,
                0.25391218024240536,
                0.03513119535634413,
                -0.9665890781538325
            ],
            "cam_t_m2c": [
                121.52568377906873,
                -29.522016099553984,
                765.7416317756557
            ],
            "obj_id": 1
        },
        {
            "cam_R_m2c": [
                0.7916585380769446,
                -0.6101370026022019,
                0.03177340884549572,
                -0.6095862410859793,
                -0.7922948853979986,
                -0.02593823373037073,
                0.04099977638204993,
                0.0011657763601469256,
                -0.9991585342044053
            ],
            "cam_t_m2c": [
                -73.94614360906945,
                115.97586191001469,
                732.9646670234457
            ],
            "obj_id": 4
        },
        {
            "cam_R_m2c": [
                -0.02506869677026936,
                -0.7470553245260662,
                -0.6642886589315758,
                -0.8869184087167596,
                0.3232130607221499,
                -0.33001351233445647,
                0.4612452411310497,
                0.5808973116429695,
                -0.670679651747958
            ],
            "cam_t_m2c": [
                9.072913117452313,
                51.72323316260543,
                755.141685183857
            ],
            "obj_id": 4
        },
        {
            "cam_R_m2c": [
                -0.7579116009443445,
                0.4717717755300119,
                -0.450556396498496,
                0.46310603046700627,
                0.8755345781840129,
                0.13773846391065916,
                0.4594585400318617,
                -0.1042619783512722,
                -0.8820584859191234
            ],
            "cam_t_m2c": [
                53.220819258947955,
                89.69304346423064,
                734.0343430223705
            ],
            "obj_id": 7
        },
        {
            "cam_R_m2c": [
                0.5453373816028095,
                0.8184712078079596,
                -0.18086322112435615,
                0.8277229995299065,
                -0.49178985202732906,
                0.2702172607199919,
                0.13221833134801414,
                -0.2970639745054993,
                -0.9456591728501841
            ],
            "cam_t_m2c": [
                7.155404759774999,
                -62.94054800821735,
                763.0624484299648
            ],
            "obj_id": 9
        }
    ],
    "60": [
        {
            "cam_R_m2c": [
                -0.38377543992102703,
                -0.642230127997929,
                0.6635183703117971,
                -0.8207893936430006,
                -0.09198688313487992,
                -0.5637759941455428,
                0.42310875272141085,
                -0.7609727154859889,
                -0.49183384793977836
            ],
            "cam_t_m2c": [
                -4.800759921545152,
                -118.81477460282996,
                813.5130039113277
            ],
            "obj_id": 1
        },
        {
            "cam_R_m2c": [
                -0.6996847221339818,
                0.016838669686572594,
                -0.7142536794165387,
                0.16750567412787723,
                0.9757234454683107,
                -0.14108635758343832,
                0.6945387876028448,
                -0.218357862277697,
                -0.6855190424481981
            ],
            "cam_t_m2c": [
                -64.56754715495407,
                -46.90601009095654,
                801.3847321612668
            ],
            "obj_id": 1
        },
        {
            "cam_R_m2c": [
                -0.4867508371347162,
                -0.6401048083247052,
                -0.5944235308753891,
                -0.6162449574827376,
                0.7339094626724711,
                -0.285690256237601,
                0.619125134498305,
                0.22725069780701054,
                -0.7516930271679649
            ],
            "cam_t_m2c": [
                88.53422395659237,
                65.12812177623395,
                753.3595477944981
            ],
            "obj_id": 1
        },
        {
            "cam_R_m2c": [
                0.12219042036492758,
                0.9924583284316045,
                -0.009808769346320271,
                0.9895189312461827,
                -0.12105019276046478,
                0.07873554715164909,
                0.076953711600898,
                -0.019327001179345264,
                -0.9968476138904336
            ],
            "cam_t_m2c": [
                -123.91454204742904,
                30.251687909507183,
                754.1910346784792
            ],
            "obj_id": 4
        },
        {
            "cam_R_m2c": [
                0.2232215766642578,
                -0.46918289952649367,
                -0.8544238043837958,
                -0.8910508305205848,
                -0.45361103649449686,
                0.01629707374328651,
                -0.39522226264886967,
                0.7576975076482563,
                -0.5193208664577003
            ],
            "cam_t_m2c": [
                -32.62624805317949,
                43.21398013258654,
                753.4645372511789
            ],
            "obj_id": 4
        },
        {
            "cam_R_m2c": [
                -0.684140781877574,
                -0.6004426414142634,
                0.4140298065627464,
                -0.7271934806015085,
                0.6051810402723394,
                -0.32395259397958753,
                -0.056047464212320354,
                -0.5227088550476183,
                -0.8506672093184366
            ],
            "cam_t_m2c": [
                -8.34832508407898,
                112.74281993215679,
                723.5453712334903
            ],
            "obj_id": 7
        },
        {
            "cam_R_m2c": [
                0.09695893741910165,
                0.9353295368158508,
                -0.3402316074031369,
                0.918647162253995,
                0.04744285130025996,
                0.39222033487904495,
                0.38299641195919265,
                -0.35058259465443214,
                -0.8546381666061521
            ],
            "cam_t_m2c": [
                79.56010513230048,
                -13.542646181699983,
                759.2424016708303
            ],
            "obj_id": 9
        }
    ],
    "72": [
        {
            "cam_R_m2c": [
                0.7537414483066526,
                -0.6467265304555403,
                0.11670117189489522,
                -0.6171405898036507,
                -0.6355474793240339,
                0.46391498189965374,
                -0.2258576224137548,
                -0.42169284131234086,
                -0.8781593142803374
            ],
            "cam_t_m2c": [
                109.4548336258793,
                -63.91489660388075,
                788.3046779509984
            ],
            "obj_id": 1
        },
        {
            "cam_R_m2c": [
                -0.6133516743115688,
                -0.6575812435045618,
                -0.43747847227050773,
                0.20517494635386013,
                0.40222732691980423,
                -0.8922538366039245,
                0.7626948818465785,
                -0.6370241576593586,
                -0.11178785950750454
            ],
            "cam_t_m2c": [
                35.703557190681835,
                -70.38728149960566,
                805.5179691752287
            ],
            "obj_id": 1
        },
        {
            "cam_R_m2c": [
                -0.43646258984681197,
                -0.899550989078872,
                0.017578436375398215,
                -0.5433645079179383,
                0.24796813941127432,
                -0.8020394805300525,
                0.7171156738246344,
                -0.35961197363249836,
                -0.5970128174256696
            ],
            "cam_t_m2c": [
                -4.183248469184978,
                96.54007458824066,
                717.3606744551993
            ],
            "obj_id": 1
        },
        {
            "cam_R_m2c": [
                -0.31384476029278713,
                0.9147943479862056,
                0.25427094433471403,
                0.944712757662638,
                0.2740788267835822,
                0.1799945069726036,
                0.0949676508535144,
                0.29670344684954847,
                -0.9502362328661639
            ],
            "cam_t_m2c": [
                -109.18069377443277,
                -78.53354012231227,
                797.7636827552869
            ],
            "obj_id": 4
        },
        {
            "cam_R_m2c": [
                0.9922794018930325,
                0.020940467662054745,
                0.12224553070894807,
                0.07616288082772141,
                0.6750269767808872,
                -0.7338517534765427,
                -0.09788642454246842,
                0.7374960387667566,
                0.6682195863615751
            ],
            "cam_t_m2c": [
                -62.659694551248904,
                12.760813099931962,
                758.5901638710134
            ],
            "obj_id": 4
        },
        {
            "cam_R_m2c": [
                -0.6143521607481696,
                -0.6683803915059965,
                0.4193325537496317,
                -0.7605350172978758,
                0.643153064950502,
                -0.08910815306669141,
                -0.21013708447537258,
                -0.37366098963220024,
                -0.9034492679795325
            ],
            "cam_t_m2c": [
                -102.57906857265893,
                16.307335141663348,
                735.3467933247008
            ],
            "obj_id": 7
        },
        {
            "cam_R_m2c": [
                -0.6521954174838259,
                0.3103330569010213,
                -0.6916178540034702,
                0.6932767270235606,
                0.6132053649738042,
                -0.37861122449117596,
                0.30660877423374594,
                -0.7264107740289579,
                -0.615076323436521
            ],
            "cam_t_m2c": [
                52.07769248571147,
                34.275036567070075,
                712.9529142724459
            ],
            "obj_id": 9
        }
    ],
    "85": [
        {
            "cam_R_m2c": [
                0.9834869884217986,
                0.11565849132980763,
                0.13919967336441139,
                0.028182514181736767,
                -0.857637581351491,
                0.5134818231516706,
                0.17877124877268716,
                -0.5010801547176064,
                -0.8467349650048271
            ],
            "cam_t_m2c": [
                113.28347956099051,
                86.22330488694553,
                716.8816283800604
            ],
            "obj_id": 1
        },
        {
            "cam_R_m2c": [
                0.3526079393038507,
                -0.8082635527761857,
                0.4715692325778352,
                0.2942394255200795,
                -0.38261177863090956,
                -0.8758036568425295,
                0.8883081628153838,
                0.447569049487386,
                0.10291137395008408
            ],
            "cam_t_m2c": [
                67.68641984085534,
                0.5309402534646646,
                787.8131847361943
            ],
            "obj_id": 1
        },
        {
            "cam_R_m2c": [
                0.9631594615126261,
                0.01751776698284116,
                0.268358883686562,
                0.2298802780576573,
                -0.5714945214606124,
                -0.7877497771777848,
                0.13956618982906982,
                0.8204192253354511,
                -0.5544674411138288
            ],
            "cam_t_m2c": [
                -106.6628415114946,
                40.24957628520316,
                728.203918343211
            ],
            "obj_id": 1
        },
        {
            "cam_R_m2c": [
                -0.806921398895924,
                -0.17408097349546106,
                -0.5644238290355514,
                0.06547145989898882,
                0.9233331623211142,
                -0.37837765584480465,
                0.5870189471661948,
                -0.34227499655932164,
                -0.7336596185743781
            ],
            "cam_t_m2c": [
                50.735447133157635,
                -112.5967301921274,
                813.4296391712691
            ],
            "obj_id": 4
        },
        {
            "cam_R_m2c": [
                0.7386720263373868,
                0.5579572214806469,
                0.3782167935068844,
                0.6043974249857258,
                -0.29981384946227013,
                -0.7381162470464453,
                -0.29844256888807397,
                0.773819175809531,
                -0.5586912389031635
            ],
            "cam_t_m2c": [
                -24.940239312554542,
                -21.691234378847202,
                773.4184778474618
            ],
            "obj_id": 4
        },
        {
            "cam_R_m2c": [
                0.8864748871519973,
                -0.22544967298513038,
                -0.4041473271865717,
                -0.4278127627731125,
                -0.7322341875886988,
                -0.529914892547941,
                -0.17646066852672962,
                0.6426554805738239,
                -0.745557173031271
            ],
            "cam_t_m2c": [
                -104.68516967480463,
                -64.86420358086039,
                792.5553272556751
            ],
            "obj_id": 7
        },
        {
            "cam_R_m2c": [
                -0.6135040761269301,
                -0.5689447697527992,
                -0.5476450601803834,
                -0.592021804493099,
                0.7903153855415584,
                -0.15783619090097162,
                0.522611883231975,
                0.22738400727431132,
                -0.8216891599350913
            ],
            "cam_t_m2c": [
                -31.378190657706938,
                65.35850416191792,
                729.3868373124525
            ],
            "obj_id": 9
        }
    ],
    "92": [
        {
            "cam_R_m2c": [
                0.8497699565954614,
                0.34700002028035143,
                -0.3968400783774279,
                0.461424644776726,
                -0.8536377182361712,
                0.24163985277458244,
