{
    "8": [
        {
            "cam_R_m2c": [
                0.9139886927486766,
                0.3331623537563882,
                0.23157742404887288,
                0.26874652167362495,
                -0.9246980567136303,
                0.2696437537394284,
                0.30397498128896355,
                -0.1842160564336008,
                -0.934699997251096
            ],
            "cam_t_m2c": [
                -100.60890928778038,
                81.70007973195582,
                740.8070327473977
            ],
            "obj_id": 10
        },
        {
            "cam_R_m2c": [
                0.7876486592034165,
                -0.3671515383144567,
                0.49478227528977925,
                -0.4998071602680531,
                -0.8503416589086322,
                0.16465533266886287,
                0.3602802223796712,
                -0.37698723700056436,
                -0.8532754910366142
            ],
            "cam_t_m2c": [
                40.80884018950953,
                136.23918641039597,
                719.7359572128357
            ],
            "obj_id": 11
        },
        {
            "cam_R_m2c": [
                -0.19773129026165806,
                0.9266191587938978,
                0.3198120867057777,
                0.962596768367439,
                0.12189682915169711,
                0.24196612506992718,
                0.18522686923692672,
                0.35569498392674653,
                -0.9160636253211566
            ],
            "cam_t_m2c": [
                4.722623774267598,
                127.80565349976294,
                729.5590800486474
            ],
            "obj_id": 12
        },
        {
            "cam_R_m2c": [
                0.9794079771301611,
                -0.19037306649832794,
                -0.06721544087930877,
                0.06266909463290059,
                -0.029811544442342977,
                0.9975891120515789,
                -0.1919181414191473,
                -0.9812590178676359,
                -0.01726624377143577
            ],
            "cam_t_m2c": [
                -54.61657961810579,
                4.041374604639492,
                733.2319209201199
            ],
            "obj_id": 13
        },
        {
            "cam_R_m2c": [
                0.7175742443592484,
                0.4241640475983656,
                -0.5524234820650116,
                -0.691080605770468,
                0.5322063916106442,
                -0.48904430848266073,
                0.08656777754105864,
                0.7326944062482434,
                0.6750295302559035
            ],
            "cam_t_m2c": [
                -38.398231656724334,
                -40.98041905026691,
                751.5737961572028
            ],
            "obj_id": 14
        },
        {
            "cam_R_m2c": [
                0.3249960828488173,
                -0.7321113533162087,
                0.5986574470802302,
                -0.6959486860777339,
                -0.6137594199116401,
                -0.3727666468342174,
                0.6403375714828864,
                -0.2954879339943284,
                -0.708981121176266
            ],
            "cam_t_m2c": [
                6.437455161026385,
                -109.47480637673115,
                751.6666964056515
            ],
            "obj_id": 15
        },
        {
            "cam_R_m2c": [
                0.7084635472288734,
                0.6407319123852466,
                0.2958759408276797,
                0.5962049472530516,
                -0.3190259255691142,
                -0.7367242499382942,
                -0.37764986403971235,
                0.698344284329321,
                -0.608025286738301
            ],
            "cam_t_m2c": [
                20.872001419342627,
                -28.659034013976274,
                724.5479955941568
            ],
            "obj_id": 16
        },
        {
            "cam_R_m2c": [
                -0.484143579517027,
                -0.8169147833057596,
                0.31345772195311333,
                -0.8588086893286406,
                0.5122254598011663,
                0.008478561229810931,
                -0.16748811358210555,
                -0.2650956126205657,
                -0.9495642751643708
            ],
            "cam_t_m2c": [
                94.5664720260456,
                36.27050586586212,
                770.105174221782
            ],
            "obj_id": 17
        }
    ],
    "14": [
        {
            "cam_R_m2c": [
                0.8798280045366308,
                0.46778199393730396,
                0.08416203585375469,
                0.47385340602408454,
                -0.8770729207406955,
                -0.07877703823820309,
                0.036965026873918456,
                0.10919041418200819,
                -0.9933334802601956
            ],
            "cam_t_m2c": [
                -133.02796446977234,
                12.310268265600552,
                741.542632134408
            ],
            "obj_id": 10
        },
        {
            "cam_R_m2c": [
                0.7871957587845763,
                0.09252627906022749,
                -0.6097222729930988,
                -0.1833642282284849,
                -0.9088512292158801,
                -0.37465600974461927,
                -0.5888123176655903,
                0.4067296659345475,
                -0.6984784157129218
            ],
            "cam_t_m2c": [
                -17.301930468275966,
                141.88746440844582,
                734.0300613037327
            ],
            "obj_id": 11
        },
        {
            "cam_R_m2c": [
                -0.6217446052138771,
                0.5066714839922271,
                -0.5972580016367391,
                0.781134503564106,
                0.456750017356569,
                -0.4256855923800309,
                0.057114598370142565,
                -0.7312073042814443,
                -0.679761082263037
            ],
            "cam_t_m2c": [
                -78.42909542090202,
                102.01453931126161,
                737.6565124456438
            ],
            "obj_id": 12
        },
        {
            "cam_R_m2c": [
                0.8832689062197413,
                -0.37996920349495433,
                -0.27469798935638196,
                0.3354392114361796,
                0.10275559058652192,
                0.9364416585935947,
                -0.3275924957889144,
                -0.9192738927944407,
                0.2182170465506422
            ],
            "cam_t_m2c": [
                -17.027195398799655,
                -24.767755437340103,
                737.1645555896785
            ],
            "obj_id": 13
        },
        {
            "cam_R_m2c": [
                0.9638819823566156,
                -0.1693972210456993,
                0.20551327113000764,
                0.2230675890301673,
                0.09190498915345979,
                -0.9704610622315072,
                0.14550547597873043,
                0.9812536250691154,
                0.1263734039771183
            ],
            "cam_t_m2c": [
                -8.90473614799912,
                -59.29166267944016,
                770.5772372086427
            ],
            "obj_id": 14
        },
        {
            "cam_R_m2c": [
                0.7457056810223043,
                -0.4110008555016867,
                0.5244061651591716,
                -0.04229806967746484,
                -0.8146858063041563,
                -0.5783579453631951,
                0.6649310982377209,
                0.409104046403147,
                -0.6249005793058441
            ],
            "cam_t_m2c": [
                64.49198909254423,
                -69.29793285341987,
                757.0246474705368
            ],
            "obj_id": 15
        },
        {
            "cam_R_m2c": [
                0.26545775454824483,
                0.8279721184738204,
                -0.4939574087881769,
                0.9639189557700089,
                -0.23845647520288343,
                0.11831800162002072,
                -0.01982408760879584,
                -0.5075434458430569,
                -0.8613985151103866
            ],
            "cam_t_m2c": [
                17.326991198456877,
                -12.74496083734768,
                744.4796002962868
            ],
            "obj_id": 16
        },
        {
            "cam_R_m2c": [
                0.7295701708292156,
                -0.6420669054134265,
                0.23553570220538225,
                -0.32809385096650495,
                -0.6307680308968484,
                -0.7031969435675727,
                0.6000681600120065,
                0.43575452338287896,
                -0.6708483171196795
            ],
            "cam_t_m2c": [
                87.89384973953611,
                83.34146340300236,
                746.9539400468241
            ],
            "obj_id": 17
        }
    ],
    "20": [
        {
            "cam_R_m2c": [
                -0.5715763990971632,
                0.8090479141196316,
                0.13690333343096264,
                0.8170746034025481,
                0.5458397032522267,
                0.1856019538162194,
                0.07543264223153431,
                0.21794562525220162,
                -0.9730417278686679
            ],
            "cam_t_m2c": [
                -120.41234572398365,
                -53.16069058187087,
                786.3896993591703
            ],
            "obj_id": 10
        },
        {
            "cam_R_m2c": [
                0.9620585309749923,
                -0.2699048057927647,
                -0.03992645819216592,
                -0.27283610182222506,
                -0.9507058714277584,
                -0.14737582595784343,
                0.001818839942741229,
                0.152678352273615,
                -0.9882747876972392
            ],
            "cam_t_m2c": [
                -67.67447380877924,
                135.0900091582989,
                725.3647153408882
            ],
            "obj_id": 11
        },
        {
            "cam_R_m2c": [
                -0.7919008229771034,
                0.6101849290972591,
                -0.02380767098374163,
                0.6017395128376303,
                0.7863890363418289,
                0.1396532980987679,
                0.1039363798727735,
                0.09626478712430235,
                -0.989914624233331
            ],
            "cam_t_m2c": [
                -107.26492924584781,
                80.69512788186131,
                751.519989404602
            ],
            "obj_id": 12
        },
        {
            "cam_R_m2c": [
                0.9551011937253344,
                -0.2959903135464704,
                -0.01307908139170812,
                -0.21010434135028502,
                -0.7077666318689462,
                0.6744795932668769,
                -0.2088970166238103,
                -0.6414484154215466,
                -0.7381784331678436
            ],
            "cam_t_m2c": [
                -28.24538268134374,
                -18.501226331871862,
                748.7166938062891
            ],
            "obj_id": 13
        },
        {
            "cam_R_m2c": [
                0.8711608619130938,
                0.47755117578515577,
                -0.11412083426447026,
                -0.38254247583674467,
                0.5144389713949405,
                -0.7674725136669711,
                -0.3077984737657908,
                0.7122488264642114,
                0.6308428596421624
            ],
            "cam_t_m2c": [
                30.683033985076975,
                -43.5699274822222,
                739.3066010478565
            ],
            "obj_id": 14
        },
        {
            "cam_R_m2c": [
                0.7493744762198424,
                0.4334770488898481,
                -0.5005360896707338,
                0.4679060933351257,
                -0.8815363124379335,
                -0.06290825830201431,
                -0.46850985687395874,
                -0.18706166452824635,
                -0.86342746430322
            ],
            "cam_t_m2c": [
                87.63649481260876,
                -43.40481338672345,
                751.233839248629
            ],
            "obj_id": 15
        },
        {
            "cam_R_m2c": [
                -0.09965867757503552,
                0.8458948876350988,
                -0.5239556047940008,
                0.9759948198685775,
                -0.019383544185515026,
                -0.21693111922360941,
                -0.1936576282722825,
                -0.5329967159457395,
                -0.8236578329961387
            ],
            "cam_t_m2c": [
                24.7595359507436,
                -1.5002395878954342,
                734.103237054226
            ],
            "obj_id": 16
        },
        {
            "cam_R_m2c": [
                0.3504160900752252,
                -0.8951100594232244,
                0.2756561194123317,
                -0.7753603946304709,
                -0.4423402857022397,
                -0.4507235194467834,
                0.5253813973857179,
                -0.05579111159308592,
                -0.8490364096943015
            ],
            "cam_t_m2c": [
                21.7191551708198,
                100.61074325448531,
                737.0611145360534
            ],
            "obj_id": 17
        }
    ],
    "31": [
        {
            "cam_R_m2c": [
                -0.8032196247947159,
                0.15840224309012668,
                -0.5742366304319699,
                0.4552405433376874,
                0.7849526221760645,
                -0.42024524188147855,
                0.38418075027054666,
                -0.5989646631848906,
                -0.7026002193883253
            ],
            "cam_t_m2c": [
                -25.252827018995273,
                -114.58730661874941,
                802.571014149809
            ],
            "obj_id": 10
        },
        {
            "cam_R_m2c": [
                0.6057311080672908,
                0.721805295329601,
                -0.33479524993140697,
                0.5268863910183597,
                -0.6791723803558054,
                -0.5109953493574484,
                -0.5962222644342791,
                0.13312662646748333,
                -0.7917049531844766
            ],
            "cam_t_m2c": [
                -144.5787442436665,
                13.235728555057435,
                744.5293122519248
            ],
            "obj_id": 11
        },
        {
            "cam_R_m2c": [
                -0.8408168406969694,
                -0.48843307329535474,
                -0.2333689219539033,
                -0.19078278456441508,
                0.6708327344113798,
                -0.716649238753059,
                0.5065862402504773,
                -0.5580475371472738,
                -0.6572318116153099
            ],
            "cam_t_m2c": [
                -107.63841852246419,
                -22.69717258265514,
                757.956035338361
            ],
            "obj_id": 12
        },
        {
            "cam_R_m2c": [
                0.6395926864925199,
                0.08305708311033332,
                -0.7642141967430514,
                0.6656102089796327,
                -0.5571694129382552,
                0.49651354667594255,
                -0.38455756355084136,
                -0.8262352309637806,
                -0.4116451724812061
            ],
            "cam_t_m2c": [
                17.85614719909821,
                -24.83736345893405,
                751.2850607348078
            ],
            "obj_id": 13
        },
        {
            "cam_R_m2c": [
                -0.036951708580259215,
                0.039409265453911844,
                0.998539940086711,
                0.8078004605397473,
                0.5894195431008293,
                0.006630822681477475,
                -0.5882971783060418,
                0.8068657516611929,
                -0.05361501865735691
            ],
            "cam_t_m2c": [
                59.52149592430186,
                17.42638287457873,
                727.2455070815986
            ],
            "obj_id": 14
        },
        {
            "cam_R_m2c": [
                0.16910445536648344,
                0.9202017569270713,
                0.35303409615224896,
                0.7329083063456714,
                0.12208437621028327,
                -0.6692845445891716,
                -0.6589761963794477,
                0.37192033142553116,
                -0.6537782228450546
            ],
            "cam_t_m2c": [
                72.62741306593176,
                55.37910618338998,
                721.6638237374608
            ],
            "obj_id": 15
        },
        {
            "cam_R_m2c": [
                -0.8530373469708961,
                0.5113198889335226,
                0.10430711975135946,
                0.521848243932942,
                0.8364176039128008,
                0.16757186822820577,
                -0.0015616170590427273,
                0.19737767685101387,
                -0.9803267481233452
            ],
            "cam_t_m2c": [
                5.608880020862173,
                37.19877485132512,
                704.484279917328
            ],
            "obj_id": 16
        },
        {
            "cam_R_m2c": [
                0.5447162712834598,
                0.7355473226276594,
                -0.40280877434037193,
                0.5036196875642149,
                -0.6709804914017108,
                -0.5441995943224668,
                -0.6705610911284974,
                0.09357171283888158,
                -0.7359298418953248
            ],
            "cam_t_m2c": [
                -79.63251951913419,
                96.66131532921298,
                746.2530090660354
            ],
            "obj_id": 17
        }
    ],
    "35": [
        {
            "cam_R_m2c": [
                -0.8593754807573151,
                0.28312663999777976,
                -0.4258093201850563,
                0.19630435242676614,
                0.9515854495124452,
                0.23653697959610437,
                0.4721639583893106,
                0.11968666488130794,
                -0.8733480743513279
            ],
            "cam_t_m2c": [
                13.146727958572889,
                -112.36480379712717,
                793.9499019818242
            ],
            "obj_id": 10
        },
        {
            "cam_R_m2c": [
                -0.22061858454643307,
                0.757044240989934,
                0.614989355175927,
                0.9496405857137437,
                0.310564162038743,
                -0.041631640568250784,
                -0.22250987951829598,
                0.5748341918206765,
                -0.7874357614243678
            ],
            "cam_t_m2c": [
                -138.4716313686779,
                -15.062722959665667,
                756.2805189093564
            ],
            "obj_id": 11
        },
        {
            "cam_R_m2c": [
                0.3217183028540603,
                -0.9428999282937193,
                -0.08624018634228336,
                -0.9003247067139227,
                -0.2764466859463525,
                -0.33614511256047414,
                0.29310954047617577,
                0.18578850005099856,
                -0.9378535452870213
            ],
            "cam_t_m2c": [
                -77.1159343132235,
                -58.24487908099129,
                793.0018667741011
            ],
            "obj_id": 12
        },
        {
            "cam_R_m2c": [
                0.10389578897234446,
                -0.15497778737384646,
                -0.9824399091265448,
                0.3780538738758443,
                -0.907489983209142,
                0.1831344735341184,
                -0.9199350879178191,
                -0.3904417124872156,
                -0.03569458978088928
            ],
            "cam_t_m2c": [
                18.730121135931114,
                -18.889079486255717,
                731.7177430448658
            ],
            "obj_id": 13
        },
        {
            "cam_R_m2c": [
                0.022108086293200522,
                -0.32018740841139653,
                0.947096501414539,
                0.7180615096392681,
                0.6642355374243756,
                0.20779783674736216,
                -0.6956287509704279,
                0.6754785803141211,
                0.24459915034463808
            ],
            "cam_t_m2c": [
                52.17658931345892,
                41.482721111805446,
                730.3955173125269
            ],
            "obj_id": 14
        },
        {
            "cam_R_m2c": [
                -0.08487312493804182,
                0.8294143141939095,
                0.5521494008325261,
                0.7999515636346638,
                0.3870954956864364,
                -0.45851459150232027,
                -0.5940324070319295,
                0.40277710771806363,
                -0.696344445935934
            ],
            "cam_t_m2c": [
                70.09013458980802,
                93.66005292718594,
                695.748745572748
            ],
            "obj_id": 15
        },
        {
            "cam_R_m2c": [
                -0.7972992916529152,
                -0.2562865448220305,
                -0.546471768411306,
                0.09544382162653035,
                0.8404540847538909,
                -0.5334121830113896,
                0.5959905675417487,
                -0.4774458921190339,
                -0.6456316505489211
            ],
            "cam_t_m2c": [
                -7.086982029265453,
                49.083970984582095,
                702.0659872171285
            ],
            "obj_id": 16
        },
        {
            "cam_R_m2c": [
                0.6792738355223229,
                0.47382313099621004,
                -0.5604276697588472,
                0.611368472897217,
                -0.7877871863130957,
                0.07496823887480805,
                -0.40597548287630336,
                -0.39355229869304903,
                -0.8248034729405294
            ],
            "cam_t_m2c": [
                -93.06044052016726,
                64.69189239834823,
                731.3616124947542
            ],
            "obj_id": 17
        }
    ],
    "48": [
        {
            "cam_R_m2c": [
                -0.8990412907411974,
                -0.3782594289760231,
                0.22055472967180403,
                -0.3892618130943124,
                0.92110024709181,
                -0.007018599169280155,
                -0.20049749089879348,
                -0.09216340317391064,
                -0.9753497389475297
            ],
            "cam_t_m2c": [
                107.16971730300833,
                7.549400481555059,
                770.5813086769206
            ],
            "obj_id": 10
        },
        {
            "cam_R_m2c": [
                -0.5724537221939657,
                0.8198222985633173,
                -0.013695083435448587,
                0.7347738859812578,
                0.5055111381946719,
                -0.45228954353667,
                -0.3638737352351257,
                -0.26897784268795427,
                -0.8917664359444142
            ],
            "cam_t_m2c": [
                -37.47997268130014,
                -122.61483462231973,
                790.1228020678489
            ],
            "obj_id": 11
        },
        {
            "cam_R_m2c": [
                0.8729028815540023,
                -0.22743650293414674,
                0.4316404731795176,
                -0.22838200540524403,
                -0.9722635992688855,
                -0.050441400099368296,
                0.43114042824011745,
                -0.054548052166170466,
                -0.9006347371988789
            ],
            "cam_t_m2c": [
                19.34233699658662,
                -89.02625596307576,
                798.8466357337529
            ],
            "obj_id": 12
        },
        {
            "cam_R_m2c": [
                -0.8443627358484442,
                0.4421360355130917,
                0.3026009371747687,
                -0.5123631313214453,
                -0.5012285658995119,
                -0.6973188464359497,
                -0.1566378312838738,
                -0.7438324033971674,
                0.6497524706318253
            ],
            "cam_t_m2c": [
                7.527986545607757,
                40.499696172198924,
                718.6491094444775
            ],
            "obj_id": 13
        },
        {
            "cam_R_m2c": [
                -0.9754273437602679,
                0.047123326591171966,
                0.21522287609407542,
                0.16315554928712678,
                0.8109642632306714,
                0.5618868327678831,
                -0.14805977083043834,
                0.5831955096196851,
                -0.79872504783625
            ],
            "cam_t_m2c": [
                -11.29341708705316,
                74.33399659053309,
                703.8862655946289
            ],
            "obj_id": 14
        },
        {
            "cam_R_m2c": [
                -0.4447871804661363,
                0.8397140686893126,
                0.31151988820249493,
                0.8677719551770928,
                0.4901252126700109,
                -0.08215090182706805,
                -0.22166683454028535,
                0.2337878979083747,
                -0.9466822863892724
            ],
            "cam_t_m2c": [
                -43.54854123922068,
                91.67435050369178,
                706.5820035783864
            ],
            "obj_id": 15
        },
        {
            "cam_R_m2c": [
                -0.7102363956055372,
                -0.679916513547783,
                0.18242119098698728,
                -0.6793519610759026,
                0.5940743049148942,
                -0.4307627159668331,
                0.1845112277976066,
                -0.4298712088698501,
                -0.8838363844013679
            ],
            "cam_t_m2c": [
                -42.21843272256372,
                44.62566522343977,
                717.3022541160998
            ],
            "obj_id": 16
        },
        {
            "cam_R_m2c": [
                -0.3521138358891091,
                0.8969093970539987,
                -0.2675241577915403,
                0.844458512727518,
                0.4276963246607482,
                0.32243650167411547,
                0.4036151039931523,
                -0.11237934060130877,
                -0.9080012611037503
            ],
            "cam_t_m2c": [
                -103.99896863796263,
                -47.54320526683635,
                785.212005627414
            ],
            "obj_id": 17
        }
    ],
    "55": [
        {
            "cam_R_m2c": [
                -0.5674561419839225,
                -0.8177457575600418,
                0.0963614888704854,
                -0.6865064643243991,
                0.40524445573286855,
                -0.603726609689716,
                0.45464432416693296,
                -0.40874124029353254,
                -0.7913466683582474
            ],
            "cam_t_m2c": [
                91.37505786601116,
                74.36783167580677,
                739.3507949641801
            ],
            "obj_id": 10
        },
        {
            "cam_R_m2c": [
                -0.9396370155604622,
                -0.1486992243705343,
                0.3081743691775883,
                -0.0654244890380498,
                0.9620962155379907,
                0.2647446744975675,
                -0.33586066193677566,
                0.22860139553827707,
                -0.9137503602262743
            ],
            "cam_t_m2c": [
                68.25449071540143,
                -100.43988463113448,
                799.3328039102215
            ],
            "obj_id": 11
        },
        {
            "cam_R_m2c": [
                0.8873630215884388,
                -0.2934985017863088,
                -0.3555925999093408,
                -0.4607639125715962,
                -0.5362896780620552,
                -0.7071705528353367,
                0.016852577736111766,
                0.7913603031228847,
                -0.6111175152118888
            ],
            "cam_t_m2c": [
                97.09754904479746,
                -44.599356189177776,
                784.4194414940948
            ],
            "obj_id": 12
        },
        {
            "cam_R_m2c": [
                -0.9674084160842499,
                0.24330660147198171,
                0.0701656897947217,
                -0.1923551821440363,
                -0.5258920436653619,
                -0.8285150851269966,
                -0.16468414826697808,
                -0.8150092779707786,
                0.5555528761089848
            ],
            "cam_t_m2c": [
                5.114350369950694,
                25.49523137055823,
                727.1539688867834
            ],
            "obj_id": 13
        },
        {
            "cam_R_m2c": [
                -0.806267295224661,
                -0.4990592630491354,
                -0.3176056146831921,
                -0.5476527063810174,
                0.42675443683961806,
                0.7196922982852041,
                -0.22362948174587505,
                0.754202496599696,
                -0.6173886410666787
            ],
            "cam_t_m2c": [
                -30.312630200727565,
                65.09591668393344,
                712.5307607961952
            ],
            "obj_id": 14
        },
        {
            "cam_R_m2c": [
                -0.8237299176422117,
                0.1205096747600335,
                0.5540280830031991,
                -0.23280099956257191,
                0.8190955820893229,
                -0.5242954855330877,
                -0.5169848234113091,
                -0.5608555092859429,
                -0.6466591315367763
            ],
            "cam_t_m2c": [
                -102.60676356261524,
                44.23599079920821,
                720.8928637911189
            ],
            "obj_id": 15
        },
        {
            "cam_R_m2c": [
                0.29511489291104803,
                -0.8737611499063282,
                0.38658673170918156,
                -0.5030745524597765,
                -0.48607884300762216,
                -0.7145932014780819,
                0.8122946130463894,
                0.016404673026376708,
                -0.5830164325078601
            ],
            "cam_t_m2c": [
                -57.97379456443065,
                19.146165680285094,
                735.3241852039903
            ],
            "obj_id": 16
        },
        {
            "cam_R_m2c": [
                -0.3368133142900241,
                0.8289101276315319,
                0.44661521731866755,
                0.7670792223386841,
                0.5166311311253433,
                -0.3803698428489075,
                -0.546027711573012,
                0.21447590163547475,
                -0.8098484646012303
            ],
            "cam_t_m2c": [
                -41.01050278339714,
                -70.5907037654526,
                783.9034352423367
            ],
            "obj_id": 17
        }
    ],
    "61": [
        {
            "cam_R_m2c": [
                -0.06351189497603964,
                -0.9794602171626693,
                0.19137360083577323,
                -0.7841559422915421,
                -0.06963627612044178,
                -0.6166442788225875,
                0.6173056966339205,
                -0.18923060899412436,
                -0.763626693904113
            ],
            "cam_t_m2c": [
                63.152021376222024,
                104.07977425713948,
                741.6034686219064
            ],
            "obj_id": 10
        },
        {
            "cam_R_m2c": [
                -0.7241526710511936,
                -0.3950009588013498,
                -0.5653110246611813,
                -0.45247230015159784,
                0.8907516966098009,
                -0.0427876731685794,
                0.5204531953849961,
                0.2248026326554806,
                -0.8237672060514116
            ],
            "cam_t_m2c": [
                115.52046460376017,
                -42.15550209182949,
                780.8302233737118
            ],
            "obj_id": 11
        },
        {
            "cam_R_m2c": [
                0.9608227734425282,
                -0.20887612136776146,
                -0.18218107462796443,
                -0.2768020582052455,
                -0.7566950696055699,
                -0.5922780161475393,
                -0.01414295355478957,
                0.6195029444083349,
                -0.7848672225161017
            ],
            "cam_t_m2c": [
                98.42209060551028,
                21.898046333671072,
                754.1399695559958
            ],
            "obj_id": 12
        },
        {
            "cam_R_m2c": [
                -0.4133352606241632,
                0.45677653804825363,
                0.7877240768106304,
                -0.4437658052442304,
                0.6543495776139163,
                -0.6122901522368772,
                -0.7951259246477349,
                -0.6026459634115112,
                -0.06776395798220934
            ],
            "cam_t_m2c": [
                -13.647353413346973,
                32.51391189857078,
                709.8575769213123
            ],
            "obj_id": 13
        },
        {
            "cam_R_m2c": [
                -0.5529673011622064,
                -0.12638785316881923,
                -0.8235615958268749,
                -0.8109215959714813,
                -0.14541944356034964,
                0.5667975825434695,
                -0.19139769888219924,
                0.9812639680981852,
                -0.022078731627407172
            ],
            "cam_t_m2c": [
                -67.66290931035512,
                42.60549030066817,
                707.0131356892332
            ],
            "obj_id": 14
        },
        {
            "cam_R_m2c": [
                -0.40910723926668563,
                -0.79708292630272,
                0.4441737682011687,
                -0.8947974097535034,
                0.25505822283116286,
                -0.3664455299010205,
                0.1787976584970054,
                -0.5473616130565802,
                -0.8175739028381102
            ],
            "cam_t_m2c": [
                -113.77105148263635,
                -11.614160398814104,
                725.3002671595492
            ],
            "obj_id": 15
        },
        {
            "cam_R_m2c": [
                0.6561081886064294,
                -0.4447370997288632,
                -0.6096971600322373,
                -0.7384689679540176,
                -0.5448454038081536,
                -0.39724956891720165,
                -0.15551884905780897,
                0.710881341849412,
                -0.6859022542521105
            ],
            "cam_t_m2c": [
                -30.600672945116816,
                -7.420232438215155,
                740.4266980125387
            ],
            "obj_id": 16
        },
        {
            "cam_R_m2c": [
                -0.7380249291496459,
                0.2938034490737265,
                -0.607452212522623,
                0.46400055550207275,
                0.8745848638300647,
                -0.14073111377601005,
                0.4899212127912091,
                -0.38572152631135065,
                -0.7817904530378577
            ],
            "cam_t_m2c": [
                10.526525725827154,
                -76.95942359486611,
                798.6296342356081
            ],
            "obj_id": 17
        }
    ],
    "68": [
        {
            "cam_R_m2c": [
                0.4585337793591125,
                -0.8842972914814679,
                -0.08812484480337414,
                -0.8092976445462156,
                -0.3745517562906772,
                -0.45249094968771947,
                0.36712901255098995,
                0.2788014948355189,
                -0.8874039786603166
            ],
            "cam_t_m2c": [
                -9.338652657198255,
                144.93378808844085,
                733.7155010564642
            ],
            "obj_id": 10
        },
        {
            "cam_R_m2c": [
                0.1216042752847649,
                -0.9581466533655594,
                0.2591660755117704,
                -0.6169496457542445,
                -0.27750262629083144,
                -0.7364551002379768,
                0.7775514505413895,
                -0.07033597669186473,
                -0.6248733470075128
            ],
            "cam_t_m2c": [
                131.2767699131099,
                14.433357501969255,
                744.1565056218035
            ],
            "obj_id": 11
        },
        {
            "cam_R_m2c": [
                0.6051945583636569,
                0.5631814086518387,
                -0.5626425378881622,
                0.3669393605870236,
                -0.8245552763344098,
                -0.4306553702889079,
                -0.7064673108270745,
                0.05417464655429076,
                -0.7056693246579196
            ],
            "cam_t_m2c": [
                78.0860267050089,
                60.39804674081013,
                748.7507564637543
            ],
            "obj_id": 12
        },
        {
            "cam_R_m2c": [
                -0.4268548103257831,
                0.0027226407417798968,
                0.9043164652472868,
                -0.6694245950702046,
                0.6713756980325889,
                -0.31800203473839994,
                -0.60800186025844,
                -0.7411120540827537,
                -0.28475693280917486
            ],
            "cam_t_m2c": [
                -27.73235343542814,
                27.434880222971064,
                712.9343147526323
            ],
            "obj_id": 13
        },
        {
            "cam_R_m2c": [
                -0.6979189526412385,
                -0.5584558379345088,
                -0.4483708395716742,
                -0.7104214731090138,
                0.4606299313359451,
                0.5320918700160816,
                -0.090617159687759,
                0.6898891187793875,
                -0.718221030345985
            ],
            "cam_t_m2c": [
                -77.42453674807362,
                19.966714909043006,
                735.7478048417718
            ],
            "obj_id": 14
        },
        {
            "cam_R_m2c": [
                -0.14860457298144178,
                -0.784416769734637,
                0.6021683102964996,
                -0.9840117179075709,
                0.177747609931149,
                -0.011292800314979864,
                -0.09817619134797544,
                -0.5942186238682201,
                -0.7982892131920467
            ],
            "cam_t_m2c": [
                -90.05258793546284,
                -63.534030563678186,
                731.0396453534869
            ],
            "obj_id": 15
        },
        {
            "cam_R_m2c": [
                0.7929672093065873,
                -0.48880456241889697,
                -0.363694891888002,
                -0.5389766218930309,
                -0.841136202990958,
