{
    "8": [
        {
            "cam_R_m2c": [
                0.8809138019501901,
                0.4709209109931394,
                0.047169365959980385,
                0.44880631305829166,
                -0.799572059926807,
                -0.3990707543161092,
                -0.15021511084580155,
                0.3727160072658573,
                -0.9157060260179054
            ],
            "cam_t_m2c": [
                -115.84221553214549,
                80.16735770793846,
                736.7561968580732
            ],
            "obj_id": 10
        },
        {
            "cam_R_m2c": [
                0.8678860614897341,
                -0.4952733198174565,
                -0.03844955112101134,
                -0.46664271123586687,
                -0.786276753602279,
                -0.40498611613879487,
                0.17034614982551602,
                0.3694235661745641,
                -0.9135139954452844
            ],
            "cam_t_m2c": [
                52.12172697850734,
                133.76742116046375,
                723.3734676418476
            ],
            "obj_id": 11
        },
        {
            "cam_R_m2c": [
                -0.4077588181088154,
                0.8966970908744601,
                0.17224248274182904,
                0.8526872393680872,
                0.4414187124563815,
                -0.27941737698308844,
                -0.32658293400088034,
                0.03293435140439202,
                -0.9445943037621078
            ],
            "cam_t_m2c": [
                -7.821178045678644,
                122.61246651977099,
                728.6260283183644
            ],
            "obj_id": 12
        },
        {
            "cam_R_m2c": [
                0.7245189928866127,
                -0.5775908920282161,
                0.37611352935554104,
                -0.6002692396444713,
                -0.26057386882432676,
                0.7561602073939355,
                -0.3387462811268904,
                -0.7736212982516344,
                -0.5355001670775752
            ],
            "cam_t_m2c": [
                -39.82297997306121,
                -6.742345281012322,
                737.9059457994425
            ],
            "obj_id": 13
        },
        {
            "cam_R_m2c": [
                0.6115187467495238,
                -0.07151838050541531,
                -0.7879912644249526,
                -0.7172974063098451,
                0.37023893897423327,
                -0.5902608547255809,
                0.3339587298204413,
                0.9261793156893722,
                0.1751079566502123
            ],
            "cam_t_m2c": [
                -41.008604083430214,
                -56.449336258376846,
                754.4967870875686
            ],
            "obj_id": 14
        },
        {
            "cam_R_m2c": [
                0.5702307232468422,
                -0.8214823112463808,
                -0.002068571499657188,
                -0.813377412050494,
                -0.5642490226180717,
                -0.1415623691660707,
                0.11512315494471269,
                0.08240528566090204,
                -0.989927148212958
            ],
            "cam_t_m2c": [
                1.0428112714047995,
                -91.52299249764323,
                757.3899782744237
            ],
            "obj_id": 15
        },
        {
            "cam_R_m2c": [
                0.558352945539198,
                0.8193480116499152,
                0.13004368622343837,
                0.8167006823453312,
                -0.5153336624654699,
                -0.25967497303272985,
                -0.14574752263663635,
                0.2511965690943498,
                -0.9568999373888948
            ],
            "cam_t_m2c": [
                11.502317525284838,
                -23.248085949282608,
                739.2429771302118
            ],
            "obj_id": 16
        },
        {
            "cam_R_m2c": [
                -0.12181735216258337,
                -0.991946663238266,
                0.034682535133370114,
                -0.9822344429013853,
                0.11545143204014628,
                -0.14793973129627974,
                0.14274337300040327,
                -0.052087933468658365,
                -0.9883880309785762
            ],
            "cam_t_m2c": [
                94.43249251428863,
                36.20542193203659,
                752.8048470039735
            ],
            "obj_id": 17
        }
    ],
    "14": [
        {
            "cam_R_m2c": [
                0.49001987941670727,
                0.8601994156726739,
                -0.141198671298983,
                0.7930210788030527,
                -0.5071522221346512,
                -0.337511948135859,
                -0.36193765696567565,
                0.053413833021874114,
                -0.9306713131537918
            ],
            "cam_t_m2c": [
                -130.88141243880523,
                20.552406181533474,
                756.6029068944587
            ],
            "obj_id": 10
        },
        {
            "cam_R_m2c": [
                0.9668148849074198,
                -0.2409627325304704,
                0.0848870662980754,
                -0.19386579497818934,
                -0.9083725504309317,
                -0.3705070624703357,
                0.16638683883019045,
                0.3417557043711625,
                -0.9249427958924666
            ],
            "cam_t_m2c": [
                -10.224757660486478,
                148.97599586918838,
                718.6684680416313
            ],
            "obj_id": 11
        },
        {
            "cam_R_m2c": [
                -0.8569504477427798,
                0.49710515913434394,
                -0.13609498500171374,
                0.5150766853101101,
                0.8166911989951957,
                -0.2602149599691188,
                -0.01820666035504108,
                -0.2930915200521103,
                -0.9559115035944057
            ],
            "cam_t_m2c": [
                -64.8038373289968,
                106.09602093894064,
                732.4812377219585
            ],
            "obj_id": 12
        },
        {
            "cam_R_m2c": [
                0.9106780994973126,
                -0.3763994817316968,
                -0.17026001739082802,
                -0.07155991850937453,
                -0.5496333563757326,
                0.8323355926078377,
                -0.40687202621911556,
                -0.7458058733250074,
                -0.5274747695079655
            ],
            "cam_t_m2c": [
                -29.872038956444,
                -20.643740627896715,
                740.0598389340381
            ],
            "obj_id": 13
        },
        {
            "cam_R_m2c": [
                0.9137744009166853,
                0.0009173583625805686,
                -0.4062204412622238,
                -0.4057418918393773,
                0.05063447129104474,
                -0.9125843197704022,
                0.019731451117541703,
                0.9987171426441493,
                0.046641478972497374
            ],
            "cam_t_m2c": [
                -3.6814114169624608,
                -64.62804734128692,
                758.6006003106282
            ],
            "obj_id": 14
        },
        {
            "cam_R_m2c": [
                0.8987087385402672,
                -0.4142767831009879,
                -0.14386426619991033,
                -0.4380082686811081,
                -0.8317041431332363,
                -0.34119951268001825,
                0.0216982637402082,
                0.36965355710246617,
                -0.9289168092440484
            ],
            "cam_t_m2c": [
                50.711836505924275,
                -72.96070579535287,
                750.0526122134966
            ],
            "obj_id": 15
        },
        {
            "cam_R_m2c": [
                0.11368679389863105,
                0.9907206712045998,
                -0.0744820369598929,
                0.9627596919034733,
                -0.1283661743761729,
                -0.23794136486080403,
                -0.24529503812967982,
                -0.04465809980716294,
                -0.9684197468540939
            ],
            "cam_t_m2c": [
                28.24927403312043,
                -12.079961161754632,
                731.3371979841145
            ],
            "obj_id": 16
        },
        {
            "cam_R_m2c": [
                0.32969273060915544,
                -0.9438894483731642,
                -0.01936948243521479,
                -0.8805241884040965,
                -0.30002977306362655,
                -0.36695964025454475,
                0.34055816373239833,
                0.1380400992555935,
                -0.9300354394392245
            ],
            "cam_t_m2c": [
                74.53544087383902,
                86.01664819031363,
                741.2442285575574
            ],
            "obj_id": 17
        }
    ],
    "20": [
        {
            "cam_R_m2c": [
                -0.1364766625665018,
                0.976574084374529,
                0.16636468074230726,
                0.9343685477058454,
                0.18269074147332967,
                -0.30590742740690685,
                -0.32913539566129923,
                0.11369676891782872,
                -0.9374135965502893
            ],
            "cam_t_m2c": [
                -115.84829389649241,
                -46.051541763067185,
                774.0706459170998
            ],
            "obj_id": 10
        },
        {
            "cam_R_m2c": [
                0.9007057350668074,
                0.4334760184266928,
                0.028770509594862853,
                0.39907752691284337,
                -0.7994271095685508,
                -0.44905812862380107,
                -0.17165596403543956,
                0.41595165025041486,
                -0.893039678308356
            ],
            "cam_t_m2c": [
                -81.46106412245659,
                123.09043155020933,
                724.9215418147663
            ],
            "obj_id": 11
        },
        {
            "cam_R_m2c": [
                -0.9685215970417977,
                0.24859451148673484,
                0.012900682485206389,
                0.2249276720566581,
                0.8961623759790585,
                -0.3824926645776201,
                -0.10664700750474962,
                -0.367551408859203,
                -0.9238689009130454
            ],
            "cam_t_m2c": [
                -104.50538602159598,
                70.54717161184092,
                743.6315165434461
            ],
            "obj_id": 12
        },
        {
            "cam_R_m2c": [
                0.6833307723145071,
                -0.4592152993156569,
                -0.5676092683575336,
                0.18719456619337382,
                -0.641246907606338,
                0.7441509517637308,
                -0.705703434921397,
                -0.614754953544096,
                -0.35222189421072936
            ],
            "cam_t_m2c": [
                -12.130445775156623,
                -23.648750674505386,
                746.026490218588
            ],
            "obj_id": 13
        },
        {
            "cam_R_m2c": [
                0.9865590740625789,
                -0.1445308235431321,
                0.07623674168370602,
                0.11388569076366822,
                0.2735999251574664,
                -0.9550774522801099,
                0.11717993183600312,
                0.9509231796433866,
                0.2863832344474888
            ],
            "cam_t_m2c": [
                29.506349128042405,
                -56.301148642075105,
                753.5833470296709
            ],
            "obj_id": 14
        },
        {
            "cam_R_m2c": [
                0.9800181230400273,
                0.11345306236163953,
                0.1633792871542753,
                0.1559027552156023,
                -0.9482208715451219,
                -0.27671564605122584,
                0.12352535451171867,
                0.2966585070480457,
                -0.9469617056132544
            ],
            "cam_t_m2c": [
                89.03118434892053,
                -39.68702065642949,
                737.0976497006959
            ],
            "obj_id": 15
        },
        {
            "cam_R_m2c": [
                -0.5386043426755086,
                0.8364229056914936,
                0.10149910348832503,
                0.8219233798534075,
                0.5480840223164648,
                -0.15506778362660342,
                -0.18533304377736312,
                -9.611105692338827e-05,
                -0.9826763081558185
            ],
            "cam_t_m2c": [
                31.8038784846353,
                7.258065593229763,
                726.5228858624009
            ],
            "obj_id": 16
        },
        {
            "cam_R_m2c": [
                0.8692805851620716,
                -0.47346941387757263,
                -0.142049469267849,
                -0.49400657660751296,
                -0.8423160233944748,
                -0.21554878382701,
                -0.017594231807882766,
                0.2575461625105805,
                -0.966106351397179
            ],
            "cam_t_m2c": [
                25.78401828021247,
                115.67768173160216,
                731.8795731061495
            ],
            "obj_id": 17
        }
    ],
    "31": [
        {
            "cam_R_m2c": [
                -0.9133309164832706,
                0.40123513319356124,
                -0.06955393198808657,
                0.40713405308608636,
                0.8962365468970992,
                -0.1760750021126206,
                -0.008310634495721503,
                -0.18913216891465448,
                -0.9819168414455705
            ],
            "cam_t_m2c": [
                -22.63932753479146,
                -101.01394788433795,
                789.7289851200873
            ],
            "obj_id": 10
        },
        {
            "cam_R_m2c": [
                0.2686766977523483,
                0.9529808581625238,
                -0.14014682955294364,
                0.929447618131132,
                -0.2946899003206852,
                -0.22200331269451362,
                -0.2528643710829539,
                -0.07061198130232912,
                -0.9649218800801069
            ],
            "cam_t_m2c": [
                -142.29231836191937,
                22.171954349161673,
                754.7625155658977
            ],
            "obj_id": 11
        },
        {
            "cam_R_m2c": [
                -0.5536642954509521,
                -0.8253288562371918,
                -0.11085520044632285,
                -0.7584401924778135,
                0.554741704157779,
                -0.3420975324092095,
                0.34383858374812637,
                -0.10532995344660585,
                -0.9331030179953035
            ],
            "cam_t_m2c": [
                -110.06746555852976,
                -27.323726627661465,
                769.3107540909917
            ],
            "obj_id": 12
        },
        {
            "cam_R_m2c": [
                -0.02722510061554833,
                0.20151767618718527,
                -0.9791068057909157,
                0.7908658256886775,
                -0.5947119410019157,
                -0.14439336518260465,
                -0.6113839335892205,
                -0.7782732322702479,
                -0.14318242737356243
            ],
            "cam_t_m2c": [
                14.434466968119967,
                -11.356282447843174,
                736.985245122043
            ],
            "obj_id": 13
        },
        {
            "cam_R_m2c": [
                0.5580144297272023,
                -0.020831296024565016,
                0.8295701801697538,
                0.774532048872577,
                0.3719020531646845,
                -0.5116538075875204,
                -0.2978600078955751,
                0.9280386571444199,
                0.22366100987375834
            ],
            "cam_t_m2c": [
                66.14536426138937,
                7.498975715234958,
                738.0691978175172
            ],
            "obj_id": 14
        },
        {
            "cam_R_m2c": [
                0.37101879849372305,
                0.9276220129371249,
                0.04316468275577712,
                0.8414912188102595,
                -0.3161837146647187,
                -0.4380879671010847,
                -0.39273159989934386,
                0.198861411513889,
                -0.8978956412536148
            ],
            "cam_t_m2c": [
                78.73254448131583,
                59.8872870024878,
                708.1245264697949
            ],
            "obj_id": 15
        },
        {
            "cam_R_m2c": [
                -0.995015991519321,
                -0.04405159748800492,
                0.08946143123370774,
                -0.07625141516020252,
                0.9142540275846437,
                -0.3979019486296181,
                -0.06426229048025314,
                -0.4027398838919938,
                -0.9130561488412294
            ],
            "cam_t_m2c": [
                12.712096134266726,
                43.3176542468589,
                722.1479380482759
            ],
            "obj_id": 16
        },
        {
            "cam_R_m2c": [
                0.9201280426599701,
                0.3613595534730295,
                -0.15094523121174833,
                0.32651747836884837,
                -0.9207017771264832,
                -0.21376401780256568,
                -0.21622096167822222,
                0.14740373068518373,
                -0.9651535220915605
            ],
            "cam_t_m2c": [
                -73.15604926616258,
                99.93464477308669,
                736.6626098102289
            ],
            "obj_id": 17
        }
    ],
    "35": [
        {
            "cam_R_m2c": [
                -0.9460442916788928,
                0.322231641435066,
                -0.03416722942170593,
                0.3210699860371217,
                0.9179151628147058,
                -0.23312374852296427,
                -0.04375707438032482,
                -0.23151454140844022,
                -0.9718467457137091
            ],
            "cam_t_m2c": [
                19.31841973150338,
                -98.25978442337761,
                789.1733973493249
            ],
            "obj_id": 10
        },
        {
            "cam_R_m2c": [
                -0.025688571777205457,
                0.9926660061254867,
                -0.11813023010322694,
                0.9650874130513295,
                -0.00618669758798778,
                -0.2618566675587678,
                -0.2606661290141085,
                -0.12073257514362877,
                -0.9578499429643748
            ],
            "cam_t_m2c": [
                -141.58326807792014,
                -20.3251517609394,
                767.5128566463346
            ],
            "obj_id": 11
        },
        {
            "cam_R_m2c": [
                -0.23500675247840366,
                -0.9647704833579808,
                -0.11827985000457712,
                -0.9147564642025486,
                0.26066600614109825,
                -0.30866618829119774,
                0.3286227078553284,
                0.03565893130590445,
                -0.9437877092517988
            ],
            "cam_t_m2c": [
                -86.58035704342791,
                -60.41208856707138,
                784.8758518002234
            ],
            "obj_id": 12
        },
        {
            "cam_R_m2c": [
                -0.3339831803362064,
                0.41160690331353206,
                -0.8479595745294053,
                0.6186944180931733,
                -0.5829649326110066,
                -0.5266593144306589,
                -0.7111062401455545,
                -0.700523061393885,
                -0.059958657991625204
            ],
            "cam_t_m2c": [
                22.112535451265405,
                -0.47365451544537596,
                738.6475907652559
            ],
            "obj_id": 13
        },
        {
            "cam_R_m2c": [
                0.11286903783117383,
                0.2235632601287307,
                0.9681324555360332,
                0.9605100913139301,
                0.22484901160178283,
                -0.163902915117401,
                -0.254325388164101,
                0.9483999835766294,
                -0.18935641328365632
            ],
            "cam_t_m2c": [
                64.39055183010613,
                30.640544053372388,
                731.0040747651069
            ],
            "obj_id": 14
        },
        {
            "cam_R_m2c": [
                0.18900268961209593,
                0.9726060711119259,
                -0.13533612052953747,
                0.9253949408763952,
                -0.22251965822800449,
                -0.3068064099972629,
                -0.328515812134221,
                -0.06725219706838885,
                -0.942100918219851
            ],
            "cam_t_m2c": [
                55.52331403977299,
                82.81972269290887,
                698.2160757269246
            ],
            "obj_id": 15
        },
        {
            "cam_R_m2c": [
                -0.9368072625945126,
                -0.3348911229414643,
                0.10119546858573765,
                -0.34727533583515063,
                0.9251743003600502,
                -0.15314401365522837,
                -0.04233714712179743,
                -0.17860820604314906,
                -0.9830089353944655
            ],
            "cam_t_m2c": [
                -6.321809075748979,
                45.66886877750836,
                716.5037507360713
            ],
            "obj_id": 16
        },
        {
            "cam_R_m2c": [
                0.8255857833047962,
                0.5632119070020363,
                0.034653743338981365,
                0.5359774021375241,
                -0.763496259494967,
                -0.3602814472685073,
                -0.17645618373252728,
                0.3160161890490144,
                -0.9321998582239681
            ],
            "cam_t_m2c": [
                -97.93890930615699,
                77.88610188605337,
                737.9936985411339
            ],
            "obj_id": 17
        }
    ],
    "48": [
        {
            "cam_R_m2c": [
                -0.5298712042003089,
                -0.8396551369995773,
                -0.1192292542967336,
                -0.8213167572600123,
                0.5430929808801921,
                -0.17460805791652018,
                0.21136351778628693,
                0.005405433872107525,
                -0.9773930498066691
            ],
            "cam_t_m2c": [
                116.909181934245,
                -6.112331950024369,
                764.1185053165651
            ],
            "obj_id": 10
        },
        {
            "cam_R_m2c": [
                -0.9897421960429666,
                0.12893589787276422,
                0.061530279211002924,
                0.11098584749439365,
                0.9651158951314626,
                -0.23713403119474374,
                -0.08995860045423022,
                -0.22787284858429147,
                -0.9695268117847295
            ],
            "cam_t_m2c": [
                -29.066347190970752,
                -109.1863382030168,
                799.4712810964556
            ],
            "obj_id": 11
        },
        {
            "cam_R_m2c": [
                0.7635429099279077,
                -0.6403485985066704,
                0.08340237510305241,
                -0.56571166473516,
                -0.7255765726649334,
                -0.39180109723621626,
                0.31140389683282726,
                0.25197553237502485,
                -0.9162623569762007
            ],
            "cam_t_m2c": [
                29.95963465436768,
                -88.2121507136465,
                787.6689667345438
            ],
            "obj_id": 12
        },
        {
            "cam_R_m2c": [
                -0.9418314037510891,
                0.3313533487296004,
                -0.05619957688802873,
                -0.004946559810590513,
                -0.18086782029744713,
                -0.9834945756729746,
                -0.3360490390859567,
                -0.9260090622575201,
                0.1719860489848374
            ],
            "cam_t_m2c": [
                18.3463813694255,
                30.34291534495397,
                723.5106455515964
            ],
            "obj_id": 13
        },
        {
            "cam_R_m2c": [
                -0.8304106754078865,
                -0.04461688247466675,
                0.5553625066117264,
                0.5298681797174265,
                0.24486219201213777,
                0.8119614307203282,
                -0.17221426842255697,
                0.9685310977496286,
                -0.1796956386384663
            ],
            "cam_t_m2c": [
                -1.8758339865904698,
                83.48898972680591,
                710.8803693251031
            ],
            "obj_id": 14
        },
        {
            "cam_R_m2c": [
                -0.8421929883929645,
                0.5283582142714387,
                -0.10746343911329301,
                0.5391514497484085,
                0.8271662681960105,
                -0.15846424150139202,
                0.005164510617386523,
                -0.19139692951712195,
                -0.9814995956184842
            ],
            "cam_t_m2c": [
                -53.09299501176012,
                93.9402170440958,
                695.719804349082
            ],
            "obj_id": 15
        },
        {
            "cam_R_m2c": [
                -0.2330993226429934,
                -0.9690668876896152,
                0.0810805114810078,
                -0.9600545451872934,
                0.21605517437195484,
                -0.17780520854760096,
                0.15478757667331405,
                -0.1192875944135872,
                -0.9807201544024873
            ],
            "cam_t_m2c": [
                -45.567021445964876,
                33.04419251971742,
                722.7006074856196
            ],
            "obj_id": 16
        },
        {
            "cam_R_m2c": [
                -0.18764226241582097,
                0.9778262800473453,
                0.09298451775795995,
                0.9075364069006071,
                0.2088039954961848,
                -0.364386975320638,
                -0.3757226860589144,
                0.016012069187470536,
                -0.9265941800237645
            ],
            "cam_t_m2c": [
                -104.42155110305204,
                -32.508327019937745,
                778.1129952602151
            ],
            "obj_id": 17
        }
    ],
    "55": [
        {
            "cam_R_m2c": [
                0.16742706548591216,
                -0.9857288759910542,
                0.01753009527559691,
                -0.9212974873002361,
                -0.16276403803336673,
                -0.3531545872114312,
                0.35096748819330803,
                0.042977265930447824,
                -0.93540121797955
            ],
            "cam_t_m2c": [
                105.75798450694646,
                65.40618829094343,
                738.6105078548574
            ],
            "obj_id": 10
        },
        {
            "cam_R_m2c": [
                -0.9527656843029189,
                -0.28037269571775986,
                0.1167446509140051,
                -0.29746672487128517,
                0.9390120637963689,
                -0.1725369996748249,
                -0.061250040187849325,
                -0.19911474295945739,
                -0.9780606195592634
            ],
            "cam_t_m2c": [
                53.99550308556277,
                -96.94363734626509,
                796.951697118601
            ],
            "obj_id": 11
        },
        {
            "cam_R_m2c": [
                0.9620680435268338,
                -0.2161907447063083,
                -0.16639481612210277,
                -0.26012105067144053,
                -0.9107896072542162,
                -0.32062219622694704,
                -0.08223529175018063,
                0.3517427638580459,
                -0.9324779234709925
            ],
            "cam_t_m2c": [
                85.611078098469,
                -42.21858710902263,
                778.464390015844
            ],
            "obj_id": 12
        },
        {
            "cam_R_m2c": [
                -0.8380588016430757,
                0.3375051430281182,
                0.4286587287360823,
                -0.39099613613363043,
                0.17641500534744287,
                -0.9033265664611981,
                -0.3804995332662917,
                -0.9246451705420072,
                -0.01588323216844716
            ],
            "cam_t_m2c": [
                -1.5707450154612101,
                43.15180718297414,
                721.3755035529675
            ],
            "obj_id": 13
        },
        {
            "cam_R_m2c": [
                -0.9911374849047407,
                0.08221405502792671,
                -0.1043449994116547,
                -0.05840877244232532,
                0.4357794061769714,
                0.8981559093272479,
                0.11931254996754356,
                0.8962912816615876,
                -0.42711491246011757
            ],
            "cam_t_m2c": [
                -42.9524983139771,
                70.06433042219501,
                711.0694893990388
            ],
            "obj_id": 14
        },
        {
            "cam_R_m2c": [
                -0.9856551574875821,
                -0.11556680574124437,
                0.12299930639351545,
                -0.13585973154147005,
                0.9756858368302644,
                -0.17198373915412773,
                -0.10013308203290906,
                -0.18622705986242127,
                -0.9773912570714721
            ],
            "cam_t_m2c": [
                -101.15701627407766,
                51.37370177118027,
                707.4882780658573
            ],
            "obj_id": 15
        },
        {
            "cam_R_m2c": [
                0.5919431273582951,
                -0.8052548269403725,
                0.03418397289450785,
                -0.7474343307240855,
                -0.564320681671332,
                -0.3505473388391244,
                0.30157022227502317,
                0.18195365874198288,
                -0.9359214307496272
            ],
            "cam_t_m2c": [
                -52.85271818220549,
                5.972065372159459,
                732.4935757459253
            ],
            "obj_id": 16
        },
        {
            "cam_R_m2c": [
                -0.8414822692995739,
                0.530551927122243,
                -0.10209217331338813,
                0.5401460711163096,
                0.8218293539862881,
                -0.18121222198117085,
                -0.012239940541741807,
                -0.2076314120591553,
                -0.9781309851238071
            ],
            "cam_t_m2c": [
                -52.98037829640962,
                -80.05983502169441,
                789.9675292808788
            ],
            "obj_id": 17
        }
    ],
    "61": [
        {
            "cam_R_m2c": [
                0.5713892797553471,
                -0.8093655603419535,
                -0.13580029264492413,
                -0.7908031045406474,
                -0.4987559202224268,
                -0.3547856808308041,
                0.2194205244748391,
                0.3101123556261319,
                -0.9250325132336596
            ],
            "cam_t_m2c": [
                66.28547015411883,
                114.5556826475353,
                726.1835206213025
            ],
            "obj_id": 10
        },
        {
            "cam_R_m2c": [
                -0.5918194118441321,
                -0.7920664217056734,
                0.14960179731492443,
                -0.7989310758448054,
                0.5517405026907559,
                -0.23935648294712594,
                0.10704541931085274,
                -0.2611776548883567,
                -0.9593370240200945
            ],
            "cam_t_m2c": [
                102.49952013263886,
                -55.758774201504174,
                783.3420821157314
            ],
            "obj_id": 11
        },
        {
            "cam_R_m2c": [
                0.9862314498651573,
                0.16531210909630836,
                0.004396887163461661,
                0.16142810909850286,
                -0.956610788874277,
                -0.24256331721498325,
                -0.03589286025738715,
                0.23993387791030757,
                -0.9701254835686671
            ],
            "cam_t_m2c": [
                101.05440125226369,
                5.125639642520219,
                762.5842825458354
            ],
            "obj_id": 12
        },
        {
            "cam_R_m2c": [
                -0.36468528587286586,
                0.05312741893605154,
                0.9296140370069621,
                -0.9188574639006234,
                0.14102985486851127,
                -0.36852586192026116,
                -0.15068167416166256,
                -0.988578975117318,
                -0.002614767748746238
            ],
            "cam_t_m2c": [
                -22.306391836848615,
                39.59151033538082,
                723.6118583380925
            ],
            "obj_id": 13
        },
        {
            "cam_R_m2c": [
                -0.8887407057551288,
                0.11253623028636953,
                -0.44438211397047245,
                -0.3936804586832452,
                0.3092683182851318,
                0.8656609891013879,
                0.2348518777650608,
                0.9442925305538749,
                -0.23055641569786364
            ],
            "cam_t_m2c": [
                -69.42544499907922,
                49.658640720905396,
                721.56519137035
            ],
            "obj_id": 14
        },
        {
            "cam_R_m2c": [
                -0.8247707867671399,
                -0.5452728642127179,
                0.14976886996284225,
                -0.5579388871745072,
                0.7416541474772572,
                -0.37236164656811627,
                0.09196242645768683,
                -0.39067538055019757,
                -0.9159234897629491
            ],
            "cam_t_m2c": [
                -111.23382449231458,
                2.4798488484100005,
                723.5321730172124
            ],
            "obj_id": 15
        },
        {
            "cam_R_m2c": [
                0.8817486553223619,
                -0.46271788525105223,
                0.09171470780746627,
                -0.39345430986920615,
                -0.8286706551709792,
                -0.3981185937900572,
                0.2602181759260883,
                0.314955533437699,
                -0.9127375016919286
            ],
            "cam_t_m2c": [
                -46.55097942201569,
                -14.957995779633592,
                738.1578413715818
            ],
            "obj_id": 16
        },
        {
            "cam_R_m2c": [
                -0.9737808462766224,
                0.20221509624395262,
                0.10421090118802027,
                0.18076717238014367,
                0.9659333538882188,
                -0.18519226914265413,
                -0.13810937372189352,
                -0.16149940335968646,
                -0.9771610209519106
            ],
            "cam_t_m2c": [
                3.9874446457798696,
                -85.55774032373381,
                789.7865842876508
            ],
            "obj_id": 17
        }
    ],
    "68": [
        {
            "cam_R_m2c": [
                0.8751163255892318,
                -0.4641452949982225,
                0.13689626046182912,
                -0.43436433284750603,
                -0.8781235642600816,
                -0.20056730313181062,
                0.21330414711207957,
                0.11605663447900832,
                -0.9700680594417447
            ],
            "cam_t_m2c": [
                -4.048047290160662,
                135.84537475442457,
                719.5014449039853
            ],
            "obj_id": 10
        },
        {
            "cam_R_m2c": [
                -0.17522815049414608,
                -0.980112190776045,
                0.09314095052012947,
                -0.9741095166973337,
                0.15886876899275007,
                -0.1608475356326086,
                0.14285120985461694,
                -0.11891456724068146,
                -0.9825745278502778
            ],
            "cam_t_m2c": [
                126.55788620959962,
                24.0319144125591,
                760.8157053935466
            ],
            "obj_id": 11
        },
        {
            "cam_R_m2c": [
                0.4864036986735513,
                0.8640594914280625,
                0.12966286034075628,
                0.8588852288698786,
                -0.44559883128887834,
                -0.25250481253083834,
                -0.1604014171822035,
                0.23418469620863436,
                -0.9588684641076128
            ],
            "cam_t_m2c": [
                87.07283970257936,
                70.14944338249445,
                737.5122030034354
            ],
            "obj_id": 12
        },
        {
            "cam_R_m2c": [
                -0.12709600401901944,
                -0.19811279493467213,
                0.9719043862514855,
                -0.9553715178663084,
                0.28788277439542,
                -0.06625127200861593,
                -0.266669173833638,
                -0.9369496497025236,
                -0.22585992814211833
            ],
            "cam_t_m2c": [
                -33.12407159823645,
                28.69440097778144,
                723.5947291827842
            ],
            "obj_id": 13
        },
        {
            "cam_R_m2c": [
                -0.3125261619369092,
                -0.15746218205579895,
                -0.9367672349050153,
                -0.9121992933487798,
                0.32485585491132496,
                0.24972381774612684,
                0.26499217131657465,
                0.9325632351363367,
                -0.2451627598257491
            ],
            "cam_t_m2c": [
                -83.88607801938511,
                2.1079922968016964,
                733.321090886043
            ],
            "obj_id": 14
        },
        {
            "cam_R_m2c": [
                -0.42488646542989195,
                -0.9051957580704115,
                0.009604787399680953,
                -0.8966659786455004,
                0.419377074058778,
                -0.14182211115654358,
                0.12434853787721147,
                -0.06887063056362304,
                -0.9898454960291433
            ],
            "cam_t_m2c": [
                -91.02239035615663,
                -53.49039838393688,
                740.8891364413523
            ],
            "obj_id": 15
        },
        {
            "cam_R_m2c": [
                0.9991197073428684,
                -0.013467560836235421,
