{
    "8": [
        {
            "cam_R_m2c": [
                0.8173298063211935,
                0.5759371860014373,
                0.01639449530286084,
                0.5551585499733516,
                -0.7795889171446339,
                -0.2898967510513975,
                -0.15418101285235766,
                0.24604203613287634,
                -0.9569174658112415
            ],
            "cam_t_m2c": [
                -116.35390940474149,
                76.66694312411013,
                739.8265880705918
            ],
            "obj_id": 10
        },
        {
            "cam_R_m2c": [
                0.8072111431674749,
                -0.5901316734376894,
                0.012457827362650978,
                -0.5633206539851239,
                -0.7764992621573508,
                -0.28234509825983317,
                0.17629366857074347,
                0.22089379732848652,
                -0.9592319793183751
            ],
            "cam_t_m2c": [
                55.93089977759371,
                131.81932874821206,
                723.7275651121917
            ],
            "obj_id": 11
        },
        {
            "cam_R_m2c": [
                -0.41727670958229063,
                0.9087389137884184,
                -0.008611236612942516,
                0.8686623672942196,
                0.39605497384646415,
                -0.29760071551614536,
                -0.2670300245183488,
                -0.13166194685602714,
                -0.9546515609630951
            ],
            "cam_t_m2c": [
                -10.365495967066682,
                122.54961776200615,
                725.8431938090489
            ],
            "obj_id": 12
        },
        {
            "cam_R_m2c": [
                0.7738627653661345,
                -0.4746516642610029,
                0.41933596800513334,
                -0.54031094511433,
                -0.14930881787580255,
                0.8281128880709829,
                -0.33045495466647196,
                -0.8674171818077867,
                -0.37200331409594406
            ],
            "cam_t_m2c": [
                -39.80787269871698,
                -2.6655379517482825,
                736.5487318667807
            ],
            "obj_id": 13
        },
        {
            "cam_R_m2c": [
                0.5298786788376028,
                -0.08862697942916659,
                -0.8434300693555594,
                -0.8069399356446357,
                0.2532816339433767,
                -0.5335694742800752,
                0.260913215309937,
                0.9633242174460023,
                0.06269162732759521
            ],
            "cam_t_m2c": [
                -44.654833518467875,
                -55.86433901122749,
                752.2045251775327
            ],
            "obj_id": 14
        },
        {
            "cam_R_m2c": [
                0.6369589604291493,
                -0.7708258734029806,
                -0.010544610399892108,
                -0.7427747786680918,
                -0.6100046373397803,
                -0.27600717110129,
                0.20632048826179317,
                0.1836371248889919,
                -0.9610977030527009
            ],
            "cam_t_m2c": [
                0.23709833335302832,
                -94.36505947260618,
                754.7123081879012
            ],
            "obj_id": 15
        },
        {
            "cam_R_m2c": [
                0.463680938049245,
                0.8858368634268944,
                -0.01713081256422043,
                0.8453087952394319,
                -0.4480932170932936,
                -0.29097342165370926,
                -0.265430565442222,
                0.1204374708240797,
                -0.9565777256830844
            ],
            "cam_t_m2c": [
                15.28349213216724,
                -23.98717912527149,
                738.5202005649311
            ],
            "obj_id": 16
        },
        {
            "cam_R_m2c": [
                -0.032414136122216705,
                -0.9994457917497744,
                0.007605797905784746,
                -0.9608238344936638,
                0.02906329375953853,
                -0.2756317984815286,
                0.27525719153833766,
                -0.01624201318183309,
                -0.9612331692284939
            ],
            "cam_t_m2c": [
                97.57467104183968,
                34.961208858553796,
                754.216545700251
            ],
            "obj_id": 17
        }
    ],
    "14": [
        {
            "cam_R_m2c": [
                0.4092655797980725,
                0.9122909586495329,
                -0.015049922542111242,
                0.8703417117891674,
                -0.39529115352089783,
                -0.29368429184595757,
                -0.2738754663926187,
                0.10709602892846759,
                -0.955784237991441
            ],
            "cam_t_m2c": [
                -133.74584018228816,
                18.30235028035477,
                756.5224473292609
            ],
            "obj_id": 10
        },
        {
            "cam_R_m2c": [
                0.9945602419299944,
                -0.10403749256533877,
                0.00507552422253634,
                -0.09754726639836699,
                -0.9473911469097563,
                -0.3048520807164458,
                0.03652402315372441,
                0.30269936440783873,
                -0.9523864346866688
            ],
            "cam_t_m2c": [
                -14.553934134662013,
                146.6179768361266,
                719.1580700469605
            ],
            "obj_id": 11
        },
        {
            "cam_R_m2c": [
                -0.8145996779930319,
                0.5798896077885365,
                -0.012450667516579361,
                0.5562592151970489,
                0.7749638816169552,
                -0.300011537691072,
                -0.16432466108255603,
                -0.2513159721320705,
                -0.9538545649988234
            ],
            "cam_t_m2c": [
                -66.04954520286763,
                108.81365266226979,
                730.3245972636519
            ],
            "obj_id": 12
        },
        {
            "cam_R_m2c": [
                0.886150478257613,
                -0.4530539134853027,
                -0.09736083504863137,
                -0.1107831128727092,
                -0.41113161806620857,
                0.9048194076989096,
                -0.44996077645367133,
                -0.7910200636372843,
                -0.414515804235827
            ],
            "cam_t_m2c": [
                -29.751982232440046,
                -16.16110324090891,
                741.2221873219238
            ],
            "obj_id": 13
        },
        {
            "cam_R_m2c": [
                0.8887382031904338,
                -0.0397561066760614,
                -0.4566875096537085,
                -0.44181340257362745,
                0.19138843197717184,
                -0.8764540251539338,
                0.12224889456923752,
                0.9807092037540304,
                0.15253024443888769
            ],
            "cam_t_m2c": [
                -6.4866945318686895,
                -63.24570818941994,
                755.1797559206161
            ],
            "obj_id": 14
        },
        {
            "cam_R_m2c": [
                0.9383173302776139,
                -0.34565078397296606,
                0.009261088218485513,
                -0.32954211383879245,
                -0.9020572656629579,
                -0.27873816171562066,
                0.10469975032611752,
                0.2584937368748843,
                -0.9603227282986019
            ],
            "cam_t_m2c": [
                51.70285651192424,
                -76.06021403675722,
                749.9387263408552
            ],
            "obj_id": 15
        },
        {
            "cam_R_m2c": [
                -0.05289102820549703,
                0.9985889812314137,
                -0.004711795813404691,
                0.955511641035873,
                0.049237483944021054,
                -0.29081513057642855,
                -0.2901734139654426,
                -0.019884307695340716,
                -0.956767909080615
            ],
            "cam_t_m2c": [
                27.80440641662719,
                -8.997613471300486,
                734.2372691994119
            ],
            "obj_id": 16
        },
        {
            "cam_R_m2c": [
                0.46132353209012944,
                -0.8871071701852649,
                -0.014868955451708899,
                -0.8499637421664876,
                -0.43707780586748113,
                -0.29415111261873034,
                0.2544449677400302,
                0.14833773862797514,
                -0.9556435057841406
            ],
            "cam_t_m2c": [
                74.51373936257633,
                82.50461460745113,
                740.0576510929203
            ],
            "obj_id": 17
        }
    ],
    "20": [
        {
            "cam_R_m2c": [
                -0.10041462471864088,
                0.9949211210142597,
                0.0069872968310165755,
                0.946515622324217,
                0.09768811145009482,
                -0.30751452096510984,
                -0.30663602345966506,
                -0.024265209568882642,
                -0.9515181602140573
            ],
            "cam_t_m2c": [
                -117.28246949012177,
                -41.60600752518896,
                775.2737588052152
            ],
            "obj_id": 10
        },
        {
            "cam_R_m2c": [
                0.9107846633881103,
                0.4128085672807447,
                -0.00776979281845689,
                0.39312896750815385,
                -0.8728108824212655,
                -0.2892244259074495,
                -0.12617597037877218,
                0.26036740909119277,
                -0.9572302094671975
            ],
            "cam_t_m2c": [
                -81.653662964976,
                126.60016168782204,
                724.1629711762836
            ],
            "obj_id": 11
        },
        {
            "cam_R_m2c": [
                -0.994317638696536,
                0.10574675662954086,
                0.012247930911813323,
                0.09801159036317063,
                0.9542838439428762,
                -0.2823758058238228,
                -0.04154861410886018,
                -0.2795715330073603,
                -0.9592260967114461
            ],
            "cam_t_m2c": [
                -107.346362104767,
                68.72276261712848,
                740.5207937439798
            ],
            "obj_id": 12
        },
        {
            "cam_R_m2c": [
                0.742547614273809,
                -0.31807835930894407,
                -0.5894481943719497,
                0.31792947077853356,
                -0.607202173318067,
                0.7281664474642545,
                -0.5895286084753486,
                -0.7281013793452185,
                -0.349750817349396
            ],
            "cam_t_m2c": [
                -14.996059566960584,
                -23.45474294421521,
                741.9776958516014
            ],
            "obj_id": 13
        },
        {
            "cam_R_m2c": [
                0.9996223110514357,
                0.006601629943392981,
                0.02667562648738217,
                0.02475541541690269,
                0.20504826195448794,
                -0.9784387539284594,
                -0.011928883298314649,
                0.9787300957541103,
                0.2048080891260122
            ],
            "cam_t_m2c": [
                31.957933148109756,
                -52.26289060089302,
                752.1587616276519
            ],
            "obj_id": 14
        },
        {
            "cam_R_m2c": [
                0.9848713503248278,
                0.17259676841490476,
                -0.015451074501473904,
                0.15997592766586385,
                -0.9398712679679129,
                -0.3017444322801023,
                -0.06660202440434342,
                0.2947084043221693,
                -0.9532640631132903
            ],
            "cam_t_m2c": [
                87.45462122117645,
                -36.327683519434764,
                737.9494573700076
            ],
            "obj_id": 15
        },
        {
            "cam_R_m2c": [
                -0.5432001674976117,
                0.8395779711963333,
                -0.006510503570076461,
                0.8012361515847379,
                0.5160439487605737,
                -0.3028518692047098,
                -0.25090879785012143,
                -0.16972582346471304,
                -0.9530158292499804
            ],
            "cam_t_m2c": [
                31.519186752141863,
                11.25352821839937,
                726.8002314390069
            ],
            "obj_id": 16
        },
        {
            "cam_R_m2c": [
                0.8499696745258593,
                -0.5265558945310781,
                -0.01704114368117147,
                -0.5081288995022437,
                -0.8108227348759245,
                -0.2904677603656323,
                0.1391307454919338,
                0.2555483858518428,
                -0.9567334486411362
            ],
            "cam_t_m2c": [
                27.400910541687598,
                112.78050057334202,
                730.1914409531132
            ],
            "obj_id": 17
        }
    ],
    "31": [
        {
            "cam_R_m2c": [
                -0.8665409330044697,
                0.49910648882670544,
                0.0005327862955857382,
                0.47494698748245484,
                0.8249230197841747,
                -0.30647662686491633,
                -0.15340383743987962,
                -0.26532109162765133,
                -0.9518784757849472
            ],
            "cam_t_m2c": [
                -20.83305796348096,
                -101.35965579635558,
                793.4158723820644
            ],
            "obj_id": 10
        },
        {
            "cam_R_m2c": [
                0.18586932518520433,
                0.9825478205372898,
                -0.0072895128929770054,
                0.9373912746516115,
                -0.17954096010592396,
                -0.2984345917045123,
                -0.294534590651324,
                0.04863670712847602,
                -0.9544026911185615
            ],
            "cam_t_m2c": [
                -145.93089566909734,
                22.889972355690062,
                757.7746265881423
            ],
            "obj_id": 11
        },
        {
            "cam_R_m2c": [
                -0.6589573169712066,
                -0.7521113885990365,
                -0.010221522665682211,
                -0.715401861160049,
                0.6308758945001295,
                -0.3003270403519393,
                0.2323275290527282,
                -0.19058998725280168,
                -0.9537819607469245
            ],
            "cam_t_m2c": [
                -110.97973873828128,
                -30.792857655311195,
                771.710536425172
            ],
            "obj_id": 12
        },
        {
            "cam_R_m2c": [
                0.04715095958729777,
                0.12385882229281128,
                -0.9911793632642855,
                0.7128482141888781,
                -0.6992772735266045,
                -0.05347198378112401,
                -0.699731723687381,
                -0.7040391874916943,
                -0.12126419650065509
            ],
            "cam_t_m2c": [
                15.531285047649611,
                -14.598320224377677,
                739.6128316478164
            ],
            "obj_id": 13
        },
        {
            "cam_R_m2c": [
                0.5481071667880684,
                0.07757013986929534,
                0.8328037934072536,
                0.7982959963138644,
                0.24862274051381428,
                -0.5485533619373582,
                -0.2496049254379612,
                0.9654897386801413,
                0.07434783639854405
            ],
            "cam_t_m2c": [
                67.9003557334878,
                5.962621964151303,
                734.9874685733374
            ],
            "obj_id": 14
        },
        {
            "cam_R_m2c": [
                0.41501523451425903,
                0.909732049617793,
                0.012276359072655433,
                0.8747262934455484,
                -0.39526180962094876,
                -0.28039714347032924,
                -0.25023348378281984,
                0.12710743899309077,
                -0.9598060076286286
            ],
            "cam_t_m2c": [
                82.40653789978116,
                58.40482527013213,
                709.727656912664
            ],
            "obj_id": 15
        },
        {
            "cam_R_m2c": [
                -0.9989596105049708,
                0.044540047669745765,
                0.00983021077874935,
                0.04009838270780658,
                0.96028551847766,
                -0.27612385367649583,
                -0.021738444168223642,
                -0.27544199285692245,
                -0.9610722260711183
            ],
            "cam_t_m2c": [
                10.589837245359538,
                41.478759343297085,
                718.3696915105296
            ],
            "obj_id": 16
        },
        {
            "cam_R_m2c": [
                0.9174361891958326,
                0.39785877622579047,
                -0.0044712075727352165,
                0.38122110714147645,
                -0.8821774344501918,
                -0.27646696399706905,
                -0.11393897077966775,
                0.2519359391531819,
                -0.9610134574809518
            ],
            "cam_t_m2c": [
                -71.50547138246206,
                101.0155151475259,
                734.3748086476354
            ],
            "obj_id": 17
        }
    ],
    "35": [
        {
            "cam_R_m2c": [
                -0.986103045277278,
                0.16610474002217016,
                -0.0032278531292066113,
                0.15912850744212076,
                0.9387478560175385,
                -0.305665772399693,
                -0.04774224046421278,
                -0.3019306839579029,
                -0.9521334966240583
            ],
            "cam_t_m2c": [
                21.505232134335763,
                -99.38644525598869,
                793.1051728921644
            ],
            "obj_id": 10
        },
        {
            "cam_R_m2c": [
                -0.14397134390706223,
                0.989532479852495,
                -0.00990700562257891,
                0.9505524566052653,
                0.13550223705931486,
                -0.27944608221367134,
                -0.27517762943333485,
                -0.049649216649157016,
                -0.9601103672084291
            ],
            "cam_t_m2c": [
                -139.43206384702358,
                -21.372644078378613,
                769.8896732723515
            ],
            "obj_id": 11
        },
        {
            "cam_R_m2c": [
                -0.3552810153916142,
                -0.9345913998827222,
                0.01774064553016279,
                -0.8985573283849249,
                0.3362290961758525,
                -0.2820383932783969,
                0.2576248713478825,
                -0.11614353984723,
                -0.959239174064109
            ],
            "cam_t_m2c": [
                -87.31735255917623,
                -59.83211151388585,
                780.4202059251686
            ],
            "obj_id": 12
        },
        {
            "cam_R_m2c": [
                -0.25272772391363585,
                0.28547167283202324,
                -0.924464735498623,
                0.6541250071969741,
                -0.6536208571812636,
                -0.38065893412378526,
                -0.712915706816785,
                -0.7009184076069682,
                -0.021546296016327657
            ],
            "cam_t_m2c": [
                21.50696409299298,
                -4.446973020018103,
                738.0731951586968
            ],
            "obj_id": 13
        },
        {
            "cam_R_m2c": [
                0.20344887258955754,
                0.10421067346386366,
                0.9735240758243476,
                0.9387076023479777,
                0.26184438353316253,
                -0.2242019205119302,
                -0.2782751369019498,
                0.959467452545516,
                -0.04455155358653926
            ],
            "cam_t_m2c": [
                62.98186480613435,
                30.45256012910004,
                726.2950251200369
            ],
            "obj_id": 14
        },
        {
            "cam_R_m2c": [
                0.08161010682766776,
                0.9966374831021917,
                -0.007344721500328246,
                0.9573341132908818,
                -0.08043723235117481,
                -0.2775647334414849,
                -0.27722128001936996,
                0.015620652983207755,
                -0.9606789540016584
            ],
            "cam_t_m2c": [
                56.93514741614734,
                84.4431764601783,
                700.6803256722226
            ],
            "obj_id": 15
        },
        {
            "cam_R_m2c": [
                -0.9598146887427796,
                -0.2805350681999827,
                0.007501278899554953,
                -0.27033652301188416,
                0.9170859817344668,
                -0.2930399744423899,
                0.0753283993929218,
                -0.2832910502536496,
                -0.956070856704541
            ],
            "cam_t_m2c": [
                -1.8460167452646241,
                47.43702641233829,
                716.8938446230371
            ],
            "obj_id": 16
        },
        {
            "cam_R_m2c": [
                0.7353557220812503,
                0.6776577165341116,
                -0.005692746670515086,
                0.6497075853082788,
                -0.7073646757344729,
                -0.2784173076431338,
                -0.19269785045448437,
                0.20103645673751958,
                -0.9604434258644151
            ],
            "cam_t_m2c": [
                -96.52068809631477,
                76.34563049019516,
                741.4570691794671
            ],
            "obj_id": 17
        }
    ],
    "48": [
        {
            "cam_R_m2c": [
                -0.5639042434383902,
                -0.8256913451962565,
                -0.01567575503045128,
                -0.7879589327684208,
                0.5436244341913303,
                -0.2891234823985188,
                0.24724880171683286,
                -0.15068586763399466,
                -0.9571638550477628
            ],
            "cam_t_m2c": [
                112.05632203413495,
                -6.194744832233237,
                764.6584384260075
            ],
            "obj_id": 10
        },
        {
            "cam_R_m2c": [
                -0.9623902082667156,
                0.27165730637150837,
                -0.0027089564638069943,
                0.2597489115423303,
                0.9171883638465664,
                -0.30215096653909196,
                -0.07959656244216426,
                -0.2914910033551887,
                -0.953256637928258
            ],
            "cam_t_m2c": [
                -27.282231930172326,
                -113.500524463819,
                799.1398174316909
            ],
            "obj_id": 11
        },
        {
            "cam_R_m2c": [
                0.6859181891872533,
                -0.7276553959203965,
                0.005813473273590065,
                -0.6972576390708879,
                -0.6595073299258151,
                -0.28085774594784474,
                0.20820151867996547,
                0.18859232722297756,
                -0.9597321985061819
            ],
            "cam_t_m2c": [
                30.4380484908274,
                -83.88644768897414,
                787.5398895270907
            ],
            "obj_id": 12
        },
        {
            "cam_R_m2c": [
                -0.869349905448994,
                0.48633812392751985,
                -0.08778326164863547,
                -0.0075307935842687775,
                -0.19064502131072625,
                -0.9816297595259352,
                -0.49413950182121447,
                -0.8527195896545445,
                0.1693997876425892
            ],
            "cam_t_m2c": [
                16.444978209431074,
                29.80575992524283,
                727.8828649691217
            ],
            "obj_id": 13
        },
        {
            "cam_R_m2c": [
                -0.7875370111109552,
                0.05454763843307088,
                0.6138484770135838,
                0.5857972930621062,
                0.3755917918783926,
                0.7181723673528622,
                -0.1913816070793896,
                0.9251789057267796,
                -0.32774669992547256
            ],
            "cam_t_m2c": [
                1.5723355710761577,
                81.43105941448034,
                712.3841159729623
            ],
            "obj_id": 14
        },
        {
            "cam_R_m2c": [
                -0.8653306060456105,
                0.5011965202870571,
                -0.0022190788331990095,
                0.4777542110651636,
                0.823501457465828,
                -0.30593377121193,
                -0.15150525959266004,
                -0.26579431909241913,
                -0.9520506111027368
            ],
            "cam_t_m2c": [
                -54.29384309229508,
                97.71788826000065,
                696.8472819572347
            ],
            "obj_id": 15
        },
        {
            "cam_R_m2c": [
                -0.1481362970233206,
                -0.9889584696087297,
                -0.004088741406858628,
                -0.9433404695675732,
                0.1425424340925562,
                -0.2996491812069164,
                0.2969235824653361,
                -0.040531484582263494,
                -0.9540410961670617
            ],
            "cam_t_m2c": [
                -44.537045060222184,
                29.29253668515287,
                722.7312940196704
            ],
            "obj_id": 16
        },
        {
            "cam_R_m2c": [
                -0.3099012759825272,
                0.9506222995855389,
                0.016685413787593785,
                0.9106011810669482,
                0.3018097111360788,
                -0.2823394849671445,
                -0.2734340386597803,
                -0.07230401538450978,
                -0.9591698363559712
            ],
            "cam_t_m2c": [
                -103.31199946254699,
                -35.15363708001271,
                774.5956816382426
            ],
            "obj_id": 17
        }
    ],
    "55": [
        {
            "cam_R_m2c": [
                0.01206100213505192,
                -0.9997941947133655,
                -0.01633072757871157,
                -0.9571081750484555,
                -0.006814937690171467,
                -0.28964932230188206,
                0.2894780364977383,
                0.019123788016580014,
                -0.9569939826003526
            ],
            "cam_t_m2c": [
                104.51905356419162,
                63.98799458444727,
                742.1641045350631
            ],
            "obj_id": 10
        },
        {
            "cam_R_m2c": [
                -0.9439464819737298,
                -0.3300158106771045,
                -0.007429530459174109,
                -0.3147145574547523,
                0.9065150420465742,
                -0.2813973182180513,
                0.09960047946345346,
                -0.2632854507362717,
                -0.9595630550846144
            ],
            "cam_t_m2c": [
                53.33993556551555,
                -100.38945988709676,
                793.8498889314419
            ],
            "obj_id": 11
        },
        {
            "cam_R_m2c": [
                0.9840135257462534,
                -0.17809329253402179,
                0.0008686943046840264,
                -0.17080387406652336,
                -0.9450967163720096,
                -0.27859906968979026,
                0.05043750925150913,
                0.2739965229025564,
                -0.9604075744415295
            ],
            "cam_t_m2c": [
                82.60493088612706,
                -44.07389649434924,
                776.1208238704238
            ],
            "obj_id": 12
        },
        {
            "cam_R_m2c": [
                -0.7916929125319897,
                0.35581224705006115,
                0.49660906887132183,
                -0.5107542014511373,
                0.060505943365702475,
                -0.8575945561326231,
                -0.3351908504797661,
                -0.9325970956181663,
                0.13383003574226635
            ],
            "cam_t_m2c": [
                -2.0363809246018025,
                40.2241112665514,
                723.1241479747166
            ],
            "obj_id": 13
        },
        {
            "cam_R_m2c": [
                -0.998421317422117,
                0.017765850514267,
                0.053290124287898887,
                0.0560239594351374,
                0.38409238007436836,
                0.9215929602021113,
                -0.0040953812480209574,
                0.923124217751312,
                -0.38448100494924
            ],
            "cam_t_m2c": [
                -44.91740990746791,
                72.5535143064051,
                714.1400970685871
            ],
            "obj_id": 14
        },
        {
            "cam_R_m2c": [
                -0.9953334052626523,
                -0.0964985384496788,
                0.00019506833294373523,
                -0.09195235078501737,
                0.9478243143626476,
                -0.3052426550195954,
                0.029270596289819564,
                -0.3038357414549231,
                -0.9522750594294735
            ],
            "cam_t_m2c": [
                -101.25194759495666,
                55.231759482466174,
                708.1878211514655
            ],
            "obj_id": 15
        },
        {
            "cam_R_m2c": [
                0.44968980361694866,
                -0.8930695183345959,
                0.014370487094537735,
                -0.8508869041532825,
                -0.4332310525021591,
                -0.29715579446603113,
                0.271606149779566,
                0.12140013415085069,
                -0.9547213353761406
            ],
            "cam_t_m2c": [
                -50.633598827737,
                5.544361166068468,
                729.7435412581333
            ],
            "obj_id": 16
        },
        {
            "cam_R_m2c": [
                -0.7913425654976037,
                0.6113404289795112,
                0.006357201210532389,
                0.5837778057428401,
                0.7586714810246717,
                -0.2891717202363238,
                -0.18160512488957226,
                -0.22512241446666886,
                -0.9572566048426135
            ],
            "cam_t_m2c": [
                -54.209532096877254,
                -77.58419224351621,
                787.5363963575396
            ],
            "obj_id": 17
        }
    ],
    "61": [
        {
            "cam_R_m2c": [
                0.4959028764259488,
                -0.8683297857234171,
                0.009151056466202822,
                -0.8264814017863376,
                -0.4751841185124224,
                -0.3018750512124973,
                0.26647599401265876,
                0.14213791920402266,
                -0.9533034464248041
            ],
            "cam_t_m2c": [
                64.247171778529,
                112.54048760822754,
                727.2988004060854
            ],
            "obj_id": 10
        },
        {
            "cam_R_m2c": [
                -0.6663659210383801,
                -0.7454216568252455,
                0.01740770132928016,
                -0.717670468405565,
                0.634876088801314,
                -0.28614938637419285,
                0.20225073557027465,
                -0.20317350102882875,
                -0.9580267480381268
            ],
            "cam_t_m2c": [
                106.32634180561203,
                -55.32801006116766,
                780.5924997624277
            ],
            "obj_id": 11
        },
        {
            "cam_R_m2c": [
                0.9407387593928102,
                0.3391001456352076,
                0.004659382680448081,
                0.32459656272126897,
                -0.8963547699227057,
                -0.3019688269945168,
                -0.09822149751107946,
                0.28558672630325305,
                -0.9533062818533179
            ],
            "cam_t_m2c": [
                102.07595043962003,
                8.367619354678752,
                760.2667689563219
            ],
            "obj_id": 12
        },
        {
            "cam_R_m2c": [
                -0.4680654720651901,
                0.13886200453695038,
                0.8727153487209258,
                -0.8515044566702722,
                0.19324617578952802,
                -0.48743824603719965,
                -0.23633501170430937,
                -0.9712742104523057,
                0.02778996441027413
            ],
            "cam_t_m2c": [
                -18.589568749413278,
                40.311823236364134,
                723.3126598069887
            ],
            "obj_id": 13
        },
        {
            "cam_R_m2c": [
                -0.8814399938384035,
                -0.04609001575177607,
                -0.4700417734164378,
                -0.4499297890249407,
                0.3845788828353763,
                0.8060162808631031,
                0.1436191920151247,
                0.9219406013442059,
                -0.3597209450608162
            ],
            "cam_t_m2c": [
                -73.38141040098161,
                46.79642347124124,
                721.2301683067467
            ],
            "obj_id": 14
        },
        {
            "cam_R_m2c": [
                -0.8262378775065494,
                -0.5632060483498547,
                -0.011398103452473822,
                -0.5367334861013215,
                0.7932231965433283,
                -0.28760067542591544,
                0.1710201013828341,
                -0.2315092470134306,
                -0.9576824547190206
            ],
            "cam_t_m2c": [
                -113.7042816651954,
                4.085602270877077,
                724.258949467615
            ],
            "obj_id": 15
        },
        {
            "cam_R_m2c": [
                0.843366435291991,
                -0.5370189059219331,
                0.018541254782530773,
                -0.5092068000331529,
                -0.8097542519210977,
                -0.29155871735017286,
                0.1715866394059399,
                0.23645005877318928,
                -0.9563730890989228
            ],
            "cam_t_m2c": [
                -44.978902303600826,
                -14.144812472881044,
                734.700727862018
            ],
            "obj_id": 16
        },
        {
            "cam_R_m2c": [
                -0.9936597308123948,
                0.1118079903962778,
                -0.01180333218784424,
                0.11021455216680623,
                0.9479611155155757,
                -0.2987013006700679,
                -0.02220806492899961,
                -0.2981089454247217,
                -0.9542735266534842
            ],
            "cam_t_m2c": [
                -0.05063911559308265,
                -87.41645664961928,
                790.6132480752468
            ],
            "obj_id": 17
        }
    ],
    "68": [
        {
            "cam_R_m2c": [
                0.9102937616537768,
                -0.4136821415994441,
                -0.01524360731883673,
                -0.40064460017673514,
                -0.8711460993096978,
                -0.28388207203372556,
                0.10415751524258923,
                0.26452325183924097,
                -0.9587379573047166
            ],
            "cam_t_m2c": [
                -6.887828736033933,
                134.86173174846516,
                722.2241345623856
            ],
            "obj_id": 10
        },
        {
            "cam_R_m2c": [
                -0.09755468128074482,
                -0.9952084292338957,
                0.006576506794188167,
                -0.9508967152647972,
                0.09125599661793826,
                -0.295750646947955,
                0.2937332879700074,
                -0.03510544166076592,
                -0.955242468460927
            ],
            "cam_t_m2c": [
                127.88881678310665,
                21.738178489374125,
                759.0141939087144
            ],
            "obj_id": 11
        },
        {
            "cam_R_m2c": [
                0.5925755579048693,
                0.8054236894033845,
                -0.012120655740885517,
                0.7712668741288404,
                -0.571656950955938,
                -0.2799220976937005,
                -0.23238465124335164,
                0.15652669447371398,
                -0.9599461329107182
            ],
            "cam_t_m2c": [
                87.72559996448332,
                70.60312022411293,
                740.4790649366804
            ],
            "obj_id": 12
        },
        {
            "cam_R_m2c": [
                0.04011038514608129,
                -0.15794673221937072,
                0.9866326436944495,
                -0.9758424844426249,
                0.206041490266729,
                0.07265689921068458,
                -0.2147630839347631,
                -0.96571194020681,
                -0.1458666363209524
            ],
            "cam_t_m2c": [
                -34.355774098727494,
                29.4960668011685,
                727.0397434825775
            ],
            "obj_id": 13
        },
        {
            "cam_R_m2c": [
                -0.46717417119157045,
                -0.0949243959647405,
                -0.8790549849713892,
                -0.8434850129799468,
                0.3459553779027528,
                0.41091185333120894,
                0.2651081481014676,
                0.9334367082597429,
                -0.24168863964929865
            ],
            "cam_t_m2c": [
                -83.99278465979062,
                5.54896298836565,
                734.6757348735553
            ],
            "obj_id": 14
        },
        {
            "cam_R_m2c": [
                -0.34922489183430927,
                -0.9370361888272911,
                0.0022735549248556254,
                -0.8927722692831144,
                0.331988490396629,
                -0.3045356493817535,
                0.28460603430073894,
                -0.108381167650071,
                -0.9524981566211613
            ],
            "cam_t_m2c": [
                -95.46370642872716,
                -52.59358688253283,
                741.5579353204383
            ],
            "obj_id": 15
        },
        {
            "cam_R_m2c": [
                0.999138732435242,
