{
    "2": [
        {
            "cam_R_m2c": [
                -0.12707768532300245,
                -0.14057900970986417,
                0.9818800347701482,
                0.6796192941513985,
                -0.7333666577582263,
                -0.017040192442936808,
                0.7224738647309126,
                0.6651398924856102,
                0.1887345547538523
            ],
            "cam_t_m2c": [
                -47.70397043734529,
                31.177478761607855,
                733.2787129871241
            ],
            "obj_id": 19
        },
        {
            "cam_R_m2c": [
                -0.40968342541063707,
                0.7252320331392285,
                0.5533510986511785,
                0.7153412501943907,
                -0.12101225239472266,
                0.6882167302730879,
                0.5660794658748073,
                0.6777864273118742,
                -0.4692121951522619
            ],
            "cam_t_m2c": [
                -95.39648186678814,
                9.01255296177278,
                734.4239463699927
            ],
            "obj_id": 20
        },
        {
            "cam_R_m2c": [
                -0.5438850685531745,
                0.8336536284054378,
                0.09597019828580114,
                0.6143821076106434,
                0.47348736624951987,
                -0.6311448279702931,
                -0.571597219992338,
                -0.2843085063036647,
                -0.7697048276571608
            ],
            "cam_t_m2c": [
                -9.530314055965324,
                110.61831770930503,
                724.1509218259573
            ],
            "obj_id": 22
        },
        {
            "cam_R_m2c": [
                -0.30594165669188983,
                0.3381210723057924,
                0.8899849985072844,
                -0.6797322664606282,
                -0.7321101065813365,
                0.04447659850755066,
                0.6666060991903757,
                -0.5913446812408889,
                0.4538152446597752
            ],
            "cam_t_m2c": [
                12.324831990854635,
                114.86018146205406,
                719.0723209743627
            ],
            "obj_id": 22
        },
        {
            "cam_R_m2c": [
                0.9479440653716324,
                0.09346036429642529,
                0.30441245680822876,
                0.03259251413900565,
                0.9224626453306014,
                -0.384708441224643,
                -0.3167639811324433,
                0.37460334440629467,
                0.8713967518296819
            ],
            "cam_t_m2c": [
                -26.69093483013225,
                -55.29537591568834,
                752.4560204430743
            ],
            "obj_id": 23
        },
        {
            "cam_R_m2c": [
                -0.7501214552866697,
                0.6079965996544759,
                0.2601115852166357,
                -0.5171466730715158,
                -0.7844724184630351,
                0.34228927720573016,
                0.41216092669006144,
                0.12224313977765165,
                0.9028729558366498
            ],
            "cam_t_m2c": [
                53.13894378434101,
                9.198612791911174,
                744.9993813670633
            ],
            "obj_id": 23
        },
        {
            "cam_R_m2c": [
                -0.8462216621755647,
                -0.5328047168038574,
                -0.005246879946156116,
                -0.4910838289065662,
                0.7760626459011841,
                0.3956815759862624,
                -0.20674898848481693,
                0.3374107268569626,
                -0.9183725662142974
            ],
            "cam_t_m2c": [
                74.61795193157677,
                101.44425842243388,
                710.242784110648
            ],
            "obj_id": 24
        }
    ],
    "7": [
        {
            "cam_R_m2c": [
                0.5748076043918284,
                0.4643117166149598,
                0.673803198382567,
                0.0067462634384820195,
                -0.8260907972191786,
                0.5634968129777288,
                0.8182601980883829,
                -0.31935721843644377,
                -0.47797626512503627
            ],
            "cam_t_m2c": [
                -69.17226295167632,
                35.5017104439309,
                748.9224627897589
            ],
            "obj_id": 19
        },
        {
            "cam_R_m2c": [
                0.5545112795539522,
                0.8240693025510379,
                -0.1158737789172997,
                0.30308247663616245,
                -0.07030978379664696,
                0.9503671609165508,
                0.7750208573287823,
                -0.5621095148603302,
                -0.28874878086241285
            ],
            "cam_t_m2c": [
                -67.50734922045777,
                -36.853023513415295,
                753.2683702533263
            ],
            "obj_id": 20
        },
        {
            "cam_R_m2c": [
                -0.9773496031814038,
                -0.14210117023203658,
                -0.15683012576324473,
                0.051549495555641915,
                0.5588827030303092,
                -0.8276426394481126,
                0.20525919768781722,
                -0.8169807744705473,
                -0.5388979596746147
            ],
            "cam_t_m2c": [
                -30.165857316059217,
                104.13234461697526,
                731.9596125078393
            ],
            "obj_id": 22
        },
        {
            "cam_R_m2c": [
                -0.4339361518270575,
                0.11814792655806167,
                0.8931637540469461,
                -0.6409932448120085,
                -0.7371354682734028,
                -0.21391300913014039,
                0.6331092364773795,
                -0.6653355630122504,
                0.3956016555190738
            ],
            "cam_t_m2c": [
                -39.370977007149584,
                120.0889447611066,
                722.7980613426251
            ],
            "obj_id": 22
        },
        {
            "cam_R_m2c": [
                0.5472362785803985,
                -0.8224658323976685,
                0.15518650246526128,
                0.8077974145175909,
                0.5675310943063818,
                0.15928574235254367,
                -0.21908111186900694,
                0.038192332452650295,
                0.9749586737058022
            ],
            "cam_t_m2c": [
                3.9624920942169073,
                -58.451595558142834,
                727.9109466270658
            ],
            "obj_id": 23
        },
        {
            "cam_R_m2c": [
                -0.7831592368108218,
                0.18239820781572247,
                0.5944681432691075,
                -0.02949974693435908,
                -0.9658335816808368,
                0.2574791681794747,
                0.6211218211668463,
                0.18411019325638459,
                0.7617815804785708
            ],
            "cam_t_m2c": [
                62.7412794951476,
                31.692472752847852,
                718.2229115747587
            ],
            "obj_id": 23
        },
        {
            "cam_R_m2c": [
                -0.6205119573950181,
                -0.7824003465234413,
                0.05306243073892733,
                -0.46511627506319303,
                0.31271118045836493,
                -0.8281775701988685,
                0.6313733825730765,
                -0.5385740353051276,
                -0.5579474237539119
            ],
            "cam_t_m2c": [
                48.370737683795596,
                141.40839103732668,
                718.6406650072288
            ],
            "obj_id": 24
        }
    ],
    "12": [
        {
            "cam_R_m2c": [
                -0.5426155036812613,
                0.8394990073933813,
                0.028448891938356854,
                -0.10745803137681428,
                -0.10296690153389654,
                0.9888636304863718,
                0.83307967713909,
                0.5335151767750342,
                0.146081863773552
            ],
            "cam_t_m2c": [
                -52.91860538624336,
                -3.6496443368031826,
                756.3865153100766
            ],
            "obj_id": 19
        },
        {
            "cam_R_m2c": [
                0.600680673459856,
                0.7495654391205797,
                -0.27809002507699915,
                0.17072064801732836,
                0.21955362729904085,
                0.9605473710513338,
                0.781049136598024,
                -0.6244573209472588,
                0.0039148641857556414
            ],
            "cam_t_m2c": [
                -52.53064528835327,
                -37.56146462411903,
                738.4702247416045
            ],
            "obj_id": 20
        },
        {
            "cam_R_m2c": [
                -0.8192727113071432,
                -0.06810621516712412,
                0.5693448349035573,
                -0.2831280000857479,
                0.9114871201737611,
                -0.29837938512908924,
                -0.4986282006277954,
                -0.4056515614724466,
                -0.7660396527869326
            ],
            "cam_t_m2c": [
                -91.74061934828794,
                92.81449049426278,
                744.0434170404802
            ],
            "obj_id": 22
        },
        {
            "cam_R_m2c": [
                0.19426556514280838,
                -0.13513519613829805,
                0.9715958411954153,
                -0.613346334774167,
                -0.7897105282321725,
                0.01279818249966547,
                0.7655505290594679,
                -0.5984114982842557,
                -0.2362986096524583
            ],
            "cam_t_m2c": [
                -102.96259489022216,
                85.84071181912937,
                716.5948382884235
            ],
            "obj_id": 22
        },
        {
            "cam_R_m2c": [
                0.949712464580593,
                -0.2959188989498463,
                -0.10236000482383621,
                0.308999958194471,
                0.8328433770493338,
                0.4592288377707271,
                -0.05064519379875321,
                -0.4677646345957328,
                0.8824013196390539
            ],
            "cam_t_m2c": [
                29.82921955786369,
                -51.362782218294896,
                727.8723843408328
            ],
            "obj_id": 23
        },
        {
            "cam_R_m2c": [
                -0.9519063063450199,
                0.2991129691782831,
                0.06637231169205934,
                -0.19149485191799548,
                -0.7499231019125183,
                0.6332022671405808,
                0.23917378066031128,
                0.5900394358269354,
                0.7711356161934925
            ],
            "cam_t_m2c": [
                30.21262176696141,
                42.708880302852165,
                708.3911160582518
            ],
            "obj_id": 23
        },
        {
            "cam_R_m2c": [
                -0.0653536172132145,
                -0.8511214716674697,
                -0.5208844317272756,
                -0.7154264495625007,
                0.40385984466467706,
                -0.5701424764695029,
                0.6956253149070266,
                0.33539309220492797,
                -0.635309006765615
            ],
            "cam_t_m2c": [
                -32.321855536340905,
                130.91037726742096,
                717.5226328658773
            ],
            "obj_id": 24
        }
    ],
    "20": [
        {
            "cam_R_m2c": [
                0.12049343758772535,
                0.9927052379626179,
                0.0042443525237605756,
                0.7273101550746996,
                -0.09118867518570997,
                0.6802237769809528,
                0.6756481339141345,
                -0.07887567560111676,
                -0.7329929604829245
            ],
            "cam_t_m2c": [
                -28.711062608658604,
                -28.255742257972017,
                748.1942166210094
            ],
            "obj_id": 19
        },
        {
            "cam_R_m2c": [
                0.23272786464541195,
                0.1511848094815235,
                -0.960719343992337,
                -0.13266044167989266,
                0.9835451738331109,
                0.12264107385088203,
                0.9634511431374824,
                0.09890725058176397,
                0.24895464814142848
            ],
            "cam_t_m2c": [
                11.121985013545206,
                -54.15455894284248,
                761.5597988307412
            ],
            "obj_id": 20
        },
        {
            "cam_R_m2c": [
                0.01791025726977931,
                -0.8579084923752032,
                -0.5134906261417187,
                -0.9518501040923918,
                0.14257000429184685,
                -0.2713959240225682,
                0.3060414263947784,
                0.4936269749693279,
                -0.814045921766999
            ],
            "cam_t_m2c": [
                -92.05402073097022,
                15.476421922358462,
                764.6514623822812
            ],
            "obj_id": 22
        },
        {
            "cam_R_m2c": [
                0.9527200522274808,
                -0.2838298151501502,
                0.10846992835913238,
                -0.2909996202103832,
                -0.749582768201717,
                0.594512029473125,
                -0.0874327964353828,
                -0.5979677570717192,
                -0.796737383898874
            ],
            "cam_t_m2c": [
                -123.1124556907838,
                8.79745912165161,
                726.9117123368828
            ],
            "obj_id": 22
        },
        {
            "cam_R_m2c": [
                0.1411651617004165,
                -0.925159560947048,
                -0.3523525865475561,
                0.9312952936525778,
                0.24482664152987385,
                -0.26972216346120115,
                0.3358008354803463,
                -0.2900692802794673,
                0.8961568213496444
            ],
            "cam_t_m2c": [
                55.66064104602303,
                2.1310362852154228,
                741.0632969283068
            ],
            "obj_id": 23
        },
        {
            "cam_R_m2c": [
                0.41609686905986887,
                0.8889932678015431,
                0.19119380810530684,
                -0.6663111636583738,
                0.15500168629340189,
                0.72938575224641,
                0.6187841560075296,
                -0.43088972831479355,
                0.6568412945516144
            ],
            "cam_t_m2c": [
                4.809384347980824,
                81.32892611885067,
                708.8991675239536
            ],
            "obj_id": 23
        },
        {
            "cam_R_m2c": [
                0.5535164072505239,
                -0.8310041472922485,
                -0.055246879326863015,
                -0.4819062364547535,
                -0.26547337705630214,
                -0.8350387479725566,
                0.6792547586775879,
                0.4888317311193979,
                -0.5474095385806961
            ],
            "cam_t_m2c": [
                -92.76818795630925,
                92.60220552520731,
                711.8156720659825
            ],
            "obj_id": 24
        }
    ],
    "28": [
        {
            "cam_R_m2c": [
                -0.19492731411140612,
                0.7626432085996084,
                -0.6167483265300436,
                0.7425476827217821,
                0.5255701338478524,
                0.41520959324012624,
                0.6408011878879833,
                -0.37702897155900855,
                -0.6687469255572354
            ],
            "cam_t_m2c": [
                -8.817139088670022,
                -50.689223092431185,
                746.4627159744269
            ],
            "obj_id": 19
        },
        {
            "cam_R_m2c": [
                -0.34278232370785255,
                0.4865163609828181,
                -0.8036179265591874,
                0.39478939663724255,
                0.8508427448172925,
                0.3467100388703419,
                0.8524326862491163,
                -0.19841346839691265,
                -0.4837255357194071
            ],
            "cam_t_m2c": [
                46.734365923676975,
                -56.701556999309176,
                750.5536946260493
            ],
            "obj_id": 20
        },
        {
            "cam_R_m2c": [
                0.30268395132422665,
                -0.8484596392591726,
                -0.4341642830336582,
                -0.8887635438246987,
                -0.41578531451440665,
                0.19292806241995675,
                -0.3442111324285873,
                0.32747326462488846,
                -0.8799318367245207
            ],
            "cam_t_m2c": [
                -99.62741482305223,
                -45.54102786614479,
                783.541261299277
            ],
            "obj_id": 22
        },
        {
            "cam_R_m2c": [
                0.8321152172173072,
                -0.552457474456725,
                -0.04873380859682585,
                -0.21975824510279893,
                -0.4091244156990799,
                0.8856203740400862,
                -0.5092057774243335,
                -0.7262285018121715,
                -0.4618452987493917
            ],
            "cam_t_m2c": [
                -111.24837485800737,
                -64.10574884153878,
                755.0245249943287
            ],
            "obj_id": 22
        },
        {
            "cam_R_m2c": [
                -0.2136761304691821,
                -0.9609443036602319,
                -0.1758645306236607,
                0.8085775726261755,
                -0.27499362626323803,
                0.5201737426505804,
                -0.5482194918504212,
                -0.031051742893878964,
                0.8357576338020053
            ],
            "cam_t_m2c": [
                38.5637131882809,
                23.25699828833192,
                706.980899880624
            ],
            "obj_id": 23
        },
        {
            "cam_R_m2c": [
                0.9486482010678007,
                0.26312056189034305,
                0.17559605801890235,
                -0.3156306427050772,
                0.7503579716065533,
                0.5808098834248049,
                0.021062700093718075,
                -0.6064076035176859,
                0.7948746968882104
            ],
            "cam_t_m2c": [
                -45.090030056454864,
                48.559926693577836,
                720.639154700154
            ],
            "obj_id": 23
        },
        {
            "cam_R_m2c": [
                0.7869518822838507,
                -0.17209927387413237,
                -0.5925272121255333,
                -0.4982648421405992,
                -0.7436570666666639,
                -0.44576469501961286,
                -0.36392154990000514,
                0.6460305066388005,
                -0.6709733460925963
            ],
            "cam_t_m2c": [
                -128.2529829719875,
                19.72580135327722,
                733.5034962963582
            ],
            "obj_id": 24
        }
    ],
    "34": [
        {
            "cam_R_m2c": [
                -0.4832673166694929,
                -0.4617920764976374,
                -0.7437749533914674,
                0.012697679807761946,
                0.8457830257234819,
                -0.5333758990172214,
                0.8753813483494686,
                -0.2672067437763316,
                -0.40287544978889267
            ],
            "cam_t_m2c": [
                27.74447928390629,
                -47.45210272045144,
                752.3499201458812
            ],
            "obj_id": 19
        },
        {
            "cam_R_m2c": [
                0.536320073684924,
                -0.5257945547800489,
                -0.6602279902553931,
                -0.11546254493026044,
                0.7291857576040892,
                -0.6745047079781796,
                0.8360802630391241,
                0.43798230405967925,
                0.330366614382984
            ],
            "cam_t_m2c": [
                68.35078191653699,
                1.6853767461166722,
                751.5264729633914
            ],
            "obj_id": 20
        },
        {
            "cam_R_m2c": [
                0.6287151076675952,
                -0.681637566158696,
                -0.3742827006735012,
                -0.6849619324206137,
                -0.25755407701517075,
                -0.6815381517441433,
                0.36816379790581466,
                0.6848620081770137,
                -0.6288236898135156
            ],
            "cam_t_m2c": [
                -50.211178321258885,
                -69.8227546566929,
                776.5682819988186
            ],
            "obj_id": 22
        },
        {
            "cam_R_m2c": [
                0.5707246365994232,
                -0.5598062943845973,
                -0.6007416612609501,
                0.3575944901025577,
                -0.4891372638133792,
                0.7955324783805018,
                -0.7391883303597002,
                -0.6688517790727272,
                -0.07897896715477622
            ],
            "cam_t_m2c": [
                -50.63498808648919,
                -75.33088298994018,
                776.9507632712211
            ],
            "obj_id": 22
        },
        {
            "cam_R_m2c": [
                -0.9153516302168686,
                0.008481167615986055,
                0.4025659312978246,
                0.3665463924815712,
                -0.3962573404742586,
                0.8417988179311064,
                0.1666589616565855,
                0.9181001793332165,
                0.35960615584591316
            ],
            "cam_t_m2c": [
                24.93875437370576,
                56.17451740173318,
                692.724162835475
            ],
            "obj_id": 23
        },
        {
            "cam_R_m2c": [
                0.618095236200775,
                0.6025691077545424,
                -0.5048448819680468,
                -0.3585941626381716,
                0.7876268906255298,
                0.5010541348465696,
                0.699548676338991,
                -0.12866439256975354,
                0.7029063804842104
            ],
            "cam_t_m2c": [
                -62.5223166207072,
                28.600533840496695,
                732.0774670418539
            ],
            "obj_id": 23
        },
        {
            "cam_R_m2c": [
                0.8373175206909427,
                0.10025366685477939,
                0.5374462193011063,
                0.446666639429321,
                -0.6923057286802685,
                -0.5667475202216837,
                0.3152584937767587,
                0.7146063873579839,
                -0.6244596609337784
            ],
            "cam_t_m2c": [
                -128.45903742220017,
                -30.527348774591054,
                754.2040265627036
            ],
            "obj_id": 24
        }
    ],
    "40": [
        {
            "cam_R_m2c": [
                -0.07852439147474619,
                -0.08529476847631871,
                -0.9932564179978506,
                0.7091418399537193,
                0.6954930750069719,
                -0.11578799799996568,
                0.700679457954906,
                -0.7134515013881257,
                0.005873046926225856
            ],
            "cam_t_m2c": [
                45.08393627347901,
                -11.954808667181677,
                736.5475614367408
            ],
            "obj_id": 19
        },
        {
            "cam_R_m2c": [
                0.5224184492428114,
                -0.5494696187383573,
                -0.6520443620619764,
                0.3188072168360695,
                0.8350982201918243,
                -0.44829898926429745,
                0.7908481930832943,
                0.026323399435306306,
                0.6114457396481081
            ],
            "cam_t_m2c": [
                57.7118388893561,
                28.545057292735194,
                745.0417089720294
            ],
            "obj_id": 20
        },
        {
            "cam_R_m2c": [
                0.8506421158261014,
                -0.10906819248963678,
                -0.5143067396084771,
                -0.06044508140447635,
                -0.9920464474843258,
                0.11040712723735396,
                -0.522257915309166,
                -0.06282962513792671,
                -0.8504697444266721
            ],
            "cam_t_m2c": [
                7.40445881478269,
                -58.87812991008408,
                790.6050740808287
            ],
            "obj_id": 22
        },
        {
            "cam_R_m2c": [
                0.11973301215840881,
                0.6458120842535111,
                -0.7540491765768237,
                0.9716246129409444,
                -0.23227463050930186,
                -0.044652669902697506,
                -0.20398341086460853,
                -0.7273068031629728,
                -0.6552975685564957
            ],
            "cam_t_m2c": [
                -12.02254152328285,
                -91.65982261182559,
                770.6992444171101
            ],
            "obj_id": 22
        },
        {
            "cam_R_m2c": [
                -0.9956145941694611,
                0.08586628123265125,
                0.03711722554646941,
                0.009545715570867355,
                -0.30145403818840333,
                0.9534329284604369,
                0.09305730808460141,
                0.9496060662380614,
                0.29931253379117595
            ],
            "cam_t_m2c": [
                -7.825923407264147,
                78.30718868432861,
                698.3152704869533
            ],
            "obj_id": 23
        },
        {
            "cam_R_m2c": [
                0.8847422888612563,
                -0.46573576722771515,
                -0.01789364772001025,
                0.4209171904059582,
                0.8149092077768695,
                -0.39843597722162893,
                0.20014782613472717,
                0.3449817045661892,
                0.9170215364909364
            ],
            "cam_t_m2c": [
                -83.82329139740541,
                10.331787054463206,
                733.3869815572565
            ],
            "obj_id": 23
        },
        {
            "cam_R_m2c": [
                0.8782053475275876,
                0.23982387176399722,
                -0.41381112380401536,
                0.28608013927249276,
                -0.9567580760898773,
                0.05264069205072564,
                -0.38329267575469106,
                -0.16461245444884812,
                -0.9088395096634599
            ],
            "cam_t_m2c": [
                -76.51780378017152,
                -104.17790371724831,
                771.3071198905177
            ],
            "obj_id": 24
        }
    ],
    "54": [
        {
            "cam_R_m2c": [
                0.5621293847574719,
                -0.8171906836080838,
                -0.12731692227959765,
                0.1089233829525226,
                0.22575094232987372,
                -0.9680763205284553,
                0.8198455622835964,
                0.5303162084452228,
                0.21591247376776704
            ],
            "cam_t_m2c": [
                38.554076258332735,
                59.52914555307407,
                724.414319208883
            ],
            "obj_id": 19
        },
        {
            "cam_R_m2c": [
                -0.16380379971585382,
                -0.8388803221562401,
                0.5190833862791862,
                0.8166346171882473,
                -0.41050197236340363,
                -0.40570436011914557,
                0.5534227213659084,
                0.35744554035065207,
                0.7523004578232264
            ],
            "cam_t_m2c": [
                10.664505753552893,
                70.26554891815027,
                703.9259673060682
            ],
            "obj_id": 20
        },
        {
            "cam_R_m2c": [
                0.9113717717223029,
                0.3325649785742726,
                -0.24249002671371672,
                0.3283040888312007,
                -0.9427264333244331,
                -0.05901574292591658,
                -0.248228370534128,
                -0.02582510616003317,
                -0.9683574924122267
            ],
            "cam_t_m2c": [
                85.35002777180316,
                -3.4229650084796885,
                788.4303872886072
            ],
            "obj_id": 22
        },
        {
            "cam_R_m2c": [
                -0.9410428397909057,
                0.33731769176857956,
                0.025588066869418735,
                -0.07714947616947704,
                -0.1403521851599442,
                -0.9870909739479264,
                -0.3293719187831243,
                -0.9308697808292634,
                0.15810139842455034
            ],
            "cam_t_m2c": [
                103.27368850640929,
                -3.9947788606187835,
                742.6935297926859
            ],
            "obj_id": 22
        },
        {
            "cam_R_m2c": [
                -0.7944905046045196,
                0.49900115932333994,
                -0.3460957234699784,
                -0.6002102546043475,
                -0.5585539369807693,
                0.5725074040060342,
                0.09236906499114902,
                0.662582005495443,
                0.7432720538728942
            ],
            "cam_t_m2c": [
                -59.270936846570734,
                13.505499899537234,
                725.4073029033
            ],
            "obj_id": 23
        },
        {
            "cam_R_m2c": [
                -0.3034739386779462,
                -0.8579925219742258,
                -0.4144298251935802,
                0.8240906279016594,
                -0.45467396108817926,
                0.337854486807717,
                -0.4783071012955463,
                -0.2389976573966691,
                0.8450460191689104
            ],
            "cam_t_m2c": [
                -28.540507834095127,
                -62.25144533947267,
                744.7147704527512
            ],
            "obj_id": 23
        },
        {
            "cam_R_m2c": [
                0.18726117989672997,
                0.9821719033288984,
                0.01646135180695682,
                0.7900933553847589,
                -0.14063980098019246,
                -0.5966345007451811,
                -0.5836825463553298,
                0.12473240761945849,
                -0.8023445634735242
            ],
            "cam_t_m2c": [
                81.97723535304026,
                -98.47527471101611,
                785.9562130628135
            ],
            "obj_id": 24
        }
    ],
    "65": [
        {
            "cam_R_m2c": [
                0.062450967940799594,
                0.09398782408605282,
                0.9936130547837754,
                -0.19779056396478673,
                -0.9746449201688752,
                0.10462513693278708,
                0.978252617311911,
                -0.2030614857517327,
                -0.042278027833608456
            ],
            "cam_t_m2c": [
                -17.513215321409707,
                57.719600438592124,
                739.4363912192667
            ],
            "obj_id": 19
        },
        {
            "cam_R_m2c": [
                -0.27978697621096016,
                -0.023469272276855118,
                0.9597754533366218,
                0.7943900625721233,
                -0.5670514971251168,
                0.2177088425917026,
                0.5391318056707948,
                0.8233483214431563,
                0.17729751296764185
            ],
            "cam_t_m2c": [
                -69.2417990913367,
                67.66592567926062,
                728.2463164028496
            ],
            "obj_id": 20
        },
        {
            "cam_R_m2c": [
                0.2039043271114211,
                0.9374930768515864,
                0.2820106379412477,
                0.9726455970257465,
                -0.161250654118354,
                -0.16721154753407966,
                -0.11128500628283408,
                0.3083915300096095,
                -0.9447273074408244
            ],
            "cam_t_m2c": [
                61.30975795154374,
                91.16783618299971,
                735.5251669713493
            ],
            "obj_id": 22
        },
        {
            "cam_R_m2c": [
                -0.8299183456743494,
                -0.5326262497765866,
                0.16596632022074914,
                0.15263330331558775,
                -0.5029204062884188,
                -0.8507496550524535,
                0.5365994764174088,
                -0.6807200198257003,
                0.4986792482552444
            ],
            "cam_t_m2c": [
                92.75435154379092,
                72.30125923084353,
                711.7632889132542
            ],
            "obj_id": 22
        },
        {
            "cam_R_m2c": [
                0.03160782664162517,
                0.9791166504291198,
                -0.20082788102617877,
                -0.7411918910692087,
                0.15776074305786705,
                0.6524928927967037,
                0.6705491472055936,
                0.1282278806026087,
                0.7306988858946613
            ],
            "cam_t_m2c": [
                -42.079859327401486,
                -22.695646130525684,
                726.8792014799089
            ],
            "obj_id": 23
        },
        {
            "cam_R_m2c": [
                -0.730974328230628,
                -0.45176668110787,
                0.5114523510699974,
                0.6749866568378983,
                -0.3684432500522626,
                0.6392520615107387,
                -0.10035144643515993,
                0.812500297630011,
                0.5742583965486623
            ],
            "cam_t_m2c": [
                15.39918120555955,
                -51.53451487133173,
                743.7081492892477
            ],
            "obj_id": 23
        },
        {
            "cam_R_m2c": [
                -0.7723568381208571,
                0.08605406676790123,
                -0.6293325563368465,
                0.2486961680866896,
                0.9526505013596643,
                -0.17495133394026896,
                0.5844790846380785,
                -0.2916371440325401,
                -0.7571868746961022
            ],
            "cam_t_m2c": [
                111.28899045187063,
                9.891767136711795,
                751.4883644186668
            ],
            "obj_id": 24
        }
    ],
    "74": [
        {
            "cam_R_m2c": [
                0.47820293535498026,
                -0.011841231018262562,
                0.8781691860395225,
                0.5606485949467519,
                -0.7655431374041841,
                -0.3156208464222659,
                0.6760144635444637,
                0.6432751243912306,
                -0.3594460084520665
            ],
            "cam_t_m2c": [
                -62.60942193528261,
                37.382644722550964,
                735.6595391580759
            ],
            "obj_id": 19
        },
        {
            "cam_R_m2c": [
                -0.12563391947157476,
                0.9920626441933534,
                0.005218214023755389,
                0.20306997979914762,
                0.020567270357037287,
                0.9789477357475094,
                0.9710711283724075,
                0.12404881848798589,
                -0.20404205303558584
            ],
            "cam_t_m2c": [
                -84.17797329561397,
                0.6832277129142081,
                752.3817924257648
            ],
            "obj_id": 20
        },
        {
            "cam_R_m2c": [
                -0.6826136093041035,
                0.44480626978174476,
                0.5798151428340531,
                0.016001776971630344,
                0.8023275167339007,
                -0.5966691039494275,
                -0.7306038157944654,
                -0.3980164161100886,
                -0.5547979991456761
            ],
            "cam_t_m2c": [
                14.802893464754696,
                101.85708689797531,
                716.3063208799647
            ],
            "obj_id": 22
        },
        {
            "cam_R_m2c": [
                0.0070660901063943,
                0.2159188557988233,
                0.9763854209573285,
                -0.6115854601627448,
                -0.7715698410425987,
                0.1750515387905939,
                0.7911462650532158,
                -0.5983807146246293,
                0.1266009981085736
            ],
            "cam_t_m2c": [
                3.3780827576058083,
                106.17656742145275,
                677.4799237068144
            ],
            "obj_id": 22
        },
        {
            "cam_R_m2c": [
                0.8866515164477762,
                0.4406045352955183,
                -0.14041311363465486,
                -0.46208957891418234,
                0.8323800353968617,
                -0.30596752010502415,
                -0.017933344865355586,
                0.33617021873175107,
                0.941630677756239
            ],
            "cam_t_m2c": [
                -14.183321046520241,
                -50.28808208659527,
                760.8730035655979
            ],
            "obj_id": 23
        },
        {
            "cam_R_m2c": [
                -0.9018251312400847,
                -0.3529354829857779,
                0.2492932451870139,
                0.3465239387501395,
                -0.9353734351817061,
                -0.07069032290309063,
                0.25813131192295197,
                0.022635844332639758,
                0.9658448048890845
            ],
            "cam_t_m2c": [
                38.15909709713837,
                -14.725414960966177,
                734.2633540859163
            ],
            "obj_id": 23
        },
        {
            "cam_R_m2c": [
                -0.7436466836504241,
                -0.5574356073707437,
                0.3691266709787421,
                -0.5583229131559934,
                0.21406838903416478,
                -0.8015298903633743,
                0.36778277735234916,
                -0.8021469288282047,
                -0.4704208541024522
            ],
            "cam_t_m2c": [
                93.88195814826786,
                97.8141938331913,
                714.24605424402
            ],
            "obj_id": 24
        }
    ],
    "80": [
        {
            "cam_R_m2c": [
                0.49369614034414483,
                0.6086392550354112,
                0.6211455838302037,
                0.6773564274484365,
                -0.7170802178216366,
