{
    "2": [
        {
            "cam_R_m2c": [
                0.024777000729101925,
                0.29449304042572927,
                0.9553321098133334,
                0.4138278479572329,
                -0.8729248750787051,
                0.25835708911863137,
                0.9100177035635482,
                0.3889424133054708,
                -0.14349800506838964
            ],
            "cam_t_m2c": [
                -48.268996340129384,
                47.876230577147695,
                728.8023726501033
            ],
            "obj_id": 19
        },
        {
            "cam_R_m2c": [
                0.0961695494734341,
                0.8130326899606504,
                0.5742201694432478,
                0.19366439970187613,
                -0.5811533610686637,
                0.7904143492004008,
                0.976342712889876,
                0.03519267172355675,
                -0.2133451285324451
            ],
            "cam_t_m2c": [
                -83.7589005335165,
                4.327796454902167,
                736.011497394419
            ],
            "obj_id": 20
        },
        {
            "cam_R_m2c": [
                -0.8598588795834912,
                0.4999114530731005,
                -0.10358925834195395,
                0.5086064908508247,
                0.8211943236981486,
                -0.25876485332132754,
                -0.04429298495236438,
                -0.27518794799257,
                -0.9603695178384007
            ],
            "cam_t_m2c": [
                -3.7594995607138193,
                111.84292467015771,
                740.9633266049188
            ],
            "obj_id": 22
        },
        {
            "cam_R_m2c": [
                -0.34259053177132853,
                0.058353782628926605,
                0.9376705651016111,
                -0.8542459824586692,
                -0.4347496520429005,
                -0.285054685419249,
                0.39101850574972913,
                -0.898658542400347,
                0.19879003830922376
            ],
            "cam_t_m2c": [
                7.708648688822032,
                123.16808357425643,
                708.3210440615627
            ],
            "obj_id": 22
        },
        {
            "cam_R_m2c": [
                0.9447884498023599,
                0.22343540624915986,
                -0.23968915389716086,
                -0.2284006587526176,
                0.9735403408486739,
                0.0072307520118645875,
                0.2349629055734075,
                0.04791306022008315,
                0.9708226683788562
            ],
            "cam_t_m2c": [
                -16.234259100608384,
                -49.19684851293184,
                744.0348105615437
            ],
            "obj_id": 23
        },
        {
            "cam_R_m2c": [
                -0.9969998770247818,
                -0.0565473579955522,
                0.05285018765543479,
                0.06609206127184764,
                -0.9773406758364639,
                0.2010896906191778,
                0.0402814261136221,
                0.2039799632380437,
                0.9781458758419473
            ],
            "cam_t_m2c": [
                56.29073914291667,
                -0.2368817978420279,
                733.3140207702263
            ],
            "obj_id": 23
        },
        {
            "cam_R_m2c": [
                -0.8673373524430205,
                -0.4949136379319942,
                -0.052781651541622114,
                -0.48342091406193843,
                0.8629059387896169,
                -0.147300970088403,
                0.1184470754930489,
                -0.10224444728325405,
                -0.9876822015054894
            ],
            "cam_t_m2c": [
                81.87885956226268,
                106.59980393350612,
                725.117200548929
            ],
            "obj_id": 24
        }
    ],
    "7": [
        {
            "cam_R_m2c": [
                -0.03152179069729615,
                0.6823113062805085,
                0.7303825147170134,
                0.42938962730430774,
                -0.6506317480194086,
                0.6263409312582351,
                0.9025685406590446,
                0.33336169275219113,
                -0.27246860082536517
            ],
            "cam_t_m2c": [
                -64.42906602356541,
                24.787338571659458,
                738.1336866676957
            ],
            "obj_id": 19
        },
        {
            "cam_R_m2c": [
                0.017530990589893984,
                0.9996434983890248,
                0.020157404140222872,
                0.2986016099065014,
                -0.024474851810965696,
                0.9540640790134091,
                0.9542163376411529,
                -0.010707266615909228,
                -0.29892431121157303
            ],
            "cam_t_m2c": [
                -68.57959674667092,
                -21.240969288211485,
                743.1741967330898
            ],
            "obj_id": 20
        },
        {
            "cam_R_m2c": [
                -0.9938852588681879,
                0.10234633417484436,
                0.04145258916382643,
                0.09023846885352646,
                0.9691689388800702,
                -0.22927883827850828,
                -0.06363997572141114,
                -0.2241361192965655,
                -0.972477215717823
            ],
            "cam_t_m2c": [
                -43.38412832527936,
                102.69944937134466,
                739.632078270381
            ],
            "obj_id": 22
        },
        {
            "cam_R_m2c": [
                0.11854184310291056,
                0.09432231230779867,
                0.9884594517239982,
                -0.9053977380136012,
                -0.398450543995367,
                0.14660228497484112,
                0.407680017297503,
                -0.9123264261963216,
                0.0381656809899372
            ],
            "cam_t_m2c": [
                -47.5804274599164,
                118.48389378646837,
                706.4389246065601
            ],
            "obj_id": 22
        },
        {
            "cam_R_m2c": [
                0.9009764382793958,
                -0.43161816340465103,
                0.0441358107420745,
                0.4322099774784904,
                0.901762387976576,
                -0.004393935300753064,
                -0.03790427557684505,
                0.023034742766991145,
                0.9990154839846533
            ],
            "cam_t_m2c": [
                5.676007378800025,
                -49.931931887393716,
                737.5071322164351
            ],
            "obj_id": 23
        },
        {
            "cam_R_m2c": [
                -0.9540254744983796,
                0.29795538120152965,
                0.0325408120996202,
                -0.26700681282117167,
                -0.8941799015396568,
                0.359374236329584,
                0.1361752470757502,
                0.3341632407571268,
                0.9326255012463841
            ],
            "cam_t_m2c": [
                52.65974506043638,
                18.623290489354883,
                725.7552590321009
            ],
            "obj_id": 23
        },
        {
            "cam_R_m2c": [
                -0.5878714961294347,
                -0.7960692818797276,
                0.14381187804123688,
                -0.7932099617724884,
                0.532344284342125,
                -0.29568175141978026,
                0.15882583984998414,
                -0.2878955322756494,
                -0.9443990060465102
            ],
            "cam_t_m2c": [
                33.80409351119608,
                131.2090160770773,
                710.9969115048382
            ],
            "obj_id": 24
        }
    ],
    "12": [
        {
            "cam_R_m2c": [
                -0.07913687250203727,
                0.967313218830234,
                0.24091812760627979,
                0.43267724949457576,
                -0.18439464574812736,
                0.8824904613072957,
                0.8980692150303478,
                0.17407745796332774,
                -0.403942534981256
            ],
            "cam_t_m2c": [
                -62.66136849208351,
                5.308189199765156,
                741.9005284255771
            ],
            "obj_id": 19
        },
        {
            "cam_R_m2c": [
                -0.16463616830217528,
                0.9622865236202848,
                -0.21656092638903382,
                0.16646454375100828,
                0.2435149955758508,
                0.9555054105088404,
                0.9722062809243252,
                0.1212608009923318,
                -0.2002783460397147
            ],
            "cam_t_m2c": [
                -52.24677480255014,
                -43.42482649885101,
                749.7797023498415
            ],
            "obj_id": 20
        },
        {
            "cam_R_m2c": [
                -0.9340574363707402,
                -0.3467540325703813,
                -0.08542469535282644,
                -0.3202886485365167,
                0.9192034956884491,
                -0.22908658809580038,
                0.15795951875590872,
                -0.18661990923370245,
                -0.9696507127423764
            ],
            "cam_t_m2c": [
                -77.46470173650043,
                86.29555775069655,
                748.7494929634811
            ],
            "obj_id": 22
        },
        {
            "cam_R_m2c": [
                0.3599862048603581,
                0.1511395897783752,
                0.9206333861219487,
                -0.8479758727183536,
                -0.3584755360022053,
                0.3904262953445568,
                0.3890338035726116,
                -0.9212234665945267,
                -0.000883905179437041
            ],
            "cam_t_m2c": [
                -88.63292157332083,
                89.75145082725685,
                711.9914115236196
            ],
            "obj_id": 22
        },
        {
            "cam_R_m2c": [
                0.7988892735674494,
                -0.5897394459080858,
                0.11824697040395778,
                0.5900827341503896,
                0.8065459156866382,
                0.03586797427857287,
                -0.11652454949630014,
                0.04112068406938038,
                0.9923365998188163
            ],
            "cam_t_m2c": [
                33.79534472919136,
                -39.1450624238122,
                733.958571582058
            ],
            "obj_id": 23
        },
        {
            "cam_R_m2c": [
                -0.5486778900410372,
                0.8342987006980415,
                -0.05382652767439621,
                -0.8269862163106035,
                -0.5321682859584614,
                0.18135958075875794,
                0.12266361619587078,
                0.14402206906340215,
                0.9819429417328492
            ],
            "cam_t_m2c": [
                42.564064531287805,
                41.01365167476227,
                719.4946018301247
            ],
            "obj_id": 23
        },
        {
            "cam_R_m2c": [
                -0.1527120171922657,
                -0.9747283157807434,
                0.1630424249765344,
                -0.9383697322978198,
                0.0912529933149903,
                -0.33337008703355503,
                0.3100676765939076,
                -0.2039035595350156,
                -0.9285914717986311
            ],
            "cam_t_m2c": [
                -17.90139046717912,
                137.6519130121448,
                711.5522563572574
            ],
            "obj_id": 24
        }
    ],
    "20": [
        {
            "cam_R_m2c": [
                0.13011330222674572,
                0.9435577108676865,
                -0.3045813886563005,
                0.29148414299074804,
                0.25721630114842925,
                0.9213454731330228,
                0.94768489172654,
                -0.20866014676436723,
                -0.24156526703478548
            ],
            "cam_t_m2c": [
                -47.1424859909385,
                -29.300050497707332,
                754.7798162017775
            ],
            "obj_id": 19
        },
        {
            "cam_R_m2c": [
                0.05279187534022037,
                0.45669082834349073,
                -0.8880580558314215,
                0.29789284404989586,
                0.841605588637431,
                0.45051131084094304,
                0.9531379901902798,
                -0.2883298810168527,
                -0.09161526087327045
            ],
            "cam_t_m2c": [
                -4.944766693142297,
                -62.303244322368116,
                758.1760870589967
            ],
            "obj_id": 20
        },
        {
            "cam_R_m2c": [
                -0.5082957364129477,
                -0.8517385963984182,
                0.12719000266382205,
                -0.8312732706935864,
                0.44667593082947904,
                -0.3308565012780761,
                0.2249909918657282,
                -0.27390281863009636,
                -0.9350699504536376
            ],
            "cam_t_m2c": [
                -106.4182673877707,
                26.72844950369646,
                760.2754518486196
            ],
            "obj_id": 22
        },
        {
            "cam_R_m2c": [
                0.9024722817752555,
                -0.11022534141223525,
                0.41640682459665085,
                -0.423470082664438,
                -0.4039963583896629,
                0.8108393917844874,
                0.0788520163785921,
                -0.9080949539387098,
                -0.41127311437584585
            ],
            "cam_t_m2c": [
                -120.44902677124779,
                25.80855924650469,
                735.7455432495904
            ],
            "obj_id": 22
        },
        {
            "cam_R_m2c": [
                0.03206427046301924,
                -0.9792149600937904,
                0.20027610640714769,
                0.9982385536696556,
                0.021365986569935953,
                -0.05535421136588568,
                0.049923947097890074,
                0.20169789667418422,
                0.9781742337880794
            ],
            "cam_t_m2c": [
                51.79699735865846,
                -8.131089278068753,
                725.7681463868659
            ],
            "obj_id": 23
        },
        {
            "cam_R_m2c": [
                0.0007880909056026626,
                0.9999673385500716,
                0.008075253307834773,
                -0.9894894511028498,
                -0.0003881942621031987,
                0.1446076231179106,
                0.14460639008030707,
                -0.008104446665990778,
                0.9894556885916183
            ],
            "cam_t_m2c": [
                9.606933315867728,
                66.83219624946302,
                712.0494590577532
            ],
            "obj_id": 23
        },
        {
            "cam_R_m2c": [
                0.6910535631860135,
                -0.7216683335027453,
                -0.040502004918236335,
                -0.6928373217788226,
                -0.6453947226337482,
                -0.3216250058335772,
                0.2059671803320215,
                0.2503216660771884,
                -0.9460000393447228
            ],
            "cam_t_m2c": [
                -101.3602627018328,
                97.80533941210153,
                722.3697163725841
            ],
            "obj_id": 24
        }
    ],
    "28": [
        {
            "cam_R_m2c": [
                -0.14890128993803772,
                0.34436805893614625,
                -0.9269515043234393,
                0.2633437583170794,
                0.9173583298473846,
                0.2985018651623445,
                0.9531413075253059,
                -0.1996592328317599,
                -0.2272828637746568
            ],
            "cam_t_m2c": [
                -5.160479117900082,
                -44.501820796487884,
                759.2417110512255
            ],
            "obj_id": 19
        },
        {
            "cam_R_m2c": [
                -0.1613804569806379,
                -0.004159441359245694,
                -0.9868835112066572,
                0.29122818555133734,
                0.9552581758842172,
                -0.05164917774405974,
                0.942943458418814,
                -0.29574307567112657,
                -0.15294873191553943
            ],
            "cam_t_m2c": [
                43.3220029572923,
                -37.27070020395551,
                751.8802334119692
            ],
            "obj_id": 20
        },
        {
            "cam_R_m2c": [
                0.38690036546169265,
                -0.9079444695345648,
                0.16107450747943672,
                -0.8837820007771412,
                -0.4149577037121899,
                -0.21619217778560781,
                0.26312924052034997,
                -0.05871005563986143,
                -0.9629724007037849
            ],
            "cam_t_m2c": [
                -89.28641914088594,
                -35.325718021324356,
                782.2659038509192
            ],
            "obj_id": 22
        },
        {
            "cam_R_m2c": [
                0.899316151826856,
                0.04914045843803756,
                -0.43452931449940135,
                0.42730288686218926,
                -0.3099931041306305,
                0.8493033463797001,
                -0.09296583630647542,
                -0.9494679437371877,
                -0.2997792715667526
            ],
            "cam_t_m2c": [
                -102.57949850182897,
                -50.803624377521224,
                754.3645574078912
            ],
            "obj_id": 22
        },
        {
            "cam_R_m2c": [
                -0.4426070347433751,
                -0.8596586059072954,
                0.25511974231164325,
                0.874246061300527,
                -0.3503933921530155,
                0.3360328135667502,
                -0.19948089639674013,
                0.37176768550296224,
                0.9066398090874755
            ],
            "cam_t_m2c": [
                46.303055075928356,
                36.09622689118832,
                718.949305776398
            ],
            "obj_id": 23
        },
        {
            "cam_R_m2c": [
                0.7513787383467921,
                0.6598441986002421,
                -0.005970580852569222,
                -0.6131516569665617,
                0.7014957328748535,
                0.3632471677770992,
                0.24387453015510901,
                -0.2692750779018181,
                0.9316736162922273
            ],
            "cam_t_m2c": [
                -39.523216614565435,
                58.79513966180468,
                713.6598006026089
            ],
            "obj_id": 23
        },
        {
            "cam_R_m2c": [
                0.9022312690878396,
                -0.4310990100698336,
                0.011504693553582685,
                -0.41203355799320984,
                -0.8695910570077791,
                -0.2721018108525082,
                0.12730709561024614,
                0.24075806418095044,
                -0.9621996352934792
            ],
            "cam_t_m2c": [
                -138.84039642704712,
                22.23043648547154,
                749.146208786082
            ],
            "obj_id": 24
        }
    ],
    "34": [
        {
            "cam_R_m2c": [
                -0.11584219060040706,
                0.07619503334904393,
                -0.9903406051737775,
                0.2899823888437714,
                0.9562106904637845,
                0.03964944189640408,
                0.9499957034160338,
                -0.28258755240319516,
                -0.13286484293766768
            ],
            "cam_t_m2c": [
                19.23070370771898,
                -31.827313830282066,
                760.4012831079838
            ],
            "obj_id": 19
        },
        {
            "cam_R_m2c": [
                0.13013827871326883,
                -0.6494373061304897,
                -0.7491962210231872,
                0.31606825103335806,
                0.7433742814856612,
                -0.5894881814969053,
                0.9397690759250421,
                -0.16008168111959115,
                0.30200729524355396
            ],
            "cam_t_m2c": [
                67.17306647782098,
                -10.989324016006206,
                742.5218959138239
            ],
            "obj_id": 20
        },
        {
            "cam_R_m2c": [
                0.6694622360258892,
                -0.7372570192976544,
                0.09095078362647441,
                -0.6531579058982347,
                -0.6425259545857346,
                -0.4006820086713231,
                0.3538434428686507,
                0.20883565215299688,
                -0.9116923319090717
            ],
            "cam_t_m2c": [
                -45.21375477176104,
                -66.08809934398178,
                795.4633301230612
            ],
            "obj_id": 22
        },
        {
            "cam_R_m2c": [
                0.6286419237304608,
                -0.09195604091989923,
                -0.7722390618916547,
                0.7529872447193016,
                -0.17633856281200364,
                0.6339680110556783,
                -0.1944720003797805,
                -0.9800254334740199,
                -0.041611743924392056
            ],
            "cam_t_m2c": [
                -60.02922805248319,
                -88.16352266254724,
                771.8600817610278
            ],
            "obj_id": 22
        },
        {
            "cam_R_m2c": [
                -0.8813144668283246,
                -0.34928195205311013,
                0.31825561087730675,
                0.4404326790055673,
                -0.8511888064006977,
                0.2854769703529914,
                0.17118393647030525,
                0.39176457624914435,
                0.9040007919119085
            ],
            "cam_t_m2c": [
                26.667977125836586,
                59.37038453574558,
                709.4536931732672
            ],
            "obj_id": 23
        },
        {
            "cam_R_m2c": [
                0.927271312619795,
                0.3675061980656811,
                0.07146199630393098,
                -0.37361832847884024,
                0.9205949532482148,
                0.11364329190411726,
                -0.024022957289588816,
                -0.132076874618969,
                0.990948720121804
            ],
            "cam_t_m2c": [
                -56.93176070141626,
                37.83198306157785,
                717.7286534649113
            ],
            "obj_id": 23
        },
        {
            "cam_R_m2c": [
                0.9660990069616464,
                0.22108442984440246,
                -0.13331960733519188,
                0.15729714313700138,
                -0.9135470101250819,
                -0.3750871100677262,
                -0.20471920438043673,
                0.3413998296807933,
                -0.9173530403356397
            ],
            "cam_t_m2c": [
                -128.11713222863264,
                -39.23730172161899,
                765.1846547791203
            ],
            "obj_id": 24
        }
    ],
    "40": [
        {
            "cam_R_m2c": [
                -0.10942591492085307,
                -0.5419905255745722,
                -0.8332294912501641,
                0.14389145406858742,
                0.8207961688945369,
                -0.5528004730723032,
                0.9835248601937667,
                -0.1803850854713415,
                -0.011828648992554779
            ],
            "cam_t_m2c": [
                37.982816614055096,
                -12.021554288587309,
                752.0901170587192
            ],
            "obj_id": 19
        },
        {
            "cam_R_m2c": [
                -0.06611402990954848,
                -0.9247958808197243,
                -0.3746740081030145,
                0.13834046283978166,
                0.3633732646723248,
                -0.9213149933733668,
                0.988175487203326,
                -0.11274426806763076,
                0.10391244893407875
            ],
            "cam_t_m2c": [
                60.823054502640275,
                26.50637464976566,
                732.4927164238401
            ],
            "obj_id": 20
        },
        {
            "cam_R_m2c": [
                0.9618756765792447,
                -0.22806053441748214,
                -0.1509396040033897,
                -0.2654895606710822,
                -0.9111389734534312,
                -0.31518338522829087,
                -0.06564619688963104,
                0.3432400764328666,
                -0.9369506987862333
            ],
            "cam_t_m2c": [
                8.510960458432791,
                -73.28764684622188,
                794.0629780586878
            ],
            "obj_id": 22
        },
        {
            "cam_R_m2c": [
                0.1738544408601151,
                0.019463373968399814,
                -0.9845785318860896,
                0.9782344127748428,
                -0.11841980906656903,
                0.17039278652538653,
                -0.11327701283755752,
                -0.9927728158887328,
                -0.039627488323469295
            ],
            "cam_t_m2c": [
                -1.08785011894989,
                -101.0078300000345,
                772.8781106364058
            ],
            "obj_id": 22
        },
        {
            "cam_R_m2c": [
                -0.9664665818659278,
                0.19824402769168867,
                0.16321980276909037,
                -0.10965389289401611,
                -0.8933545901262405,
                0.4357673140746773,
                0.23220157903535116,
                0.4032568886130767,
                0.8851362462116026
            ],
            "cam_t_m2c": [
                -9.057254022471874,
                64.57466961122516,
                709.3219525157435
            ],
            "obj_id": 23
        },
        {
            "cam_R_m2c": [
                0.989087426259642,
                -0.08447519807363363,
                -0.12070323579088349,
                0.11657207208495443,
                0.9497308830622619,
                0.2905541209781726,
                0.09009087861739783,
                -0.30145379239330083,
                0.9492149074965542
            ],
            "cam_t_m2c": [
                -71.14827943429268,
                13.022825175578138,
                730.2816569948825
            ],
            "obj_id": 23
        },
        {
            "cam_R_m2c": [
                0.6350324335906328,
                0.7630206891999305,
                -0.12054997566446046,
                0.7295148865835599,
                -0.6436827197392688,
                -0.23125775213279956,
                -0.25405037362764243,
                0.05891307115294949,
                -0.9653949960584126
            ],
            "cam_t_m2c": [
                -84.20261666461376,
                -90.16358750355857,
                780.8020156141648
            ],
            "obj_id": 24
        }
    ],
    "54": [
        {
            "cam_R_m2c": [
                0.02104085366606872,
                -0.921599371611412,
                0.3875710634256513,
                0.3468041724477797,
                -0.3568589188326711,
                -0.8673973068757967,
                0.9377017878875757,
                0.15266202073016813,
                0.31210597593590395
            ],
            "cam_t_m2c": [
                34.01150142583974,
                43.49832934889457,
                730.738949322781
            ],
            "obj_id": 19
        },
        {
            "cam_R_m2c": [
                0.09676790529413891,
                -0.6981936880003646,
                0.7093384111511244,
                0.4539725399472839,
                -0.6032705917298464,
                -0.6557233449984192,
                0.8857456727494586,
                0.3854731452671401,
                0.25858360710120576
            ],
            "cam_t_m2c": [
                3.4199227803490113,
                81.18366228252484,
                716.2040911381873
            ],
            "obj_id": 20
        },
        {
            "cam_R_m2c": [
                0.6712677404361778,
                0.741184568936656,
                -0.00666659856925829,
                0.7208196537577592,
                -0.6548665134713542,
                -0.22708679711625504,
                -0.17267904441423848,
                0.14763066576746892,
                -0.9738519636570077
            ],
            "cam_t_m2c": [
                89.53149454100617,
                -5.6009928164427,
                775.002762551787
            ],
            "obj_id": 22
        },
        {
            "cam_R_m2c": [
                -0.7307605675833035,
                0.017677570768081952,
                -0.6824044893519954,
                0.6345793709178809,
                -0.35084266056198343,
                -0.6886348879476496,
                -0.2515900310994628,
                -0.9362678254334615,
                0.2451642229464742
            ],
            "cam_t_m2c": [
                108.25314504944315,
                -18.369714463976234,
                748.6572833030446
            ],
            "obj_id": 22
        },
        {
            "cam_R_m2c": [
                -0.3037473709113057,
                0.8789814879000762,
                -0.3675983472005237,
                -0.832955948113397,
                -0.057692280122589965,
                0.5503230952454028,
                0.46251646346187597,
                0.4733526341664771,
                0.7496774436311454
            ],
            "cam_t_m2c": [
                -64.09510374477938,
                23.722568128845495,
                719.6370790748956
            ],
            "obj_id": 23
        },
        {
            "cam_R_m2c": [
                0.05573624505741001,
                -0.9984440673358388,
                0.001537354889871115,
                0.9110573533904035,
                0.051487988360816916,
                0.4090513890541759,
                -0.40849412164923377,
                -0.021398372667719184,
                0.9125103322330667
            ],
            "cam_t_m2c": [
                -29.67592256912677,
                -48.86086710974566,
                743.4478047232465
            ],
            "obj_id": 23
        },
        {
            "cam_R_m2c": [
                -0.267689818711891,
                0.9592565530276864,
                0.09037945596257409,
                0.9156467952881328,
                0.28246749232310625,
                -0.286011535662587,
                -0.2998877821383716,
                0.006193228006703691,
                -0.9539546412309771
            ],
            "cam_t_m2c": [
                73.35086396484331,
                -87.1748838763143,
                776.8121932162642
            ],
            "obj_id": 24
        }
    ],
    "65": [
        {
            "cam_R_m2c": [
                0.11754403501652727,
                -0.2708923379748189,
                0.9554063404728855,
                0.3681530601708835,
                -0.8816346746784077,
                -0.2952698053461728,
                0.9223047966842104,
                0.3864428031602605,
                -0.003901305870054188
            ],
            "cam_t_m2c": [
                -11.086675813861982,
                65.14968101149518,
                731.0160378075688
            ],
            "obj_id": 19
        },
        {
            "cam_R_m2c": [
                0.07661904306505318,
                0.15307881187988426,
                0.9852395157055966,
                0.4562687783859216,
                -0.8839926596654831,
                0.10186487068459425,
                0.8865369431481579,
                0.4417290125940257,
                -0.13757584776137163
            ],
            "cam_t_m2c": [
                -57.83241139424835,
                56.61745226623937,
                719.0573135214856
            ],
            "obj_id": 20
        },
        {
            "cam_R_m2c": [
                -0.3033911247777695,
                0.9423362014952769,
                0.14126880921900964,
                0.887480630964806,
                0.33342206409141895,
                -0.3181329054230853,
                -0.3468900974661753,
                0.028854616760415966,
                -0.9374614472041347
            ],
            "cam_t_m2c": [
                65.13100562318311,
                79.80971055118941,
                744.5541766517148
            ],
            "obj_id": 22
        },
        {
            "cam_R_m2c": [
                -0.914055882437533,
                -0.0774275662146872,
                0.39812983223605214,
                -0.329085021842826,
                -0.432193172852158,
                -0.8395908164637745,
                0.23707651937584265,
                -0.8984505750089627,
                0.36956824167301766
            ],
            "cam_t_m2c": [
                83.09415284839855,
                80.55774186928261,
                723.5501764117635
            ],
            "obj_id": 22
        },
        {
            "cam_R_m2c": [
                0.47322666060716595,
                0.8043005096548211,
                -0.359385186000927,
                -0.7112321983745179,
                0.5895440210448666,
                0.38286728561261385,
                0.5198133516906297,
                0.07442307424980002,
                0.8510314944149149
            ],
            "cam_t_m2c": [
                -53.960735829967106,
                -26.77115535159168,
                729.6973493252705
            ],
            "obj_id": 23
        },
        {
            "cam_R_m2c": [
                -0.6966994824459751,
                -0.7067728245857585,
                -0.12281125599767255,
                0.6644209597933908,
                -0.7003030548084246,
                0.26100020262787,
                -0.2704727113588154,
                0.10024022231722961,
                0.9574944914702552
            ],
            "cam_t_m2c": [
                30.462876763950735,
                -39.53964118489643,
                747.1722748902857
            ],
            "obj_id": 23
        },
        {
            "cam_R_m2c": [
                -0.9754290765022618,
                0.2193341450394407,
                0.020765472750596498,
                0.18725640745383815,
                0.8750315197760814,
                -0.4463804770664323,
                -0.11607680377165656,
                -0.4315238998546309,
                -0.8946019582811056
            ],
            "cam_t_m2c": [
                123.82536602753169,
                15.86849837584888,
                752.517519778882
            ],
            "obj_id": 24
        }
    ],
    "74": [
        {
            "cam_R_m2c": [
                0.02755542384619832,
                0.45029889536461204,
                0.8924521377934099,
                0.3299213113065563,
                -0.8468601865244773,
                0.41710800613753396,
                0.9436064202206418,
                0.2829454451875139,
                -0.1718987026178251
            ],
            "cam_t_m2c": [
                -46.91644835328424,
                29.54182499996124,
                727.167613480725
            ],
            "obj_id": 19
        },
        {
            "cam_R_m2c": [
                0.015002335068747341,
                0.6774165640459167,
                0.735446023679083,
                0.5009724493452642,
                -0.6416417310024886,
                0.5807943095589927,
                0.8653334442371732,
                0.35972503356656654,
                -0.3489930869347825
            ],
            "cam_t_m2c": [
                -81.72594885030864,
                -3.60996608074972,
                736.2838409326177
            ],
            "obj_id": 20
        },
        {
            "cam_R_m2c": [
                -0.946005698881367,
                0.3210279364230793,
                0.04487195111774852,
                0.2375307034897936,
                0.7807387709428966,
                -0.5779495525504992,
                -0.22057133701022616,
                -0.5360850350654938,
                -0.8148381815017606
            ],
            "cam_t_m2c": [
                -2.599255206438785,
                95.49533150996928,
                722.773669602106
            ],
            "obj_id": 22
        },
        {
            "cam_R_m2c": [
                -0.35427335164197005,
                -0.14822942076357343,
                0.9233188382423554,
                -0.8156161175365982,
                -0.434013802904311,
                -0.3826248806847138,
                0.457449296152494,
                -0.888628442735933,
                0.03286134265146438
            ],
            "cam_t_m2c": [
                4.772682536121765,
                100.9770080012052,
                688.90961654962
            ],
            "obj_id": 22
        },
        {
            "cam_R_m2c": [
                0.930530085367217,
                0.06165684393371422,
                -0.36098667933362427,
                -0.03096822767461316,
                0.9954422150089646,
                0.09019492974218768,
                0.364902760361525,
                -0.07274974904832238,
                0.9281992195234576
            ],
            "cam_t_m2c": [
                -22.3556711746495,
                -62.389961953375646,
                750.2900941549773
            ],
            "obj_id": 23
        },
        {
            "cam_R_m2c": [
                -0.9944556585504873,
                -0.0005652806839244253,
                0.10515142535136958,
                0.06542923507449112,
                -0.7861506208299961,
                0.614561497066698,
                0.08231731307965898,
                0.618034126621695,
                0.7818297609127985
            ],
            "cam_t_m2c": [
                51.13624979989529,
                -19.754780207697877,
                744.8691587406091
            ],
            "obj_id": 23
        },
        {
            "cam_R_m2c": [
                -0.8809471214694183,
                -0.4502206730680784,
                0.14571436171239896,
                -0.467807714856043,
                0.7821563172096286,
                -0.411566366885657,
                0.07132424463104768,
                -0.43073456788164893,
                -0.8996559869125204
            ],
            "cam_t_m2c": [
                84.38242301780771,
                81.36693114114537,
                711.3789569592554
            ],
            "obj_id": 24
        }
    ],
    "80": [
        {
            "cam_R_m2c": [
                -0.03305238167380596,
                0.7868598098355948,
                0.6162458226315413,
                0.29757796130386577,
