{
    "2": [
        {
            "cam_R_m2c": [
                -0.015971256736933698,
                0.3969561867541158,
                0.9176983250876654,
                0.3105889846129147,
                -0.8704428808385949,
                0.3819207942164343,
                0.9504099167751145,
                0.2911274055345635,
                -0.10938827210097356
            ],
            "cam_t_m2c": [
                -49.591183976162945,
                46.145977569327236,
                732.8905018210972
            ],
            "obj_id": 19
        },
        {
            "cam_R_m2c": [
                -0.043272117852346206,
                0.8187278828785602,
                0.5725484156498145,
                0.2943496370764724,
                -0.5371999153773438,
                0.7904267090760729,
                0.9547174398430647,
                0.20273335414988505,
                -0.21774691640045638
            ],
            "cam_t_m2c": [
                -80.41610283777705,
                6.082993460784705,
                735.4027791369505
            ],
            "obj_id": 20
        },
        {
            "cam_R_m2c": [
                -0.9236544580196514,
                0.38319860093888347,
                -0.004559039795052175,
                0.36413547699977766,
                0.8738725681030928,
                -0.32210544019606463,
                -0.11944672628718457,
                -0.2991747848055845,
                -0.9466926085608006
            ],
            "cam_t_m2c": [
                -1.7615878399328857,
                113.09526192378729,
                738.7618382562459
            ],
            "obj_id": 22
        },
        {
            "cam_R_m2c": [
                -0.39138398687663684,
                0.0093525668968733,
                0.9201796700945164,
                -0.8833954861616524,
                -0.2838886792814244,
                -0.3728531415891321,
                0.25774198860615616,
                -0.9588114241058725,
                0.11937190297673086
            ],
            "cam_t_m2c": [
                4.70356242473642,
                121.56403068887515,
                707.9966071451391
            ],
            "obj_id": 22
        },
        {
            "cam_R_m2c": [
                0.9741530345908348,
                0.060332642563357394,
                -0.2176817869679114,
                -0.05777604185066656,
                0.9981654555430833,
                0.018096982434057596,
                0.21837453372500237,
                -0.005053015626711926,
                0.9758519183554824
            ],
            "cam_t_m2c": [
                -18.422627618294406,
                -50.147783738089316,
                740.4170335223014
            ],
            "obj_id": 23
        },
        {
            "cam_R_m2c": [
                -0.998850678356808,
                0.047875158675901135,
                0.0021946211572618736,
                -0.04433461211636919,
                -0.9404360650821925,
                0.3370671741655366,
                0.018200910828162862,
                0.3365831285400778,
                0.941477808646161
            ],
            "cam_t_m2c": [
                53.43989881888012,
                -3.6638015344045494,
                733.9104875710558
            ],
            "obj_id": 23
        },
        {
            "cam_R_m2c": [
                -0.8164369567544857,
                -0.5773957812328706,
                0.006657174986971645,
                -0.5569527742179557,
                0.7843827991501133,
                -0.27303309658890634,
                0.15242662406745502,
                -0.22662266308038426,
                -0.9619814030881481
            ],
            "cam_t_m2c": [
                84.08562179497274,
                105.59791196186207,
                722.6207769747361
            ],
            "obj_id": 24
        }
    ],
    "7": [
        {
            "cam_R_m2c": [
                -0.022356307646713064,
                0.7454879866142522,
                0.6661447143876082,
                0.3060350288287443,
                -0.629222107446276,
                0.71443842892975,
                0.9517572182814739,
                0.21983541506842574,
                -0.21407865183468425
            ],
            "cam_t_m2c": [
                -60.02211725560252,
                26.944408014157013,
                738.9895255964781
            ],
            "obj_id": 19
        },
        {
            "cam_R_m2c": [
                -0.0403513636695157,
                0.979282565750937,
                0.19843979322927724,
                0.30188269176405585,
                -0.1773717588577548,
                0.936699674941695,
                0.9524902539944495,
                0.09770211551941801,
                -0.28847131411274596
            ],
            "cam_t_m2c": [
                -70.73461067897827,
                -23.09675662912746,
                744.8419267617509
            ],
            "obj_id": 20
        },
        {
            "cam_R_m2c": [
                -0.9992085910123009,
                -0.03879715264833561,
                -0.008825255320089443,
                -0.034066563833970165,
                0.948804060154868,
                -0.3140230862313178,
                0.020557150631696143,
                -0.3134738275554975,
                -0.9493738221076617
            ],
            "cam_t_m2c": [
                -43.82856750954041,
                107.63521768028623,
                739.5661652047216
            ],
            "obj_id": 22
        },
        {
            "cam_R_m2c": [
                0.01962767319486096,
                0.022586519389606777,
                0.9995526763687442,
                -0.9544016107590868,
                -0.2974381090281706,
                0.0254622282315095,
                0.2978800914722052,
                -0.9544733956402637,
                0.015718109471065524
            ],
            "cam_t_m2c": [
                -45.31652676796272,
                116.55761920755306,
                709.2357624783709
            ],
            "obj_id": 22
        },
        {
            "cam_R_m2c": [
                0.936816965747859,
                -0.3347617253322612,
                -0.10153569831569734,
                0.3319058895765514,
                0.942270420173342,
                -0.044329732750471695,
                0.11051332148189665,
                0.007828489208263109,
                0.9938433430174969
            ],
            "cam_t_m2c": [
                9.253474624344886,
                -49.86861271823735,
                739.8699687194105
            ],
            "obj_id": 23
        },
        {
            "cam_R_m2c": [
                -0.9000357128709399,
                0.4351652493540243,
                -0.023829552977679754,
                -0.4177255546516695,
                -0.8457923502890564,
                0.3318747438921194,
                0.12426591869364097,
                0.30865301379524657,
                0.9430219395836281
            ],
            "cam_t_m2c": [
                52.22328194103764,
                21.672812627051197,
                726.7003472532366
            ],
            "obj_id": 23
        },
        {
            "cam_R_m2c": [
                -0.5199756067094471,
                -0.8541814828990225,
                -0.0005450539093316165,
                -0.8185100689041132,
                0.49844316056033516,
                -0.2856499061382459,
                0.24426875025338718,
                -0.14808438841270427,
                -0.9583333819968394
            ],
            "cam_t_m2c": [
                34.667734431901025,
                133.9415040464296,
                712.2596973130917
            ],
            "obj_id": 24
        }
    ],
    "12": [
        {
            "cam_R_m2c": [
                -0.022983954671345872,
                0.9577114929598047,
                0.2868091175222619,
                0.2771424086964542,
                -0.269537818737058,
                0.9222483215375585,
                0.9605542071816734,
                0.10068401361899841,
                -0.25922787967736083
            ],
            "cam_t_m2c": [
                -62.748841420477646,
                4.021498877000651,
                745.9972513642876
            ],
            "obj_id": 19
        },
        {
            "cam_R_m2c": [
                -0.0317111931745556,
                0.9660698114954651,
                -0.25632508464636433,
                0.28799359470523334,
                0.2544092601879475,
                0.923220515225367,
                0.9571074414841654,
                -0.044543642829919565,
                -0.2862900129075234
            ],
            "cam_t_m2c": [
                -50.41728905050316,
                -47.004816425980835,
                750.5701764847055
            ],
            "obj_id": 20
        },
        {
            "cam_R_m2c": [
                -0.8920018010939506,
                -0.45111066136916,
                0.028826693338306442,
                -0.4381419921212781,
                0.8471483456470366,
                -0.3006190091750281,
                0.11119219384278738,
                -0.2807833110757284,
                -0.9533088592985487
            ],
            "cam_t_m2c": [
                -78.96270441206768,
                83.50892667864633,
                745.0256734325023
            ],
            "obj_id": 22
        },
        {
            "cam_R_m2c": [
                0.4390963502307725,
                0.004598790788299002,
                0.8984276686789352,
                -0.8523709686604339,
                -0.3139717428343949,
                0.41819371857461457,
                0.28400453468787934,
                -0.949421485294966,
                -0.13394417838814762
            ],
            "cam_t_m2c": [
                -86.99466095955883,
                91.11142733583532,
                716.1760886487618
            ],
            "obj_id": 22
        },
        {
            "cam_R_m2c": [
                0.7250922294303489,
                -0.6881639311828536,
                0.025897516409022218,
                0.6886261571227172,
                0.724230353209101,
                -0.03584587093110566,
                0.005911830931867479,
                0.04382508572369498,
                0.999022110420769
            ],
            "cam_t_m2c": [
                31.17073018866424,
                -38.14997619362454,
                738.0133177798947
            ],
            "obj_id": 23
        },
        {
            "cam_R_m2c": [
                -0.6325726435963477,
                0.7734301278286968,
                -0.040702635671975324,
                -0.7363546227182506,
                -0.584296241661264,
                0.34114553647541285,
                0.24007022285333882,
                0.24577123975583048,
                0.9391291454457656
            ],
            "cam_t_m2c": [
                40.32368221904005,
                44.76327817801979,
                719.8185155488609
            ],
            "obj_id": 23
        },
        {
            "cam_R_m2c": [
                -0.09011218654628216,
                -0.9958639025952775,
                0.011572163229554303,
                -0.9500572190717069,
                0.08246989273145439,
                -0.3009825499859371,
                0.29878378985738135,
                -0.03811645662081497,
                -0.9535597298597966
            ],
            "cam_t_m2c": [
                -21.548794311787432,
                139.93186218296225,
                711.461806489737
            ],
            "obj_id": 24
        }
    ],
    "20": [
        {
            "cam_R_m2c": [
                -0.010758854520640635,
                0.9225354590963789,
                -0.38576301893736414,
                0.27470188187357014,
                0.3736688894081799,
                0.8859520995888763,
                0.9614688004208279,
                -0.09643818725155646,
                -0.2574429099246944
            ],
            "cam_t_m2c": [
                -42.409849240428734,
                -27.892276490622667,
                754.8401406894974
            ],
            "obj_id": 19
        },
        {
            "cam_R_m2c": [
                -0.0365574511420837,
                0.5914981391519492,
                -0.8054775202116133,
                0.25152180550558734,
                0.7855149904459764,
                0.5654234490742587,
                0.9671605301620009,
                -0.1819251246267322,
                -0.1774913953359594
            ],
            "cam_t_m2c": [
                -1.775904109724626,
                -60.35448025228232,
                754.9807645243234
            ],
            "obj_id": 20
        },
        {
            "cam_R_m2c": [
                -0.39328498555053676,
                -0.9188552945078601,
                0.03213107739644779,
                -0.8847101591792497,
                0.3686967705391503,
                -0.28522152253845634,
                0.25023110724180214,
                -0.14060020262970946,
                -0.9579224448790985
            ],
            "cam_t_m2c": [
                -104.63952690031799,
                25.058435257644074,
                763.0186790997169
            ],
            "obj_id": 22
        },
        {
            "cam_R_m2c": [
                0.9192113084411725,
                0.006864207293542339,
                0.39370545683276315,
                -0.3745721691261138,
                -0.29311013743835984,
                0.8796492414451812,
                0.12143735554374462,
                -0.956053585757408,
                -0.2668594437780562
            ],
            "cam_t_m2c": [
                -121.72799230964124,
                21.12104345033174,
                736.1121768105338
            ],
            "obj_id": 22
        },
        {
            "cam_R_m2c": [
                0.12613347362570196,
                -0.963166107686251,
                0.23749090938952142,
                0.9891309167395084,
                0.14034752229491296,
                0.04385527807157059,
                -0.07557184891094437,
                0.22937765141045466,
                0.9703990012891841
            ],
            "cam_t_m2c": [
                53.31845888130132,
                -4.680084768864986,
                727.4138083515203
            ],
            "obj_id": 23
        },
        {
            "cam_R_m2c": [
                0.02012872806399636,
                0.9968609746007873,
                -0.0765739107619745,
                -0.9509675406667821,
                0.042732239675148595,
                0.3063255534688152,
                0.3086366373064779,
                0.06665331145393373,
                0.948841517614376
            ],
            "cam_t_m2c": [
                5.128743325004319,
                65.77919836063685,
                712.0600765904205
            ],
            "obj_id": 23
        },
        {
            "cam_R_m2c": [
                0.56316039154575,
                -0.8263374964683409,
                -0.0041538072414396875,
                -0.7944534331053534,
                -0.5400339206601826,
                -0.27786291434194427,
                0.22736573408677058,
                0.15978164650111804,
                -0.9606113042947522
            ],
            "cam_t_m2c": [
                -102.79144194990349,
                100.79154551676518,
                720.6593277677475
            ],
            "obj_id": 24
        }
    ],
    "28": [
        {
            "cam_R_m2c": [
                -0.021909233782425885,
                0.452252580248728,
                -0.8916207745140411,
                0.2677722044200763,
                0.8619053809856325,
                0.43060048985534377,
                0.9632330524415708,
                -0.22931679506128336,
                -0.1399841692114307
            ],
            "cam_t_m2c": [
                -8.312356243063727,
                -40.8216237300658,
                759.1832537193233
            ],
            "obj_id": 19
        },
        {
            "cam_R_m2c": [
                -0.0033643265263650383,
                -0.0878681069800229,
                -0.9961264526366461,
                0.24749642146130962,
                0.9650675134357096,
                -0.0859642297088951,
                0.968882901284003,
                -0.24682653957839468,
                0.018500227454742817
            ],
            "cam_t_m2c": [
                44.38900207421419,
                -40.28609796608716,
                750.5742783761871
            ],
            "obj_id": 20
        },
        {
            "cam_R_m2c": [
                0.30298177842332924,
                -0.9525708218171237,
                0.0284762170756315,
                -0.9065946021030775,
                -0.29731101217346506,
                -0.2994863103374832,
                0.2937478243150978,
                0.06492239771273688,
                -0.9536754973229312
            ],
            "cam_t_m2c": [
                -85.30632675697278,
                -36.79917224864026,
                782.8426353944291
            ],
            "obj_id": 22
        },
        {
            "cam_R_m2c": [
                0.9559731731635672,
                0.015990736167353,
                -0.2930181317137248,
                0.2847486065623958,
                -0.29195314417980955,
                0.9130614677848172,
                -0.07094693812943939,
                -0.9562988776574598,
                -0.2836523250844292
            ],
            "cam_t_m2c": [
                -101.74160246561992,
                -51.19279684557712,
                759.1909212208709
            ],
            "obj_id": 22
        },
        {
            "cam_R_m2c": [
                -0.5334320595693349,
                -0.7805521414227087,
                0.3258659371695986,
                0.843097484185827,
                -0.4596439865277929,
                0.27913025148843496,
                -0.06809303131893868,
                0.42363359183197796,
                0.9032704865263239
            ],
            "cam_t_m2c": [
                45.01505119401167,
                35.362745259468994,
                715.4001881068162
            ],
            "obj_id": 23
        },
        {
            "cam_R_m2c": [
                0.672063747173122,
                0.7392197130873491,
                -0.043411485856933545,
                -0.7080483248089107,
                0.6586749734951096,
                0.2545868882352313,
                0.21678938813915644,
                -0.14036093588077658,
                0.9660749656539251
            ],
            "cam_t_m2c": [
                -35.90515306334969,
                59.147967799683414,
                714.7621315532986
            ],
            "obj_id": 23
        },
        {
            "cam_R_m2c": [
                0.9636540743293242,
                -0.266989466109178,
                -0.009352538789259004,
                -0.2581784138213588,
                -0.9217118661438614,
                -0.28946635924518554,
                0.06866399413298617,
                0.2813596793707164,
                -0.9571424389741648
            ],
            "cam_t_m2c": [
                -139.57202680979643,
                22.823472251382473,
                744.9551660821306
            ],
            "obj_id": 24
        }
    ],
    "34": [
        {
            "cam_R_m2c": [
                -0.010754332755678811,
                -0.07599346348418798,
                -0.9970501586113635,
                0.28540168828494117,
                0.9553984661649765,
                -0.07589707337167985,
                0.9583481914850426,
                -0.28537529114274357,
                0.011413783517323558
            ],
            "cam_t_m2c": [
                21.378728895687054,
                -34.65416110249203,
                757.0137827262879
            ],
            "obj_id": 19
        },
        {
            "cam_R_m2c": [
                0.012533744697632401,
                -0.5730797390732074,
                -0.8194035703233389,
                0.24905353047748996,
                0.7954318480025508,
                -0.552504480768366,
                0.9684091445062353,
                -0.1971498654462038,
                0.15269671827686293
            ],
            "cam_t_m2c": [
                63.97266406521272,
                -9.379259003642726,
                742.1861855033676
            ],
            "obj_id": 20
        },
        {
            "cam_R_m2c": [
                0.739291751972058,
                -0.6733474625606558,
                0.007112862124596989,
                -0.6469694492512376,
                -0.7131804820114594,
                -0.2698236973294182,
                0.18675747579394547,
                0.19487595842270447,
                -0.9628840037765901
            ],
            "cam_t_m2c": [
                -46.33393407431985,
                -67.73460732447433,
                792.4105135442601
            ],
            "obj_id": 22
        },
        {
            "cam_R_m2c": [
                0.6948172618449154,
                0.013663314300569485,
                -0.7190563084408917,
                0.6893755251849931,
                -0.2975289875353008,
                0.6604836323517812,
                -0.20491504540043554,
                -0.9546155602496477,
                -0.2161470371584567
            ],
            "cam_t_m2c": [
                -57.46783510980765,
                -88.65940666503734,
                769.5043448545563
            ],
            "obj_id": 22
        },
        {
            "cam_R_m2c": [
                -0.8670738647465717,
                -0.4095751862130952,
                0.2836031658652436,
                0.4965149258657866,
                -0.7569782578504508,
                0.42480296945435897,
                0.04069294469955451,
                0.5091481448024262,
                0.8597167252578831
            ],
            "cam_t_m2c": [
                24.9250283520366,
                56.231641496341105,
                708.8570594792335
            ],
            "obj_id": 23
        },
        {
            "cam_R_m2c": [
                0.9485301295366863,
                0.31621004817308757,
                -0.017363232905481068,
                -0.3027013064589141,
                0.9213917301835682,
                0.2437414993506744,
                0.09307178675131005,
                -0.2259395037517643,
                0.9696852995992793
            ],
            "cam_t_m2c": [
                -58.10939022143988,
                39.94153165950367,
                720.7866219683689
            ],
            "obj_id": 23
        },
        {
            "cam_R_m2c": [
                0.9682554540014064,
                0.24982476193784836,
                0.008285238114130955,
                0.24261309979387297,
                -0.9312942031667077,
                -0.27171800644609817,
                -0.060165561066438125,
                0.2651018747669656,
                -0.9623417990788722
            ],
            "cam_t_m2c": [
                -124.51289936277954,
                -42.2845536055582,
                764.8000180842297
            ],
            "obj_id": 24
        }
    ],
    "40": [
        {
            "cam_R_m2c": [
                0.0015209397296956848,
                -0.5378788394885234,
                -0.8430202802877671,
                0.2738958717466868,
                0.8110074411356692,
                -0.5169598628438282,
                0.9617581141908124,
                -0.23011332903181952,
                0.1485562933267504
            ],
            "cam_t_m2c": [
                41.2544934189074,
                -13.529303671534652,
                752.3142686769172
            ],
            "obj_id": 19
        },
        {
            "cam_R_m2c": [
                0.03311031708470193,
                -0.8971013484725432,
                -0.4405814809955388,
                0.2600381765774791,
                0.4333733045948211,
                -0.8628831025334074,
                0.9650304636351885,
                -0.08599750040069824,
                0.24762963548840705
            ],
            "cam_t_m2c": [
                64.39496699654339,
                26.665695959126655,
                729.5892027571515
            ],
            "obj_id": 20
        },
        {
            "cam_R_m2c": [
                0.9776797051902668,
                -0.20905833123706444,
                0.020884118076725074,
                -0.19716957355334716,
                -0.9473036353475189,
                -0.25246685919295936,
                0.07256376857661433,
                0.24271387058004895,
                -0.9673801119301948
            ],
            "cam_t_m2c": [
                4.899919414470378,
                -73.65507783859627,
                795.1087392000152
            ],
            "obj_id": 22
        },
        {
            "cam_R_m2c": [
                0.24793787882615975,
                0.019883770334178187,
                -0.9685714182028748,
                0.9350804201763316,
                -0.26630088724528844,
                0.2338973696109789,
                -0.2532805374030247,
                -0.9636848090547604,
                -0.0846188708930648
            ],
            "cam_t_m2c": [
                1.5880474673042464,
                -97.79670173199764,
                773.4390897281158
            ],
            "obj_id": 22
        },
        {
            "cam_R_m2c": [
                -0.9812111394373179,
                0.08824980631884914,
                0.1715687241108809,
                0.021603961134718325,
                -0.8334071159954239,
                0.5522367174656537,
                0.19172160051580825,
                0.5455673992476285,
                0.8158423935902879
            ],
            "cam_t_m2c": [
                -6.228868736222013,
                63.72473668989649,
                705.8136212326555
            ],
            "obj_id": 23
        },
        {
            "cam_R_m2c": [
                0.9775115894397549,
                -0.21087798472362904,
                0.0008395220929013565,
                0.20559379431284341,
                0.9538854805648725,
                0.21870805492251405,
                -0.0469215881675959,
                -0.21361686217742729,
                0.9757899317353845
            ],
            "cam_t_m2c": [
                -67.6856674257546,
                9.491583382377502,
                729.7980849086994
            ],
            "obj_id": 23
        },
        {
            "cam_R_m2c": [
                0.7208563339048828,
                0.69302270195764,
                0.009210334552827385,
                0.6630467944446612,
                -0.6856842382874269,
                -0.30034247969396455,
                -0.2018287592125609,
                0.22261047982131207,
                -0.953786929873515
            ],
            "cam_t_m2c": [
                -80.13601014715397,
                -90.77723261284928,
                780.7855331349623
            ],
            "obj_id": 24
        }
    ],
    "54": [
        {
            "cam_R_m2c": [
                0.0016435983080764808,
                -0.9716540854254073,
                0.23640019856628816,
                0.2763221171316656,
                -0.22675488713899108,
                -0.9339313789825807,
                0.9610639316539863,
                0.06685762269995445,
                0.26811692013875765
            ],
            "cam_t_m2c": [
                35.800179496350076,
                45.35998727748702,
                733.3495358448135
            ],
            "obj_id": 19
        },
        {
            "cam_R_m2c": [
                0.006404565007986286,
                -0.709159181954692,
                0.7050189100529022,
                0.3057949302213637,
                -0.6698700241463584,
                -0.6765819359693058,
                0.9520761174998376,
                0.21992449597823505,
                0.21256713988674825
            ],
            "cam_t_m2c": [
                0.7586198464069109,
                79.36228679692908,
                712.5941886254993
            ],
            "obj_id": 20
        },
        {
            "cam_R_m2c": [
                0.5494397206415956,
                0.8355133919442063,
                -0.0057252682317849735,
                0.7990879192199737,
                -0.5274631896554987,
                -0.2885144851484716,
                -0.24407764279331426,
                0.1539463692693804,
                -0.9574586765196705
            ],
            "cam_t_m2c": [
                89.47925556845836,
                -2.9729635506316288,
                772.6743469875406
            ],
            "obj_id": 22
        },
        {
            "cam_R_m2c": [
                -0.8346471765652275,
                -0.005678973727346269,
                -0.550755169580667,
                0.5271076794571381,
                -0.2982671874524143,
                -0.7957346858202378,
                -0.15975329037875535,
                -0.9544657898882521,
                0.2519413526242101
            ],
            "cam_t_m2c": [
                104.35107583996526,
                -17.796867978172184,
                750.5443145488651
            ],
            "obj_id": 22
        },
        {
            "cam_R_m2c": [
                -0.28856952028404675,
                0.9370399750909831,
                -0.1966803199740248,
                -0.8366576476625323,
                -0.14690305836801973,
                0.5276580233857995,
                0.4655439489211867,
                0.3168203719029601,
                0.826374119637028
            ],
            "cam_t_m2c": [
                -63.21640312308689,
                25.3503966464093,
                716.1176748408781
            ],
            "obj_id": 23
        },
        {
            "cam_R_m2c": [
                0.16338639238695996,
                -0.9852332122908006,
                0.051184268648434825,
                0.9476404945968466,
                0.17115817328601501,
                0.2695957816018271,
                -0.27437539500622765,
                0.0044560086342192605,
                0.9616126007726473
            ],
            "cam_t_m2c": [
                -28.65467131861969,
                -46.58345156542088,
                746.9990486734989
            ],
            "obj_id": 23
        },
        {
            "cam_R_m2c": [
                -0.4091966900487792,
                0.9121394737870603,
                0.023644920542905,
                0.8687039057211026,
                0.39737643204947487,
                -0.29571102874499927,
                -0.2791257202002881,
                -0.10046355772169092,
                -0.9549850298980493
            ],
            "cam_t_m2c": [
                71.17825146646577,
                -89.02501727984755,
                779.3708601977902
            ],
            "obj_id": 24
        }
    ],
    "65": [
        {
            "cam_R_m2c": [
                0.003277733903985201,
                -0.37052482335979764,
                0.9288170812461483,
                0.3118448872443297,
                -0.882125241828571,
                -0.35299930290268366,
                0.9501270634119847,
                0.2908037336180559,
                0.11265467273067296
            ],
            "cam_t_m2c": [
                -10.844763589000895,
                65.31279337906513,
                727.9765024724619
            ],
            "obj_id": 19
        },
        {
            "cam_R_m2c": [
                -0.009516617073006156,
                0.14278872189631608,
                0.989707716631216,
                0.3257076515040776,
                -0.9353343519734636,
                0.1380756048088123,
                0.9454223327210174,
                0.3236691157245345,
                -0.03760627702861778
            ],
            "cam_t_m2c": [
                -61.416825442083955,
                56.561739629241785,
                719.4389717990288
            ],
            "obj_id": 20
        },
        {
            "cam_R_m2c": [
                -0.3834357730875798,
                0.9235590986816644,
                -0.004021805661184408,
                0.8865579508264825,
                0.3668462017990242,
                -0.2818502022251585,
                -0.2588296590323087,
                -0.11163706305640995,
                -0.9594496732763123
            ],
            "cam_t_m2c": [
                66.93516184313395,
                81.90962600922536,
                748.4778894364474
            ],
            "obj_id": 22
        },
        {
            "cam_R_m2c": [
                -0.935832777926233,
                0.007381881890717828,
                0.3523678325348639,
                -0.3403381141462966,
                -0.2787194091472908,
                -0.8980457373312194,
                0.09158255116301851,
                -0.9603438973556387,
                0.2633468281863467
            ],
            "cam_t_m2c": [
                82.19005508638564,
                81.52852722451252,
                720.645994860313
            ],
            "obj_id": 22
        },
        {
            "cam_R_m2c": [
                0.6037659658861687,
                0.7198384349515168,
                -0.3424906674267786,
                -0.6854073740686286,
                0.6881487206073323,
                0.23805199803569813,
                0.40704302342601895,
                0.09101770407228021,
                0.9088625109179863
            ],
            "cam_t_m2c": [
                -55.7086136697987,
                -26.695640121765837,
                733.5481053503379
            ],
            "obj_id": 23
        },
        {
            "cam_R_m2c": [
                -0.7353593106959448,
                -0.6771068624792065,
                0.02781298477540637,
                0.648926515337776,
                -0.6917391942866995,
                0.3168468804950156,
                -0.195299590648331,
                0.25104477725757085,
                0.9480685121687452
            ],
            "cam_t_m2c": [
                27.65646420759185,
                -41.172281672011266,
                746.0710884558374
            ],
            "obj_id": 23
        },
        {
            "cam_R_m2c": [
                -0.9841896482134747,
                0.17695499413230378,
                0.007631538592346247,
                0.16820243171142288,
                0.9472701594525733,
                -0.27274140783049683,
                -0.055491874253967254,
                -0.2671454266685162,
                -0.9620567982184589
            ],
            "cam_t_m2c": [
                126.07384144898114,
                16.062439608711422,
                749.2978410610559
            ],
            "obj_id": 24
        }
    ],
    "74": [
        {
            "cam_R_m2c": [
                -0.009825326108643328,
                0.373768050812469,
                0.927469723214648,
                0.44741498715827066,
                -0.8278476056893079,
                0.33836019160563796,
                0.8942727444981308,
                0.4182883952317473,
                -0.15909545642314268
            ],
            "cam_t_m2c": [
                -49.65315106838303,
                32.38311517603826,
                727.8777936265693
            ],
            "obj_id": 19
        },
        {
            "cam_R_m2c": [
                -0.047246204558009194,
                0.7927741128135263,
                0.6076809904149448,
                0.47037495161432036,
                -0.5190296687082688,
                0.7136911552408183,
                0.8812012459277198,
                0.3195572265423268,
                -0.3483788272973662
            ],
            "cam_t_m2c": [
                -81.1342258160177,
                -6.461481346634743,
                739.5057374536223
            ],
            "obj_id": 20
        },
        {
            "cam_R_m2c": [
                -0.9093989998040254,
                0.41585938738969697,
                0.007321269326170673,
                0.3617934545723955,
                0.7996058245493358,
                -0.4793073020702225,
                -0.2051786721637238,
                -0.43323276019398615,
                -0.8776168574732087
            ],
            "cam_t_m2c": [
                0.23488835926301932,
                96.57965771411473,
                723.1325480720462
            ],
            "obj_id": 22
        },
        {
            "cam_R_m2c": [
                -0.43491094002149394,
                -0.008957650229296149,
                0.9004284605914119,
                -0.7920597794926886,
                -0.47187735124342145,
                -0.3872628859465311,
                0.42836070942505383,
                -0.8816189525052863,
                0.19812972704368584
            ],
            "cam_t_m2c": [
                6.913011334711738,
                99.37460967318133,
                692.2148966863753
            ],
            "obj_id": 22
        },
        {
            "cam_R_m2c": [
                0.967542879648743,
                0.09011932973096572,
                -0.23608993551612267,
                -0.04325089492514734,
                0.9795193946733094,
                0.1966483231199535,
                0.2489767690919764,
                -0.18005431869324628,
                0.9516255978553616
            ],
            "cam_t_m2c": [
                -21.44417830931894,
                -63.86107868908225,
                753.6677018946937
            ],
            "obj_id": 23
        },
        {
            "cam_R_m2c": [
                -0.9999570849277345,
                -0.005331002139943628,
                -0.0075225206300638696,
                0.0009670490721231524,
                -0.872028243994239,
                0.48945404875113435,
                -0.009169229907181166,
                0.48942580840735117,
                0.8719968903750416
            ],
            "cam_t_m2c": [
                50.91405613980065,
                -19.58290711186172,
                740.4947250476321
            ],
            "obj_id": 23
        },
        {
            "cam_R_m2c": [
                -0.8411228020456811,
                -0.5404768682933062,
                0.01990886376545375,
                -0.48968019645114264,
                0.7454093487213045,
                -0.4523026306378168,
                0.22961875763680326,
                -0.39019108736071123,
                -0.8916425358908868
            ],
            "cam_t_m2c": [
                87.95714960072318,
                84.36353964862582,
                710.1019315666574
            ],
            "obj_id": 24
        }
    ],
    "80": [
        {
            "cam_R_m2c": [
                -0.02138709495816992,
                0.7707410978593862,
