{
  "100": [
    {
      "cam_R_m2c": [
        -0.2967375025702557,
        -0.9530606658847874,
        -0.060182444030141974,
        -0.8923674297607268,
        0.2991771411467824,
        -0.3378953483667165,
        0.3400394202796329,
        -0.046561649515899764,
        -0.9392575314448784
      ],
      "cam_t_m2c": [
        -55.68883227660774,
        -69.69253898393812,
        730.0830417858018
      ],
      "obj_id": 1
    },
    {
      "cam_R_m2c": [
        -0.07186621336763846,
        0.9834032166167039,
        0.16659247409369393,
        0.7119835143023764,
        -0.06639054966118585,
        0.6990506603224036,
        0.6985089788157672,
        0.16884944370160032,
        -0.6953951389266441
      ],
      "cam_t_m2c": [
        -93.6004836582041,
        -46.38090903148139,
        732.9410462002696
      ],
      "obj_id": 4
    },
    {
      "cam_R_m2c": [
        0.9810036993105993,
        0.05265904994971916,
        0.1867037270496915,
        -0.06799768990319247,
        -0.8080411648181531,
        0.5851887384606934,
        0.18168010808874208,
        -0.5867680481450894,
        -0.7891102957329612
      ],
      "cam_t_m2c": [
        53.840558824313725,
        18.61440648336584,
        747.7619340089407
      ],
      "obj_id": 9
    },
    {
      "cam_R_m2c": [
        -0.9840135878265778,
        0.1780714960067455,
        -0.0027226595374723515,
        0.14417668178945403,
        0.7875539335596103,
        -0.5991427436891423,
        -0.10454626211089506,
        -0.5899566844616522,
        -0.8006375584593924
      ],
      "cam_t_m2c": [
        22.448101991122186,
        -91.62804903930467,
        807.0934867598834
      ],
      "obj_id": 10
    },
    {
      "cam_R_m2c": [
        0.9117623905991359,
        0.3913894355969053,
        0.12451166685675227,
        0.39929847358484116,
        -0.7737098335553767,
        -0.49186786641311303,
        -0.09617553569778352,
        0.4981835994149284,
        -0.861720807570525
      ],
      "cam_t_m2c": [
        -80.64683474155393,
        -25.769674193764683,
        771.9398608622713
      ],
      "obj_id": 27
    }
  ],
  "107": [
    {
      "cam_R_m2c": [
        0.31839451889242776,
        -0.9467665820942682,
        0.04751146389758948,
        -0.8933932859236655,
        -0.3164496298126145,
        -0.3189179876579994,
        0.3169760825624888,
        0.05909550268924307,
        -0.946591132199037
      ],
      "cam_t_m2c": [
        -22.937185565368686,
        -89.94956891143825,
        740.5774098649047
      ],
      "obj_id": 1
    },
    {
      "cam_R_m2c": [
        -0.23957763830017964,
        0.907731849019252,
        -0.3444195171154994,
        0.6895754111218503,
        0.4088186088503795,
        0.5977906620519782,
        0.6834389997365823,
        -0.09428587686929012,
        -0.7238938081032941
      ],
      "cam_t_m2c": [
        -66.67213415426792,
        -81.22019563851173,
        748.0583761253001
      ],
      "obj_id": 4
    },
    {
      "cam_R_m2c": [
        0.7304101353491637,
        0.29602896381907595,
        -0.6155219400518852,
        0.6218970739295582,
        -0.6608487374944297,
        0.4201470548509201,
        -0.28239132417281304,
        -0.6896712234335788,
        -0.6667905763901871
      ],
      "cam_t_m2c": [
        26.253766059773866,
        43.70049389704908,
        737.1939287948819
      ],
      "obj_id": 9
    },
    {
      "cam_R_m2c": [
        -0.8270716363956788,
        -0.5403067688774742,
        0.15498539107800324,
        -0.5408206303466585,
        0.6897781152474557,
        -0.4813728024865418,
        0.15318372596159024,
        -0.481949303217094,
        -0.8627053582312945
      ],
      "cam_t_m2c": [
        73.39000758310648,
        -66.69279662907589,
        790.6153591514822
      ],
      "obj_id": 10
    },
    {
      "cam_R_m2c": [
        0.6422110410159831,
        0.7591416717816895,
        -0.10615210443979835,
        0.59577828557093,
        -0.5814790206554133,
        -0.5540134862949677,
        -0.48230016720215946,
        0.2925507091342339,
        -0.8257127716934456
      ],
      "cam_t_m2c": [
        -52.19972049694536,
        -60.24994319643228,
        795.4658051328408
      ],
      "obj_id": 27
    }
  ],
  "117": [
    {
      "cam_R_m2c": [
        0.9014645236755832,
        -0.42768168304409837,
        0.06671107037544205,
        -0.3501990468058641,
        -0.811196231346034,
        -0.4683172616710308,
        0.254406293642485,
        0.3988086678638113,
        -0.8810389177783663
      ],
      "cam_t_m2c": [
        28.887730176287118,
        -74.6923491586254,
        736.5206533679091
      ],
      "obj_id": 1
    },
    {
      "cam_R_m2c": [
        -0.28993275864822277,
        0.23982802473304413,
        -0.9265105537690639,
        0.39419570356744643,
        0.9120853556068925,
        0.11273836920183808,
        0.8720949573967045,
        -0.3325391710190261,
        -0.35898247450687526
      ],
      "cam_t_m2c": [
        5.020157879512203,
        -102.97546254420317,
        758.6295850279078
      ],
      "obj_id": 4
    },
    {
      "cam_R_m2c": [
        0.08896558391825775,
        0.3393010843353864,
        -0.9364615347817281,
        0.9468990218835142,
        -0.32046475331577895,
        -0.026154454685319826,
        -0.308976688366889,
        -0.8844082951534965,
        -0.3497943852636338
      ],
      "cam_t_m2c": [
        -28.968631792339636,
        46.29316833240117,
        730.8828268572712
      ],
      "obj_id": 9
    },
    {
      "cam_R_m2c": [
        -0.31843124047703664,
        -0.9405329464188216,
        0.11831994977771326,
        -0.823960883079684,
        0.21290248087113395,
        -0.5251293258390464,
        0.46871020421585013,
        -0.264708465593451,
        -0.842757732180109
      ],
      "cam_t_m2c": [
        91.88363126459171,
        13.165308363360673,
        755.4613321741931
      ],
      "obj_id": 10
    },
    {
      "cam_R_m2c": [
        -0.17586547071120182,
        0.9716932837524633,
        -0.15774603182060787,
        0.87049141877005,
        0.0786747898369319,
        -0.4858546589203882,
        -0.4596904308063478,
        -0.22276152210478087,
        -0.8596874077128092
      ],
      "cam_t_m2c": [
        9.2482211418629,
        -69.61434826862079,
        803.3662249226298
      ],
      "obj_id": 27
    }
  ],
  "127": [
    {
      "cam_R_m2c": [
        0.8648465124383596,
        0.4794393091829836,
        0.14892555563394252,
        0.4848208551724824,
        -0.7205786290356744,
        -0.4956960727530531,
        -0.13034386665303313,
        0.5009036932985274,
        -0.8556322596869952
      ],
      "cam_t_m2c": [
        55.13602662979081,
        -28.450155332158793,
        716.3814967013458
      ],
      "obj_id": 1
    },
    {
      "cam_R_m2c": [
        -0.14325753800205146,
        -0.6079398564259471,
        -0.7809524754585898,
        -0.036724070528133375,
        0.7918131694942266,
        -0.6096579755651019,
        0.9890040844805659,
        -0.05865884397960504,
        -0.13575900118870654
      ],
      "cam_t_m2c": [
        62.769507588734854,
        -70.68844223911115,
        744.1721570292515
      ],
      "obj_id": 4
    },
    {
      "cam_R_m2c": [
        -0.7786477838228072,
        0.28157055585569846,
        -0.5607370106954799,
        0.5770516654028465,
        -0.02960850976604134,
        -0.816170506631308,
        -0.24641261863506458,
        -0.9590837886216614,
        -0.13942581252387282
      ],
      "cam_t_m2c": [
        -70.53896893063475,
        9.846309114463452,
        746.3788073009952
      ],
      "obj_id": 9
    },
    {
      "cam_R_m2c": [
        0.5040401954334582,
        -0.8634497460540579,
        0.019959504932446862,
        -0.79772188518106,
        -0.4742802646779716,
        -0.37242125329540576,
        0.3310339080283746,
        0.17179350256496184,
        -0.9278491305044052
      ],
      "cam_t_m2c": [
        41.65939397021288,
        73.99098646395963,
        722.4825441313756
      ],
      "obj_id": 10
    },
    {
      "cam_R_m2c": [
        -0.8667105324401659,
        0.4762445833483874,
        0.14833849264377771,
        0.33584812666866587,
        0.7770293456527037,
        -0.5323822151130877,
        -0.36880776982290064,
        -0.4116024913035064,
        -0.8334055736027964
      ],
      "cam_t_m2c": [
        61.96573264095282,
        -37.25184906254431,
        784.7645478406745
      ],
      "obj_id": 27
    }
  ],
  "138": [
    {
      "cam_R_m2c": [
        0.0686490084013119,
        0.9975550133318287,
        0.013102048031971217,
        0.8054324013010323,
        -0.047668204150360126,
        -0.5907682307165881,
        -0.5886989812000322,
        0.05110793972670982,
        -0.8067352180906903
      ],
      "cam_t_m2c": [
        27.66018648052578,
        20.170972593294138,
        690.9474032670548
      ],
      "obj_id": 1
    },
    {
      "cam_R_m2c": [
        0.26827235550039574,
        -0.959497014709155,
        -0.08599789300544053,
        0.26888803581725784,
        0.16030327945938141,
        -0.9497382891348303,
        0.925056394043388,
        0.2316651379735422,
        0.3010021405591777
      ],
      "cam_t_m2c": [
        70.32785325943028,
        1.231943476494144,
        707.3951288770797
      ],
      "obj_id": 4
    },
    {
      "cam_R_m2c": [
        -0.9831148952268317,
        0.08039623669786618,
        0.16438351269802293,
        -0.15989308865682314,
        0.05946760892912303,
        -0.985341815922108,
        -0.08899284218194693,
        -0.9949875932644838,
        -0.04560893888129375
      ],
      "cam_t_m2c": [
        -59.860574247723875,
        -37.97781808177868,
        778.7414872183994
      ],
      "obj_id": 9
    },
    {
      "cam_R_m2c": [
        0.9937961842140615,
        -0.06915776097132698,
        -0.08710181021596147,
        -0.10027506081889372,
        -0.8959187214352241,
        -0.43275299237145637,
        -0.048108363482326395,
        0.4388021403730807,
        -0.8972951583477013
      ],
      "cam_t_m2c": [
        -54.7955042456419,
        77.48829730163601,
        721.8745527270114
      ],
      "obj_id": 10
    },
    {
      "cam_R_m2c": [
        -0.9315773213979637,
        -0.3466572413513647,
        0.10951215383882346,
        -0.362085303844451,
        0.8577808164725137,
        -0.3648382320873501,
        0.03253667112554549,
        -0.3795272528750575,
        -0.924608366154791
      ],
      "cam_t_m2c": [
        58.59840120066203,
        29.702911600105132,
        753.7619339238536
      ],
      "obj_id": 27
    }
  ],
  "149": [
    {
      "cam_R_m2c": [
        -0.7991042271623655,
        0.5732986436697856,
        0.18099886931510556,
        0.37833026313177914,
        0.7135218264769841,
        -0.5897058770977724,
        -0.4672241838542847,
        -0.40275849328888086,
        -0.7870752351457199
      ],
      "cam_t_m2c": [
        -32.60783085338207,
        -4.663312701943884,
        687.3670818433003
      ],
      "obj_id": 1
    },
    {
      "cam_R_m2c": [
        0.2773189668469882,
        -0.7055818513738702,
        0.6521103220482143,
        0.5171990685814024,
        -0.4623653631202371,
        -0.7202246981760275,
        0.8096914810575341,
        0.5370024140090245,
        0.2367032572364738
      ],
      "cam_t_m2c": [
        6.702970955015495,
        27.40557703479124,
        676.7487417185695
      ],
      "obj_id": 4
    },
    {
      "cam_R_m2c": [
        -0.38998102462660034,
        -0.20772165014306887,
        0.8970875333656094,
        -0.8065318933239752,
        -0.39303416217179943,
        -0.44162263063054596,
        0.4443200151980649,
        -0.8957548557397169,
        -0.01425850746583452
      ],
      "cam_t_m2c": [
        -5.6746510101115994,
        -69.09283901438424,
        800.4365875250924
      ],
      "obj_id": 9
    },
    {
      "cam_R_m2c": [
        0.55417581786455,
        0.8264807259834258,
        0.09908701174807415,
        0.7512937787649879,
        -0.4453706988820435,
        -0.48703457062079336,
        -0.35839362386051593,
        0.3443462412358115,
        -0.8677442752581048
      ],
      "cam_t_m2c": [
        -107.83767155537505,
        -12.162216106372632,
        761.1072014994523
      ],
      "obj_id": 10
    },
    {
      "cam_R_m2c": [
        -0.16955692935055452,
        -0.983422833630684,
        -0.06426140204701355,
        -0.6884538653924402,
        0.16485251608681015,
        -0.7062969827582298,
        0.7051815575723996,
        -0.07551686434165622,
        -0.70499367536898
      ],
      "cam_t_m2c": [
        1.087750920547253,
        46.6297358289141,
        720.6620129958366
      ],
      "obj_id": 27
    }
  ],
  "171": [
    {
      "cam_R_m2c": [
        -0.20030964952905117,
        -0.978713621517219,
        -0.04467400689204748,
        -0.8600031642066784,
        0.1974908113500947,
        -0.4705235386577382,
        0.4693298122707947,
        -0.055830171922292414,
        -0.8812557296644482
      ],
      "cam_t_m2c": [
        -58.59331578682519,
        -85.14174194974343,
        747.4632870758169
      ],
      "obj_id": 1
    },
    {
      "cam_R_m2c": [
        -0.004036087772580542,
        0.9181368226786175,
        0.3962431145460654,
        0.9020044350050743,
        -0.1677216098028351,
        0.3978166108674352,
        0.4317083690416602,
        0.35901807748723247,
        -0.8274858680367763
      ],
      "cam_t_m2c": [
        -93.0366086719657,
        -56.50431010389486,
        743.7334960919644
      ],
      "obj_id": 4
    },
    {
      "cam_R_m2c": [
        0.9753969486290157,
        -0.1678493046379777,
        0.14292493383606922,
        -0.21362277737773183,
        -0.8797851146123729,
        0.42466932700654253,
        0.054462442556914945,
        -0.44475296108720763,
        -0.8939953139283597
      ],
      "cam_t_m2c": [
        53.702962839137754,
        -0.12977327488448598,
        749.6564352414579
      ],
      "obj_id": 9
    },
    {
      "cam_R_m2c": [
        -0.9619274600302821,
        0.24099535036456102,
        0.12890682570991446,
        0.0974620093725517,
        0.7431257831834628,
        -0.6620165065832957,
        -0.25533654771422126,
        -0.6242476403267198,
        -0.7383204111943089
      ],
      "cam_t_m2c": [
        15.882362318377666,
        -97.85794232247966,
        823.0635795318175
      ],
      "obj_id": 10
    },
    {
      "cam_R_m2c": [
        0.9907215828906375,
        0.10716853352875275,
        -0.08358106011761755,
        0.031891646979277995,
        -0.7811315786709531,
        -0.6235518761421341,
        -0.13211303868037547,
        0.6151000026387683,
        -0.7773011594861091
      ],
      "cam_t_m2c": [
        -80.55281805644735,
        -31.833956288776733,
        784.7834560567187
      ],
      "obj_id": 27
    }
  ],
  "188": [
    {
      "cam_R_m2c": [
        0.9434863716501034,
        -0.3290881241608072,
        0.03916032657359302,
        -0.1974327794886279,
        -0.653035930548227,
        -0.731138975416965,
        0.26618263217247407,
        0.682089126636783,
        -0.6811027948739677
      ],
      "cam_t_m2c": [
        35.78974402017724,
        -89.27206870650795,
        754.3394201106439
      ],
      "obj_id": 1
    },
    {
      "cam_R_m2c": [
        -0.25274277228355885,
        0.4306370555033099,
        -0.8664131550726424,
        0.4483929464656312,
        0.8456503829380886,
        0.2895162280762394,
        0.857358622217014,
        -0.3153211998787586,
        -0.4068267627535669
      ],
      "cam_t_m2c": [
        -2.268382827225574,
        -113.27497170212862,
        782.0270238789494
      ],
      "obj_id": 4
    },
    {
      "cam_R_m2c": [
        0.04528322415665948,
        0.3340420480065199,
        -0.9414692995967463,
        0.8454236481209187,
        -0.514869473935167,
        -0.14201623410903527,
        -0.5321738643846489,
        -0.7895089439306848,
        -0.30572187129832257
      ],
      "cam_t_m2c": [
        -29.128174873299614,
        34.18770364879838,
        730.1961866443148
      ],
      "obj_id": 9
    },
    {
      "cam_R_m2c": [
        -0.36859794741743496,
        -0.9259343078368071,
        -0.08234165114712673,
        -0.7190904256332527,
        0.34014588412590896,
        -0.6059786162118075,
        0.589105378500769,
        -0.16415154019430117,
        -0.7912070089363521
      ],
      "cam_t_m2c": [
        91.37263373665931,
        -3.21836585039925,
        759.0148931647801
      ],
      "obj_id": 10
    },
    {
      "cam_R_m2c": [
        -0.02654068031427537,
        0.9996462347310465,
        -0.001405776565933896,
        0.8603117846697987,
        0.022124945416338884,
        -0.5092883529212863,
        -0.5090777759633102,
        -0.014726473543210616,
        -0.8605940663908972
      ],
      "cam_t_m2c": [
        9.094645851654613,
        -71.88520630801682,
        816.856779655768
      ],
      "obj_id": 27
    }
  ],
  "195": [
    {
      "cam_R_m2c": [
        0.9934738350481348,
        0.11233695312104279,
        0.019763148789850266,
        0.10292666776536936,
        -0.8082604028845212,
        -0.5797598549322501,
        -0.04915454808968222,
        0.5780098956243075,
        -0.8145481469423441
      ],
      "cam_t_m2c": [
        52.525870646425844,
        -62.42694381784764,
        734.2547709626144
      ],
      "obj_id": 1
    },
    {
      "cam_R_m2c": [
        -0.3481756582062067,
        -0.3567796475406063,
        -0.8668809997165658,
        0.2536064527991589,
        0.854410019817738,
        -0.4535056272181839,
        0.9024733251203706,
        -0.3777456752211306,
        -0.20700327719501568
      ],
      "cam_t_m2c": [
        45.062774218955205,
        -93.86561935381629,
        771.6016897709152
      ],
      "obj_id": 4
    },
    {
      "cam_R_m2c": [
        -0.41498306732342133,
        0.5263157133280211,
        -0.7421465175205033,
        0.6548544698799642,
        -0.3934978013425964,
        -0.64523271742489,
        -0.6316286424948422,
        -0.7537585927131831,
        -0.18136554349905906
      ],
      "cam_t_m2c": [
        -60.50291870218992,
        8.827318108258826,
        739.9036449829829
      ],
      "obj_id": 9
    },
    {
      "cam_R_m2c": [
        0.21868764215748124,
        -0.9740728737890987,
        -0.0579496949428098,
        -0.7881143936937685,
        -0.14129669638299422,
        -0.5990920334653564,
        0.5753706635580049,
        0.17668480927399685,
        -0.7985808280234219
      ],
      "cam_t_m2c": [
        64.74372043988899,
        37.08043013832467,
        723.9940021978689
      ],
      "obj_id": 10
    },
    {
      "cam_R_m2c": [
        -0.6449136433259975,
        0.7642527116450208,
        -0.0021666107783798673,
        0.675290129382421,
        0.5685101279000474,
        -0.46987183927233345,
        -0.35786870189331527,
        -0.30448954906204184,
        -0.882732414486366
      ],
      "cam_t_m2c": [
        45.41669475162675,
        -53.6578819864265,
        801.3542584721328
      ],
      "obj_id": 27
    }
  ],
  "20": [
    {
      "cam_R_m2c": [
        -0.7769891092298244,
        -0.6055279759449994,
        0.17211394790449006,
        -0.6267141134531456,
        0.718307399839645,
        -0.30210019041073627,
        0.059299706341561995,
        -0.3425950646030692,
        -0.9376103598316133
      ],
      "cam_t_m2c": [
        -68.25615698888716,
        -20.35304325854248,
        708.3185541788351
      ],
      "obj_id": 1
    },
    {
      "cam_R_m2c": [
        0.2672770912293011,
        0.5848141933077666,
        0.765868547807897,
        0.6220014375528916,
        -0.7117383440179228,
        0.32641006231901143,
        0.7359876516976891,
        0.3891297923185499,
        -0.5539865874099705
      ],
      "cam_t_m2c": [
        -89.57885671503877,
        26.27479217384252,
        707.9092928891318
      ],
      "obj_id": 4
    },
    {
      "cam_R_m2c": [
        0.8385159989068534,
        -0.16466825566198645,
        0.5193986337583282,
        -0.4793526639855611,
        -0.6761525204140578,
        0.5594990328354809,
        0.25906130729605187,
        -0.7181243751956354,
        -0.6458991018919062
      ],
      "cam_t_m2c": [
        55.36149188337865,
        -12.590240792203812,
        759.7822426182868
      ],
      "obj_id": 9
    },
    {
      "cam_R_m2c": [
        -0.6512463186315883,
        0.7478073899938568,
        -0.1290797845264162,
        0.7569171167489762,
        0.6279213059946135,
        -0.18108600304438263,
        -0.054365713253279255,
        -0.21563432049356637,
        -0.9749600941980049
      ],
      "cam_t_m2c": [
        -41.34080284018232,
        -86.5266505691686,
        782.8451379994806
      ],
      "obj_id": 10
    },
    {
      "cam_R_m2c": [
        0.9663270105011297,
        -0.23371385032359485,
        0.10765519866868932,
        -0.2053127724317095,
        -0.9525000674661543,
        -0.2249236337490239,
        0.1551094616631652,
        0.19524708376477595,
        -0.9684114002601271
      ],
      "cam_t_m2c": [
        -83.16122200708587,
        30.4267355085332,
        757.8898069740691
      ],
      "obj_id": 27
    }
  ],
  "208": [
    {
      "cam_R_m2c": [
        0.14839346207396215,
        0.9762998709195417,
        -0.1575370314292416,
        0.7806913063077421,
        -0.21343604725287701,
        -0.5873381106174881,
        -0.6070422722982345,
        -0.03583007354191121,
        -0.7938616188257885
      ],
      "cam_t_m2c": [
        36.99709489808841,
        -7.459594011661594,
        693.7074513625755
      ],
      "obj_id": 1
    },
    {
      "cam_R_m2c": [
        0.007890437701971127,
        -0.943005407534146,
        -0.3326834827162109,
        0.3542197781435797,
        0.313757637640813,
        -0.8809564724888994,
        0.9351292212721587,
        -0.1108924539384917,
        0.3365069357358927
      ],
      "cam_t_m2c": [
        74.09233510953516,
        -24.401984438898467,
        721.5233576324415
      ],
      "obj_id": 4
    },
    {
      "cam_R_m2c": [
        -0.9914372994598395,
        -0.12735371835294504,
        0.028864936631902482,
        -0.012113282988281106,
        -0.13039396190061422,
        -0.9913881698071516,
        0.13002027849970482,
        -0.9832491684286752,
        0.12773483342939176
      ],
      "cam_t_m2c": [
        -63.656758360166954,
        -46.4130818546697,
        783.7091576143755
      ],
      "obj_id": 9
    },
    {
      "cam_R_m2c": [
        0.9913455545267202,
        0.07190183385594327,
        0.10983743206178308,
        0.11909985617841118,
        -0.8445227001382747,
        -0.5221075188660531,
        0.05522024607548016,
        0.5306708172326035,
        -0.8457775905265428
      ],
      "cam_t_m2c": [
        -44.521582735809304,
        61.86217834494295,
        706.6003274980628
      ],
      "obj_id": 10
    },
    {
      "cam_R_m2c": [
        -0.9256008778648445,
        -0.35468147478104517,
        -0.13215179577782876,
        -0.23590594369391174,
        0.8136254225822364,
        -0.5313773935385799,
        0.29599134024763907,
        -0.4606683169319879,
        -0.8367641309286628
      ],
      "cam_t_m2c": [
        61.242272177552856,
        8.7678466271653,
        754.3838733181101
      ],
      "obj_id": 27
    }
  ],
  "215": [
    {
      "cam_R_m2c": [
        -0.5138545249301806,
        0.8577807661803312,
        0.012885443553192414,
        0.7533147001899645,
        0.4583586329512326,
        -0.47161851633915675,
        -0.4104512758514327,
        -0.2326363508938094,
        -0.8817087613712649
      ],
      "cam_t_m2c": [
        4.549908646727785,
        5.858786123871134,
        686.0657148727581
      ],
      "obj_id": 1
    },
    {
      "cam_R_m2c": [
        0.4046533681054006,
        -0.9011230840247975,
        0.1556700753801995,
        0.36513872183287577,
        0.003144969709771157,
        -0.9309477259986063,
        0.8384090793682768,
        0.43355216436462984,
        0.3303072088506366
      ],
      "cam_t_m2c": [
        52.19608297210319,
        12.488875062379933,
        694.7357895950565
      ],
      "obj_id": 4
    },
    {
      "cam_R_m2c": [
        -0.8336474184295047,
        -0.34576027367834106,
        0.4306764038187928,
        -0.38215055244431256,
        -0.20186625953951737,
        -0.9017819773699195,
        0.39873919579906486,
        -0.9163515849415018,
        0.03615252427015347
      ],
      "cam_t_m2c": [
        -36.922641585802666,
        -66.53211027851712,
        796.4031359556562
      ],
      "obj_id": 9
    },
    {
      "cam_R_m2c": [
        0.9123703632793058,
        0.4081123819391255,
        -0.03201464652910993,
        0.34301022149637594,
        -0.804824781267747,
        -0.484356061661024,
        -0.2234376823117382,
        0.43093058690243985,
        -0.8742852370619815
      ],
      "cam_t_m2c": [
        -93.2622280751951,
        26.752832910821798,
        729.2718101740467
      ],
      "obj_id": 10
    },
    {
      "cam_R_m2c": [
        -0.6855064596884856,
        -0.7238721771549446,
        0.07804014146856714,
        -0.5667395420079266,
        0.46324867226402733,
        -0.6813272709300225,
        0.4570415194641242,
        -0.5112825635719264,
        -0.7278071761771614
      ],
      "cam_t_m2c": [
        33.21316681043899,
        35.48116644358706,
        732.008584232436
      ],
      "obj_id": 27
    }
  ],
  "221": [
    {
      "cam_R_m2c": [
        -0.7225458054086117,
        0.690417953768263,
        0.03536780853279156,
        0.38815107533480997,
        0.44748523905520715,
        -0.8056644964649352,
        -0.5720715754612444,
        -0.568401370181925,
        -0.5913145887515207
      ],
      "cam_t_m2c": [
        -26.74730424424359,
        -20.96462363931743,
        692.1835831115366
      ],
      "obj_id": 1
    },
    {
      "cam_R_m2c": [
        0.3467873064072053,
        -0.7419191396228265,
        0.5738421756139146,
        0.6131252966955263,
        -0.2836790650232528,
        -0.7372944971316263,
        0.7097994567966684,
        0.6075212790666601,
        0.35651302671684104
      ],
      "cam_t_m2c": [
        9.384405327312983,
        2.5119102726216935,
        683.4752149823362
      ],
      "obj_id": 4
    },
    {
      "cam_R_m2c": [
        -0.32689330776276787,
        -0.4659578722061907,
        0.8222068621405753,
        -0.6092091191192441,
        -0.5612216864129987,
        -0.5602625832717839,
        0.7224991181216953,
        -0.6840414025912466,
        -0.10040629285967506
      ],
      "cam_t_m2c": [
        -8.5039195951864,
        -72.78765004413746,
        815.1001335793298
      ],
      "obj_id": 9
    },
    {
      "cam_R_m2c": [
        0.5834399506400804,
        0.8121097945082613,
        0.00870334600716772,
        0.6531708363383107,
        -0.46283119315347004,
        -0.599295278054761,
        -0.4826652231305856,
        0.3553373714113975,
        -0.8004801728890231
      ],
      "cam_t_m2c": [
        -111.24231768435617,
        -20.41403332847277,
        756.4694205424482
      ],
      "obj_id": 10
    },
    {
      "cam_R_m2c": [
        -0.03219186478942506,
        -0.9960188271196866,
        0.08312798652297623,
        -0.7633012540689793,
        -0.02919390862743653,
        -0.6453826350267766,
        0.6452398968856461,
        -0.0842275675710539,
        -0.7593221305068226
      ],
      "cam_t_m2c": [
        -1.4115773570124284,
        28.841725181216447,
        720.9575524980834
      ],
      "obj_id": 27
    }
  ],
  "239": [
    {
      "cam_R_m2c": [
        -0.7023133824722685,
        -0.7057925215819029,
        0.09280957490519576,
        -0.5101726885702923,
        0.4081041714358994,
        -0.7570831063655679,
        0.49646766419825,
        -0.5790582745264882,
        -0.6466929366881464
      ],
      "cam_t_m2c": [
        -67.12641219976584,
        -83.86915998417481,
        752.1540988541792
      ],
      "obj_id": 1
    },
    {
      "cam_R_m2c": [
        -0.15728171868402693,
        0.7250156739199083,
        0.6705338097780136,
        0.9082878711061118,
        -0.1603276650551754,
        0.38640407449373687,
        0.38765400610236633,
        0.6698117421006646,
        -0.6333064030349157
      ],
      "cam_t_m2c": [
        -91.4261767012383,
        -42.61933892520719,
        725.0710603534735
      ],
      "obj_id": 4
    },
    {
      "cam_R_m2c": [
        0.905265265976289,
        -0.261726239867152,
        0.3346562655769195,
        -0.31927380120501664,
        -0.9387782890164514,
        0.12945886038863091,
        0.2802849905850107,
        -0.22404159639015364,
        -0.9334056910660361
      ],
      "cam_t_m2c": [
        60.00203905459995,
        -28.164519062230443,
        770.1042266016466
      ],
      "obj_id": 9
    },
    {
      "cam_R_m2c": [
        -0.8386420670508562,
        0.5323968612566581,
        -0.11503793133753244,
        0.47371233461422385,
        0.6086710960568862,
        -0.6364873714793746,
        -0.2688433411932567,
        -0.588280087539777,
        -0.7626600021287291
      ],
      "cam_t_m2c": [
        -23.413331156522666,
        -95.45439694987611,
        841.4154593471142
      ],
      "obj_id": 10
    },
    {
      "cam_R_m2c": [
        0.9505086288184348,
        -0.3097764812062044,
        -0.0239285206862982,
        -0.22536886032002817,
        -0.6343971654011362,
        -0.7394249129833945,
        0.21387601244960278,
        0.7082224456525603,
        -0.6728138118809874
      ],
      "cam_t_m2c": [
        -85.80222806036704,
        -17.96497399549678,
        769.8198023113255
      ],
      "obj_id": 27
    }
  ],
  "247": [
    {
      "cam_R_m2c": [
        0.04457632326113582,
        -0.9863912407309425,
        0.1582590391040555,
        -0.741266056390856,
        -0.13885972594884843,
        -0.6566906751510622,
        0.6697293940908046,
        -0.08803864361997697,
        -0.7373679817964047
      ],
      "cam_t_m2c": [
        -37.88467666962648,
        -101.83979865294596,
        772.6489957057875
      ],
      "obj_id": 1
    },
    {
      "cam_R_m2c": [
        -0.11491999696695819,
        0.9905222692889176,
        0.07522900993861427,
        0.9466095624541638,
        0.08623252181565576,
        0.31063558742229774,
        0.30120440097844425,
        0.10691016173382042,
        -0.947547402746953
      ],
      "cam_t_m2c": [
        -83.71639186734491,
        -85.93419934968273,
        766.7348513281329
      ],
      "obj_id": 4
    },
    {
      "cam_R_m2c": [
        0.9541595650277556,
        0.10267445736268989,
        -0.2811367802241623,
        0.22183635988574954,
        -0.8731709275846702,
        0.43400598520866485,
        -0.20091970078045998,
        -0.47647737458428563,
        -0.8559209333828572
      ],
      "cam_t_m2c": [
        43.25102334326739,
        -1.0760262946329204,
        740.2226210007732
      ],
      "obj_id": 9
    },
    {
      "cam_R_m2c": [
        -0.9991578574763631,
        -0.03452802489945287,
        0.022180462351248063,
        -0.03765368043501176,
        0.5563882250820278,
        -0.8300689558752214,
        0.0163201585506092,
        -0.8302046678442121,
        -0.5572195699133228
      ],
      "cam_t_m2c": [
        44.03383708182711,
        -82.46662227665814,
        834.2808742573875
      ],
      "obj_id": 10
    },
    {
      "cam_R_m2c": [
        0.8608112170897443,
        0.5017416422019019,
        -0.08520414761981208,
        0.22590283122880783,
        -0.5267291082678895,
        -0.819465991265789,
        -0.4560400441995332,
        0.6861571115822215,
        -0.5667590751405388
      ],
      "cam_t_m2c": [
        -69.51928600463414,
        -49.95211954966743,
        802.1746027170785
      ],
      "obj_id": 27
    }
  ],
  "25": [
    {
      "cam_R_m2c": [
        -0.3730752775554036,
        -0.9259594084132564,
        -0.058435027448449035,
        -0.9162658651829428,
        0.3776055543278929,
        -0.1336792848840521,
        0.14584666624125797,
        0.0036700200827309367,
        -0.989300145949165
      ],
      "cam_t_m2c": [
        -60.13810694123498,
        -46.4372451045746,
        714.2255727429933
      ],
      "obj_id": 1
    },
    {
      "cam_R_m2c": [
        -0.18804948108776323,
        0.8738722209756519,
        0.44831395082120185,
        0.5219386818582332,
        -0.2977534042826226,
        0.7993261242325113,
        0.8319959295866864,
        0.3843048460314616,
        -0.40011491853834263
      ],
      "cam_t_m2c": [
        -97.50117898153333,
        -8.979426756822967,
        714.8803685783557
      ],
      "obj_id": 4
    },
    {
      "cam_R_m2c": [
        0.9823418482093427,
        -0.07799050056247162,
        0.1700665070360962,
        -0.1858840440693059,
        -0.5101323101329525,
        0.8397686670592556,
        0.02126210624223881,
        -0.8565525740112381,
        -0.5156210702062316
      ],
      "cam_t_m2c": [
        55.011578385295664,
        21.173480814708903,
        751.1518955309905
      ],
      "obj_id": 9
    },
    {
      "cam_R_m2c": [
        -0.8989714283502903,
        0.4377595044110135,
        -0.014754629855899558,
        0.40432468776501534,
        0.8164141221884123,
        -0.4122972295820031,
        -0.16844075254490473,
        -0.37660857101241885,
        -0.9109296761630145
      ],
      "cam_t_m2c": [
        -0.1541324725480857,
        -95.0183150636032,
        791.0224416218351
      ],
      "obj_id": 10
    },
    {
      "cam_R_m2c": [
        0.9945346463780375,
        -0.10290599848169155,
        -0.017660818852844266,
        -0.10342246096602432,
        -0.9477132686949028,
        -0.30189855056678805,
        0.014329609165242126,
        0.3020745018592109,
        -0.9531762392433897
      ],
      "cam_t_m2c": [
        -84.76675211169018,
        -0.8291231930063143,
        760.7440747669115
      ],
      "obj_id": 27
    }
  ],
  "254": [
    {
      "cam_R_m2c": [
        0.6256547462832049,
        -0.7800933741657254,
        -0.003074074538157584,
        -0.4244352874992252,
        -0.33709640557503256,
        -0.8403691379096737,
        0.6545305707786472,
        0.5270860960798278,
        -0.5420059720897229
      ],
      "cam_t_m2c": [
        -2.9083345859236895,
        -110.55090429935484,
        786.6443685641829
      ],
      "obj_id": 1
    },
    {
      "cam_R_m2c": [
        -0.41306973495864846,
        0.8498118816212327,
        -0.3274022230688255,
        0.7667332361817865,
        0.5185116974701282,
        0.3785039346568819,
        0.4914198011181513,
        -0.09468187652508396,
        -0.8657612106523477
      ],
      "cam_t_m2c": [
        -49.70668478421875,
        -111.6676539080394,
        801.1607282195665
      ],
      "obj_id": 4
    },
    {
      "cam_R_m2c": [
        0.709635937087044,
        0.2373862217529365,
        -0.6633729190429254,
        0.5288283025857515,
        -0.8016113074623363,
        0.2788536669519203,
        -0.4655717172134783,
        -0.5486955932812618,
        -0.6943894879408735
      ],
      "cam_t_m2c": [
        5.354603173099724,
        16.17406813615223,
        722.0310852171942
      ],
      "obj_id": 9
    },
    {
      "cam_R_m2c": [
        -0.6994120670328462,
        -0.7107864041266646,
        -0.07486288795922014,
        -0.5084232565314872,
        0.5684154714158917,
        -0.6468454874203444,
        0.5023226516464225,
        -0.4143500136024782,
        -0.7589378394018153
      ],
      "cam_t_m2c": [
        87.6032496207721,
        -56.56907998539516,
        800.989263905115
      ],
      "obj_id": 10
    },
    {
      "cam_R_m2c": [
        0.3974630226501964,
        0.9142416788665713,
        0.07864030229803386,
        0.530940820245809,
        -0.15923130450168121,
        -0.8323141355656274,
        -0.7484148337785792,
        0.3725676166884377,
        -0.5486976346389295
      ],
      "cam_t_m2c": [
        -34.48110822625858,
        -69.66672647634441,
        824.4492974083774
      ],
      "obj_id": 27
    }
  ],
  "280": [
    {
      "cam_R_m2c": [
        0.35060450537245147,
        0.9339947463149846,
        0.06877774782785627,
        0.6155023307987012,
        -0.17445084870371894,
        -0.7685854162388712,
        -0.7058561705717354,
        0.31180166910278756,
        -0.6360393291720636
      ],
      "cam_t_m2c": [
        41.06936803327997,
        -30.291586422980618,
        700.3433483338558
      ],
      "obj_id": 1
    },
    {
      "cam_R_m2c": [
        -0.005720061431468386,
        -0.9789516161408571,
        -0.20401200111840653,
        0.4176395869288811,
        0.18303132331747854,
        -0.8899868104240497,
        0.9085945780819539,
        -0.09029352351828003,
        0.40780187463851103
      ],
      "cam_t_m2c": [
        74.66916910908745,
        -45.30425153004492,
        727.9553074982744
      ],
      "obj_id": 4
    },
    {
      "cam_R_m2c": [
        -0.9815267773566085,
        0.18205339913344706,
        0.058836136865967975,
        -0.1268973586923358,
        -0.38931074881117445,
        -0.9123234212188431,
        -0.1431853729725725,
        -0.9029360373026083,
        0.4052206731611016
      ],
      "cam_t_m2c": [
        -62.06381459993636,
        -47.4620161040624,
        790.2623913322923
      ],
      "obj_id": 9
    },
    {
      "cam_R_m2c": [
        0.997110887742729,
        0.013255815909800244,
        -0.07479148888781804,
        -0.047421375405614724,
        -0.6605401670613075,
        -0.7492914583588154,
        -0.059336004285372654,
        0.7506733181407247,
        -0.6580034264107107
      ],
      "cam_t_m2c": [
        -34.509720218241426,
        36.912505978398514,
        697.496336830941
      ],
      "obj_id": 10
    },
    {
      "cam_R_m2c": [
        -0.9240850477749365,
        -0.3575386032985589,
        0.1350288211282863,
        -0.31971015055839663,
        0.5295847469523133,
        -0.7857005022320369,
        0.20940966566454666,
        -0.7692237105082422,
        -0.6036902245042816
      ],
      "cam_t_m2c": [
        63.63933579451486,
        -8.653752858123898,
        757.2152736195543
      ],
      "obj_id": 27
    }
  ],
  "290": [
    {
      "cam_R_m2c": [
        -0.6205222875966765,
        0.7816826564166613,
        -0.06265083487857578,
        0.3575441489555599,
        0.2109121419126163,
        -0.9097687410791413,
        -0.6979361414110008,
        -0.5869318315705669,
        -0.4103614431779646
      ],
      "cam_t_m2c": [
        -7.574806227831237,
        -42.13492797158274,
        690.5711844192803
      ],
      "obj_id": 1
    },
    {
      "cam_R_m2c": [
        0.3255862299957848,
        -0.896565980088617,
        0.3002729459358003,
        0.6615697193354194,
        -0.010872942295758206,
        -0.7498054277531213,
        0.6755145185690236,
        0.44277744343615105,
        0.5896004087656254
      ],
      "cam_t_m2c": [
        34.291764879087154,
        -26.69574647360388,
        692.51117604465
      ],
      "obj_id": 4
