{
  "100": [
    {
      "cam_R_m2c": [
        0.30678121567371647,
        -0.9188583817002941,
        -0.24816156301010114,
        -0.6258866699342284,
        0.001669146244699985,
        -0.7799124680175925,
        0.7170430562957191,
        0.3945834134591674,
        -0.574588795808206
      ],
      "cam_t_m2c": [
        -43.88427566044653,
        -80.26181530089812,
        725.4211580143342
      ],
      "obj_id": 1
    },
    {
      "cam_R_m2c": [
        -0.5671517084254716,
        0.7951956423747384,
        -0.21448154746086304,
        0.48011721124268836,
        0.5307995809424398,
        0.6983834553043841,
        0.6691983815334759,
        0.293113325173544,
        -0.6828305005786987
      ],
      "cam_t_m2c": [
        -103.77714795057094,
        -31.39160013809734,
        729.8935025606347
      ],
      "obj_id": 4
    },
    {
      "cam_R_m2c": [
        0.8785597304945486,
        0.3812519489023726,
        -0.28771378621207316,
        0.4152454035142142,
        -0.31202319514060156,
        0.8545246251180243,
        0.23601622906497727,
        -0.8702233730822653,
        -0.4324438026352543
      ],
      "cam_t_m2c": [
        44.534180142892524,
        17.563525979727608,
        732.6156748793372
      ],
      "obj_id": 9
    },
    {
      "cam_R_m2c": [
        -0.8474939302961921,
        -0.39078299136242084,
        -0.35922461432474767,
        -0.017174765783971323,
        0.696587993202069,
        -0.717266009360369,
        0.5305267599771853,
        -0.6017087060071786,
        -0.5970653971598209
      ],
      "cam_t_m2c": [
        11.038370012337733,
        -106.58548218219045,
        805.7897686993203
      ],
      "obj_id": 10
    },
    {
      "cam_R_m2c": [
        0.9196760782888472,
        -0.11867978106493805,
        -0.37431424744142666,
        -0.11735518913319237,
        -0.9927382612135758,
        0.02641914718113374,
        -0.3747310131170756,
        0.01963032990530612,
        -0.926925442642402
      ],
      "cam_t_m2c": [
        -80.10974976629254,
        -37.794208402742484,
        765.5027445202735
      ],
      "obj_id": 27
    }
  ],
  "107": [
    {
      "cam_R_m2c": [
        0.5871298178456492,
        -0.5889830098900741,
        -0.5553175240428841,
        -0.795725393847187,
        -0.2939445554570388,
        -0.5295453456392833,
        0.14866117345884428,
        0.7527916179096912,
        -0.6412526553660635
      ],
      "cam_t_m2c": [
        -22.676300125773217,
        -90.91060064641327,
        726.7613069048452
      ],
      "obj_id": 1
    },
    {
      "cam_R_m2c": [
        -0.29131049864161557,
        0.8620871608957575,
        0.41466121862281885,
        0.7179961802370737,
        -0.08940248641034691,
        0.690281768792214,
        0.6321552319679444,
        0.49881110020289293,
        -0.5929315966114777
      ],
      "cam_t_m2c": [
        -65.09076986759628,
        -80.87140664237114,
        735.8770339621046
      ],
      "obj_id": 4
    },
    {
      "cam_R_m2c": [
        0.3256324997499257,
        0.1453106435486823,
        -0.934263462714589,
        0.7070053429544281,
        -0.693502095314631,
        0.1385594372831391,
        -0.6277791940575211,
        -0.705648820849175,
        -0.3285628459278714
      ],
      "cam_t_m2c": [
        22.716905543572725,
        30.011058171857005,
        727.3306558877341
      ],
      "obj_id": 9
    },
    {
      "cam_R_m2c": [
        -0.9724429701383406,
        0.17154865837618752,
        0.1578788192286613,
        0.045121756815693526,
        0.8028639154492522,
        -0.5944525927895546,
        -0.22873215062305127,
        -0.5709474360389203,
        -0.7884802945585099
      ],
      "cam_t_m2c": [
        82.9639672659008,
        -68.1486881285881,
        800.4827774844038
      ],
      "obj_id": 10
    },
    {
      "cam_R_m2c": [
        0.44548074812734206,
        0.871895436748087,
        -0.20333399328109233,
        0.8941896974910348,
        -0.4220411152242453,
        0.14935468288438175,
        0.04440637333419467,
        -0.24835356077769008,
        -0.967651414243913
      ],
      "cam_t_m2c": [
        -39.48771014040963,
        -59.82850537137567,
        790.9695957128671
      ],
      "obj_id": 27
    }
  ],
  "117": [
    {
      "cam_R_m2c": [
        0.7705660555928574,
        -0.31180481990118997,
        0.5558832920224357,
        0.15432987848883556,
        -0.7549306831300282,
        -0.6373869693509403,
        0.6183934545643045,
        0.5769373616606609,
        -0.5336034258526529
      ],
      "cam_t_m2c": [
        38.6362270829622,
        -73.73737173562395,
        751.3273391154409
      ],
      "obj_id": 1
    },
    {
      "cam_R_m2c": [
        -0.6129573527194144,
        -0.16333485350590157,
        -0.7730493682825003,
        0.36958022576341265,
        0.8054969324378237,
        -0.4632337993011616,
        0.6983513531432691,
        -0.5696454117127495,
        -0.43336968574401336
      ],
      "cam_t_m2c": [
        -4.925037426000799,
        -89.08275701738961,
        765.8822649474246
      ],
      "obj_id": 4
    },
    {
      "cam_R_m2c": [
        -0.3820243573999333,
        0.03558918658420493,
        -0.923466772159758,
        0.701925785972515,
        -0.6388100244860766,
        -0.31499559052152176,
        -0.6011296100343729,
        -0.7685415271145726,
        0.21905997410854178
      ],
      "cam_t_m2c": [
        -45.368614297895164,
        56.038738537510056,
        732.7982869682966
      ],
      "obj_id": 9
    },
    {
      "cam_R_m2c": [
        -0.4480444514553261,
        -0.7460296349459614,
        0.49264217190239884,
        -0.8911045608913313,
        0.4170627214368242,
        -0.17885950099654854,
        -0.07202831645974062,
        -0.5191326724328746,
        -0.8516536760253461
      ],
      "cam_t_m2c": [
        106.80243292483644,
        18.037490164775836,
        750.0301744455953
      ],
      "obj_id": 10
    },
    {
      "cam_R_m2c": [
        0.24503684085193805,
        0.8458263340956895,
        0.4738512363340994,
        0.7755263223754016,
        0.12230517773666644,
        -0.6193548411503322,
        -0.5818205359420372,
        0.5192489884679783,
        -0.6259916818121922
      ],
      "cam_t_m2c": [
        -2.330597515166975,
        -82.40708948510786,
        795.2140102890502
      ],
      "obj_id": 27
    }
  ],
  "127": [
    {
      "cam_R_m2c": [
        0.7245440752964445,
        0.5757154440973989,
        -0.37893003167491074,
        0.047612028719954146,
        -0.5902834785470832,
        -0.8057902558042513,
        -0.6875821790411853,
        0.5657890633045003,
        -0.45509787543617747
      ],
      "cam_t_m2c": [
        68.45192215113443,
        -20.99460699135759,
        710.8911995290667
      ],
      "obj_id": 1
    },
    {
      "cam_R_m2c": [
        0.36103685630679266,
        -0.2520519642799937,
        -0.8978432189784654,
        0.4119336985749924,
        0.9068627562878988,
        -0.0889385773728993,
        0.8366381984085131,
        -0.3377418732600825,
        0.43123961562925206
      ],
      "cam_t_m2c": [
        71.20342474447332,
        -77.33088223298061,
        733.7151531810568
      ],
      "obj_id": 4
    },
    {
      "cam_R_m2c": [
        -0.6175028229237768,
        0.6391156313527523,
        -0.4584994686928549,
        0.7623275892446495,
        0.3426811511126452,
        -0.5490231703334355,
        -0.19377070154325582,
        -0.6885500663023841,
        -0.6988216109293158
      ],
      "cam_t_m2c": [
        -70.38689910738586,
        25.85428508696064,
        743.3899497355384
      ],
      "obj_id": 9
    },
    {
      "cam_R_m2c": [
        0.9526234265309896,
        -0.2517504038813202,
        -0.17067726646695158,
        -0.2927816837814434,
        -0.9110209822894672,
        -0.2903781392846225,
        -0.08238729174102426,
        0.3265926283939797,
        -0.9415677286621603
      ],
      "cam_t_m2c": [
        52.6938619877028,
        68.16556143970641,
        725.4015359170326
      ],
      "obj_id": 10
    },
    {
      "cam_R_m2c": [
        -0.9891584389210214,
        -0.057719368556702164,
        -0.13503487967914762,
        -0.045322273332591534,
        0.9946203299729081,
        -0.09314671945136942,
        0.13968448934152747,
        -0.08601739195883568,
        -0.9864528632460033
      ],
      "cam_t_m2c": [
        63.91177721579266,
        -30.855503464552562,
        796.4744848651729
      ],
      "obj_id": 27
    }
  ],
  "138": [
    {
      "cam_R_m2c": [
        0.3667232423799883,
        0.8305677295858371,
        0.4191325271426417,
        0.6625277850605081,
        0.08312695953753495,
        -0.7444108966721412,
        -0.6531244348568748,
        0.5506790707682353,
        -0.5197892070842515
      ],
      "cam_t_m2c": [
        40.9686318626854,
        14.482641272661095,
        701.3301191835242
      ],
      "obj_id": 1
    },
    {
      "cam_R_m2c": [
        0.7287377666069373,
        -0.68358604797082,
        -0.04063565712636281,
        -0.10566794298705486,
        -0.05362190142716675,
        -0.9929550402982371,
        0.6765912488626845,
        0.7278977988017852,
        -0.1113093679236908
      ],
      "cam_t_m2c": [
        61.33727081277647,
        5.037576131627126,
        696.9400523973503
      ],
      "obj_id": 4
    },
    {
      "cam_R_m2c": [
        -0.8214955810549592,
        0.5696398716768736,
        -0.02561643847537182,
        0.08306938834597456,
        0.07511059625501075,
        -0.9937094075691093,
        -0.5641319969685324,
        -0.818455299367869,
        -0.10902302576053942
      ],
      "cam_t_m2c": [
        -54.92815220898021,
        -47.78587583419271,
        790.0264155358749
      ],
      "obj_id": 9
    },
    {
      "cam_R_m2c": [
        0.8890394700550112,
        0.19841347147571234,
        0.4126031788261503,
        0.45511765826196926,
        -0.4809771017402674,
        -0.7493527716898477,
        0.04977043339228516,
        0.8539868802593982,
        -0.5179087944096649
      ],
      "cam_t_m2c": [
        -67.15836436436695,
        64.09647677144798,
        718.6044419097433
      ],
      "obj_id": 10
    },
    {
      "cam_R_m2c": [
        -0.8511562246428644,
        -0.033381036751281234,
        -0.5238504187434738,
        0.08153369963217971,
        0.9774557315975159,
        -0.1947633273152522,
        0.518542230726737,
        -0.20848526786574886,
        -0.8292457195004702
      ],
      "cam_t_m2c": [
        51.6953040968106,
        21.255911854969987,
        762.1921664515766
      ],
      "obj_id": 27
    }
  ],
  "149": [
    {
      "cam_R_m2c": [
        -0.5053726876462044,
        0.6975985049533637,
        -0.5078925328024682,
        0.8600779079128018,
        0.45479631846775054,
        -0.2311408995535836,
        0.06974403737965862,
        -0.5536386639352503,
        -0.8298313669859341
      ],
      "cam_t_m2c": [
        -24.39321171600274,
        7.053449799061663,
        698.4205596463345
      ],
      "obj_id": 1
    },
    {
      "cam_R_m2c": [
        0.8789182545967327,
        -0.3571446629352463,
        0.31614988770751645,
        0.2634581764564138,
        -0.18902809947751953,
        -0.9459694983046354,
        0.39760969732463536,
        0.9147213444529394,
        -0.07204773938669533
      ],
      "cam_t_m2c": [
        11.32863730670479,
        41.44458953442202,
        681.4516594167053
      ],
      "obj_id": 4
    },
    {
      "cam_R_m2c": [
        -0.3821059377047465,
        -0.7415896768829381,
        0.5513980887995721,
        -0.8676864901827988,
        0.08259547368784913,
        -0.49020165757293704,
        0.31798486999888853,
        -0.6657504314835012,
        -0.6750276868552239
      ],
      "cam_t_m2c": [
        -16.33170814866658,
        -71.57610807411739,
        794.4786284758935
      ],
      "obj_id": 9
    },
    {
      "cam_R_m2c": [
        0.6630479564955473,
        0.5413555381418527,
        -0.5170122499663571,
        0.4975240481994594,
        -0.8347345642895221,
        -0.23598281503122598,
        -0.5593177965977761,
        -0.10075798827650656,
        -0.8228070736903154
      ],
      "cam_t_m2c": [
        -118.50652040993171,
        -23.009001934828056,
        763.6424829298444
      ],
      "obj_id": 10
    },
    {
      "cam_R_m2c": [
        0.09262582706178948,
        -0.9314349497275005,
        -0.3519223615237184,
        -0.3522786000484676,
        0.2999254939994733,
        -0.886535577986489,
        0.9312999250047366,
        0.20609039531635603,
        -0.3003437337125934
      ],
      "cam_t_m2c": [
        -10.764900968307526,
        42.437374468841526,
        711.6474841814884
      ],
      "obj_id": 27
    }
  ],
  "171": [
    {
      "cam_R_m2c": [
        0.23479449692378956,
        -0.9268039679787186,
        0.29309739747438074,
        -0.45872795078671796,
        -0.37148518302434913,
        -0.8071974658806762,
        0.8569947970713783,
        0.055073998767202356,
        -0.5123729062497054
      ],
      "cam_t_m2c": [
        -66.58236852716178,
        -81.03965745214524,
        759.057853774219
      ],
      "obj_id": 1
    },
    {
      "cam_R_m2c": [
        -0.059529618997213915,
        0.4944090370445424,
        0.8671885349340116,
        0.9260988952345318,
        -0.29687090132288824,
        0.2328283844660428,
        0.3725553212361456,
        0.8169621261431244,
        -0.44019826416483165
      ],
      "cam_t_m2c": [
        -92.73453409802488,
        -47.9136827316252,
        753.7828169882767
      ],
      "obj_id": 4
    },
    {
      "cam_R_m2c": [
        0.9390338626522712,
        0.08436442142049924,
        -0.3333134412802324,
        0.06782328062175634,
        -0.9958324530749486,
        -0.060975996320977555,
        -0.3370689298299293,
        0.03465260679822592,
        -0.9408417896079522
      ],
      "cam_t_m2c": [
        47.55538058588358,
        15.936645097143456,
        758.5004082139255
      ],
      "obj_id": 9
    },
    {
      "cam_R_m2c": [
        -0.9131684367932899,
        -0.40024515168442,
        -0.07698654755150143,
        -0.11903995965592758,
        0.4425537962733014,
        -0.8888059863641422,
        0.3898114009100767,
        -0.8024648035521901,
        -0.45177078744519916
      ],
      "cam_t_m2c": [
        16.94154385654588,
        -92.39138155497395,
        840.5693935333445
      ],
      "obj_id": 10
    },
    {
      "cam_R_m2c": [
        0.7224667710548146,
        0.47769983102350794,
        0.49984488303320873,
        0.6659195960886397,
        -0.28628585745563323,
        -0.6889063016459301,
        -0.1859920514659602,
        0.830567836051274,
        -0.5249409765366525
      ],
      "cam_t_m2c": [
        -86.83150020445363,
        -45.685420246068844,
        784.4435798504564
      ],
      "obj_id": 27
    }
  ],
  "188": [
    {
      "cam_R_m2c": [
        0.9460564713685982,
        0.32208929640618184,
        0.03515247006880953,
        0.3112886835037614,
        -0.8734802927369463,
        -0.3743409884907008,
        -0.08986622324567084,
        0.36509061898047496,
        -0.9266239139586872
      ],
      "cam_t_m2c": [
        43.77808508494502,
        -96.02560298183138,
        745.8681242327355
      ],
      "obj_id": 1
    },
    {
      "cam_R_m2c": [
        -0.1272384476094884,
        0.48585594493990764,
        -0.8647272536061281,
        0.9276003436260069,
        0.3670096199571319,
        0.06971874425168946,
        0.35123628859559347,
        -0.7932516892224984,
        -0.49737861842437603
      ],
      "cam_t_m2c": [
        -8.134552293525463,
        -113.78881924774639,
        770.9801424058872
      ],
      "obj_id": 4
    },
    {
      "cam_R_m2c": [
        0.5731753069876255,
        0.6687358603895357,
        -0.47356275785104757,
        0.8043145434821223,
        -0.5696370244102861,
        0.1690928809199695,
        -0.15668094883865888,
        -0.47781277402689165,
        -0.8643753972797603
      ],
      "cam_t_m2c": [
        -26.58338417791075,
        34.04339319578652,
        711.8911564883836
      ],
      "obj_id": 9
    },
    {
      "cam_R_m2c": [
        -0.18728229160998897,
        -0.9648002437145811,
        -0.18462065349128867,
        -0.9813294577318821,
        0.19214281818564624,
        -0.008630793717305973,
        0.04380037320907349,
        0.17955756796400277,
        -0.9827713292083158
      ],
      "cam_t_m2c": [
        78.04155997714093,
        -4.752136264726558,
        754.022190276465
      ],
      "obj_id": 10
    },
    {
      "cam_R_m2c": [
        0.114800296102476,
        0.8115190880152144,
        0.5729370020873961,
        0.6171465954342042,
        0.3936839861902573,
        -0.6812801187342763,
        -0.7784291414713245,
        0.4317970190366732,
        -0.45563070703450986
      ],
      "cam_t_m2c": [
        12.906093658967784,
        -83.10811158938809,
        827.3088757793
      ],
      "obj_id": 27
    }
  ],
  "195": [
    {
      "cam_R_m2c": [
        0.9699440097338256,
        0.20854859996466601,
        0.12536607478248418,
        0.20627522635502787,
        -0.9780029357806633,
        0.030992307005574697,
        0.12907160196605097,
        -0.004201000401305547,
        -0.9916267338714022
      ],
      "cam_t_m2c": [
        51.462771287095975,
        -80.53862461820034,
        733.2438593062227
      ],
      "obj_id": 1
    },
    {
      "cam_R_m2c": [
        -0.040212089497395624,
        0.39112916038410267,
        -0.9194569196401005,
        0.6081629105630235,
        0.7397008348354435,
        0.28806489129898455,
        0.7927934702659203,
        -0.5475953331187086,
        -0.26761533903061235
      ],
      "cam_t_m2c": [
        62.039247371586015,
        -86.68863744908779,
        770.9509274912823
      ],
      "obj_id": 4
    },
    {
      "cam_R_m2c": [
        -0.1198875618903743,
        0.4352639445273017,
        -0.8922850356797808,
        0.2811531254720766,
        -0.84708890016428,
        -0.4509923318322561,
        -0.9521449246034269,
        -0.3049368125684465,
        -0.02082078774839841
      ],
      "cam_t_m2c": [
        -46.96680678786636,
        22.360664475161407,
        741.4015609256455
      ],
      "obj_id": 9
    },
    {
      "cam_R_m2c": [
        -0.07040994479966248,
        -0.960896780519508,
        -0.2678058244741207,
        -0.9832192721534379,
        0.11214747401990201,
        -0.14388528469797743,
        0.16829226186086535,
        0.25318088977426806,
        -0.9526687964960924
      ],
      "cam_t_m2c": [
        74.99483348828728,
        31.833525067838163,
        712.0320996850518
      ],
      "obj_id": 10
    },
    {
      "cam_R_m2c": [
        -0.39632383778229663,
        0.7844747348855732,
        -0.47699800123002095,
        0.6877027101143612,
        -0.0905571178128427,
        -0.7203230205370703,
        -0.6082703116962227,
        -0.6135133715000364,
        -0.503595480554856
      ],
      "cam_t_m2c": [
        40.310066839160044,
        -57.226326034212164,
        788.6345223975615
      ],
      "obj_id": 27
    }
  ],
  "20": [
    {
      "cam_R_m2c": [
        -0.8660891777998342,
        -0.35423917840480956,
        -0.3527084775553373,
        -0.45192432083699496,
        0.8564357893645592,
        0.24956616010629837,
        0.2136657561925684,
        0.3755441009860365,
        -0.9018394450030635
      ],
      "cam_t_m2c": [
        -72.4967989117203,
        -33.47492770303869,
        702.3008952458853
      ],
      "obj_id": 1
    },
    {
      "cam_R_m2c": [
        -0.30561279671631436,
        0.4494413052221245,
        0.8394064257632747,
        0.9018488252874232,
        -0.1461315432004499,
        0.40658863956622543,
        0.3054016536894756,
        0.8812770231610233,
        -0.3606685887315849
      ],
      "cam_t_m2c": [
        -93.99806392716671,
        14.146881504450043,
        700.6346849923186
      ],
      "obj_id": 4
    },
    {
      "cam_R_m2c": [
        0.2928943231364695,
        -0.7269485549159126,
        0.621094093750246,
        -0.9529837134863802,
        -0.16916796643588344,
        0.2514067994039865,
        -0.077690251221693,
        -0.6655287230261216,
        -0.7423183321464126
      ],
      "cam_t_m2c": [
        60.10728270691172,
        -24.304258830425987,
        759.5083972131667
      ],
      "obj_id": 9
    },
    {
      "cam_R_m2c": [
        -0.3571015344768691,
        0.8074442326027222,
        0.46958696583801174,
        0.8983504351954763,
        0.4345800035166894,
        -0.06409237112305399,
        -0.25582398166450554,
        0.3989652253093774,
        -0.8805573042280856
      ],
      "cam_t_m2c": [
        -32.49153633052827,
        -90.80665150074392,
        795.7909158477379
      ],
      "obj_id": 10
    },
    {
      "cam_R_m2c": [
        0.9402575552137509,
        0.28055816271844597,
        -0.1928823842265836,
        0.16564387875028092,
        -0.8719208475881143,
        -0.46077738915480115,
        -0.2974525275419673,
        0.4012992884967925,
        -0.8663033570706011
      ],
      "cam_t_m2c": [
        -65.28495055988941,
        32.37679058371805,
        749.884044049774
      ],
      "obj_id": 27
    }
  ],
  "208": [
    {
      "cam_R_m2c": [
        -0.4298269770852101,
        0.8607393978442166,
        0.2727214963605684,
        0.8075839227138591,
        0.5015724391438885,
        -0.31021365563775083,
        -0.40380296337653915,
        0.08690774237368305,
        -0.9107089082570101
      ],
      "cam_t_m2c": [
        45.311961478404,
        -3.8286290862940398,
        707.3349974830794
      ],
      "obj_id": 1
    },
    {
      "cam_R_m2c": [
        -0.4141808287898198,
        -0.90203093587313,
        -0.12163191184411098,
        0.5454674333993571,
        -0.13900866616108962,
        -0.8265236937393565,
        0.7286426359169392,
        -0.40867709945266684,
        0.5496032983882368
      ],
      "cam_t_m2c": [
        92.82669856306067,
        -21.097499551362077,
        716.6313315346256
      ],
      "obj_id": 4
    },
    {
      "cam_R_m2c": [
        -0.9898380583093063,
        0.07997184424548653,
        0.11758036906089361,
        -0.13480340934526625,
        -0.7909178698796632,
        -0.5968894446405332,
        0.04526126774041227,
        -0.6066744673440057,
        0.793660962350922
      ],
      "cam_t_m2c": [
        -55.249080018475496,
        -54.1100913347142,
        788.9435734376343
      ],
      "obj_id": 9
    },
    {
      "cam_R_m2c": [
        0.8502833871557245,
        0.3233140921943178,
        -0.41531537746226926,
        0.1740633310453399,
        -0.9174207726461359,
        -0.35782768139734356,
        -0.49670934973144354,
        0.23196358492000516,
        -0.8363448708783064
      ],
      "cam_t_m2c": [
        -56.55229960845071,
        60.64881866873644,
        710.7317887297424
      ],
      "obj_id": 10
    },
    {
      "cam_R_m2c": [
        -0.6032811581440726,
        -0.6450723509770259,
        0.4689710624743424,
        -0.7927351667130089,
        0.5493962086760149,
        -0.26407195573967346,
        -0.08730562731418805,
        -0.531080072067597,
        -0.8428121896682975
      ],
      "cam_t_m2c": [
        74.70331887857876,
        13.890552129933262,
        765.9377627023364
      ],
      "obj_id": 27
    }
  ],
  "215": [
    {
      "cam_R_m2c": [
        -0.7198136563232499,
        0.6935500285029451,
        -0.029273804115763937,
        0.23503050927371757,
        0.20381674388622847,
        -0.9503787078795317,
        -0.6531682172631164,
        -0.6909755739982462,
        -0.30971560420841476
      ],
      "cam_t_m2c": [
        -1.579132933929106,
        5.28296760768287,
        669.3495609133793
      ],
      "obj_id": 1
    },
    {
      "cam_R_m2c": [
        0.7928408548228746,
        -0.430164666576095,
        0.43169674700128563,
        0.34552031483941836,
        -0.2662279981967055,
        -0.8998544883523504,
        0.5020154477951402,
        0.8626014115614145,
        -0.06244606913320556
      ],
      "cam_t_m2c": [
        50.84600102783129,
        20.050725257016616,
        705.6452587331377
      ],
      "obj_id": 4
    },
    {
      "cam_R_m2c": [
        -0.8487486351017891,
        0.2082051326270717,
        0.48608296233614545,
        -0.4376745561276082,
        0.23927302200029238,
        -0.8667115938285967,
        -0.29676041950621934,
        -0.9483667141512246,
        -0.11195656021960015
      ],
      "cam_t_m2c": [
        -32.38681575894527,
        -75.5119359344473,
        789.1588445803379
      ],
      "obj_id": 9
    },
    {
      "cam_R_m2c": [
        0.529719193616354,
        0.8388019819638125,
        -0.1257341284018919,
        0.8273821353256863,
        -0.5436459761264598,
        -0.14102312260126681,
        -0.18664529936913488,
        -0.029327517076514063,
        -0.9819897227830297
      ],
      "cam_t_m2c": [
        -106.59066665102353,
        33.00806423041763,
        726.5925877160253
      ],
      "obj_id": 10
    },
    {
      "cam_R_m2c": [
        -0.02997225417934675,
        -0.9985669421528749,
        0.04433803722618074,
        -0.5509596498748941,
        -0.020506466342040588,
        -0.8342800215392888,
        0.833993341372228,
        -0.049433469468815605,
        -0.5495556237576807
      ],
      "cam_t_m2c": [
        46.536045913136974,
        31.42810712970494,
        721.0548657567598
      ],
      "obj_id": 27
    }
  ],
  "221": [
    {
      "cam_R_m2c": [
        -0.9774990279903584,
        0.1992085075357238,
        -0.06936420767733763,
        0.2107497686113587,
        0.9362331334499281,
        -0.281162046072643,
        0.008931458784665534,
        -0.2894539653182511,
        -0.9571497354941023
      ],
      "cam_t_m2c": [
        -41.729661441277685,
        -30.322052991137774,
        683.4609938798361
      ],
      "obj_id": 1
    },
    {
      "cam_R_m2c": [
        0.3346214803603028,
        -0.6724874042948675,
        0.6601434506855014,
        0.9377725668734802,
        0.16865342212082474,
        -0.30354209108328795,
        0.09279230519278615,
        0.7206362747333906,
        0.6870752358297564
      ],
      "cam_t_m2c": [
        21.456222018493648,
        -11.563384082228001,
        680.7657583412082
      ],
      "obj_id": 4
    },
    {
      "cam_R_m2c": [
        0.1383253081938664,
        -0.2856394976903746,
        0.9483015516655156,
        -0.8853095709688993,
        -0.4648748792040576,
        -0.010888484401453158,
        0.443951612035244,
        -0.8380337609394829,
        -0.31718341385933374
      ],
      "cam_t_m2c": [
        -11.699514236820324,
        -62.04510159122472,
        805.6516718645344
      ],
      "obj_id": 9
    },
    {
      "cam_R_m2c": [
        0.7511650213828756,
        0.6311940491941064,
        0.1932495817070022,
        0.23960038497074432,
        0.012083365223826326,
        -0.9707960464646533,
        -0.6150957659082211,
        0.7755306207755385,
        -0.14215738129819808
      ],
      "cam_t_m2c": [
        -104.29334206782018,
        -8.06418285049007,
        748.1130161186408
      ],
      "obj_id": 10
    },
    {
      "cam_R_m2c": [
        -0.3367074299172607,
        -0.9338326890578792,
        0.12076783754564147,
        -0.10906427592812862,
        -0.088716000612063,
        -0.9900675125491502,
        0.9352714769037288,
        -0.34653434389550797,
        -0.07197607674899983
      ],
      "cam_t_m2c": [
        -11.775484776223113,
        38.51418682204675,
        717.035433679795
      ],
      "obj_id": 27
    }
  ],
  "239": [
    {
      "cam_R_m2c": [
        -0.962542483766521,
        -0.2504592358757374,
        -0.10383912093412902,
        -0.09357535776859645,
        0.6663257496841916,
        -0.7397662567795685,
        0.2544720423154603,
        -0.7023394834652672,
        -0.6648033722797537
      ],
      "cam_t_m2c": [
        -52.293310615218445,
        -81.20588958498392,
        751.4241256698397
      ],
      "obj_id": 1
    },
    {
      "cam_R_m2c": [
        -0.49936257732406325,
        0.8356649573242848,
        0.22869577886467804,
        0.8186615380167338,
        0.36871159665761466,
        0.4402782846596263,
        0.28360240975392353,
        0.4070826636666123,
        -0.8682476442539058
      ],
      "cam_t_m2c": [
        -106.46796404072754,
        -46.92329159367776,
        721.0617695786344
      ],
      "obj_id": 4
    },
    {
      "cam_R_m2c": [
        0.4652756082674619,
        0.10561971179087488,
        0.8788423935632574,
        -0.27723893725964843,
        -0.9255120789272321,
        0.2580037486785572,
        0.8406294176893555,
        -0.36369191043754073,
        -0.4013361554623424
      ],
      "cam_t_m2c": [
        62.259491783289924,
        -32.507488688794524,
        783.1169837289901
      ],
      "obj_id": 9
    },
    {
      "cam_R_m2c": [
        -0.6443574448408775,
        0.6035397528734747,
        0.46962134408645345,
        0.4779868104511647,
        0.7972251917568188,
        -0.36872848236943795,
        -0.5969361163556808,
        -0.013120319225097779,
        -0.8021815742175206
      ],
      "cam_t_m2c": [
        -27.363331906622975,
        -88.50983077302956,
        857.8717197410705
      ],
      "obj_id": 10
    },
    {
      "cam_R_m2c": [
        0.7289467606880664,
        -0.2651145580867381,
        0.6311511817018073,
        0.19538630006725435,
        -0.8030436825146166,
        -0.5629786736608557,
        0.6560956783808257,
        0.5336997089819571,
        -0.5335760492563697
      ],
      "cam_t_m2c": [
        -71.12477012797427,
        -11.628264554880676,
        758.8331442757703
      ],
      "obj_id": 27
    }
  ],
  "247": [
    {
      "cam_R_m2c": [
        -0.40271940605964845,
        -0.8532893565232,
        0.3312328052710559,
        -0.8489302793716111,
        0.21288542256065884,
        -0.48373262221149993,
        0.3422489401166512,
        -0.4760016564647181,
        -0.8101158471401808
      ],
      "cam_t_m2c": [
        -44.022104461936905,
        -97.88189831825196,
        790.007562302911
      ],
      "obj_id": 1
    },
    {
      "cam_R_m2c": [
        -0.44940160755175673,
        0.6323950796093478,
        0.6309639505961696,
        0.8907248392825162,
        0.2633044716578903,
        0.3705132616385973,
        0.06817489579284283,
        0.7285241347743754,
        -0.6816189320727816
      ],
      "cam_t_m2c": [
        -91.61098087389797,
        -77.8367610835993,
        782.5519361880733
      ],
      "obj_id": 4
    },
    {
      "cam_R_m2c": [
        0.9455863892626272,
        -0.17740456356260767,
        -0.2727529529563336,
        -0.2444829521766375,
        -0.9405384853816937,
        -0.23583018980636858,
        -0.21469755191731568,
        0.28968116923196774,
        -0.9327323714893927
      ],
      "cam_t_m2c": [
        41.5365300449619,
        -3.295781173775109,
        754.6281170725533
      ],
      "obj_id": 9
    },
    {
      "cam_R_m2c": [
        -0.8914082522342129,
        0.395028278894158,
        -0.22213591244105124,
        0.3544138379451563,
        0.3021342170882295,
        -0.8849329117367434,
        -0.28245836985988854,
        -0.8675640643561181,
        -0.4093280733609593
      ],
      "cam_t_m2c": [
        57.5789992335653,
        -91.80511881118916,
        845.1240079897127
      ],
      "obj_id": 10
    },
    {
      "cam_R_m2c": [
        0.6772212299593301,
        0.36667710751226795,
        0.6379029714908944,
        0.7267505896644313,
        -0.19794688403684904,
        -0.6577617847041473,
        -0.11491539780640374,
        0.9090460608338521,
        -0.40053631597259953
      ],
      "cam_t_m2c": [
        -76.1849848230104,
        -59.801668344119165,
        791.359911112794
      ],
      "obj_id": 27
    }
  ],
  "25": [
    {
      "cam_R_m2c": [
        -0.3412456460088451,
        -0.8934354017589994,
        -0.2921045107102048,
        -0.9175932413765558,
        0.24921823029508422,
        0.3096965453788383,
        -0.20389605424394272,
        0.37371607713347393,
        -0.9048550088374474
      ],
      "cam_t_m2c": [
        -76.98747396098098,
        -49.88884710578897,
        712.4331486375404
      ],
      "obj_id": 1
    },
    {
      "cam_R_m2c": [
        -0.5999087774489392,
        0.48630066582609727,
        0.6353121553122962,
        0.6784656982984513,
        -0.11162560204792969,
        0.7261016705589072,
        0.42402072682619585,
        0.8666321886605682,
        -0.26297229653033183
      ],
      "cam_t_m2c": [
        -101.00959659799757,
        3.908913984572324,
        724.3303869976043
      ],
      "obj_id": 4
    },
    {
      "cam_R_m2c": [
        0.8701739458688931,
        0.2670263888843274,
        0.41411936173762126,
        0.10560416395887505,
        -0.9219682595050451,
        0.37258845397845763,
        0.4812956744354462,
        -0.28048393923624004,
        -0.8304710213044912
      ],
      "cam_t_m2c": [
        59.6820609194462,
        8.181459145856294,
        741.8059852307209
      ],
      "obj_id": 9
    },
    {
      "cam_R_m2c": [
        -0.71771314425594,
        0.34021097846312187,
        0.6075728195469288,
        0.09520679085118565,
        0.9122733507233337,
        -0.3983624007012049,
        -0.6897998831417723,
        -0.22806411831775422,
        -0.6871406305793609
      ],
      "cam_t_m2c": [
        -5.577751893285612,
        -96.87875772346473,
        801.7718608483015
      ],
      "obj_id": 10
    },
    {
      "cam_R_m2c": [
        0.8093838239811608,
        -0.1618374327181539,
        -0.5645411860248751,
        -0.18079284222594214,
        -0.9832594592494325,
        0.0226684455077877,
        -0.5587597691807134,
        0.08371720268315203,
        -0.8250933118592949
      ],
      "cam_t_m2c": [
        -83.12047993044324,
        -17.019862307005212,
        761.5660131198281
      ],
      "obj_id": 27
    }
  ],
  "254": [
    {
      "cam_R_m2c": [
        0.9055838137280968,
        -0.3746386378983446,
        0.19890422286240764,
        0.04386123566062155,
        -0.3837075677690603,
        -0.9224123673864194,
        0.42189286699951745,
        0.8440460918575311,
        -0.3310479516419381
      ],
      "cam_t_m2c": [
        4.473252891712148,
        -102.82659546730117,
        769.8254174762144
      ],
      "obj_id": 1
    },
    {
      "cam_R_m2c": [
        -0.3005222396503113,
        0.9388447995882924,
        0.1680961709420518,
        0.9266857461357485,
        0.24571075379326074,
        0.28439284327882874,
        0.2256984575046953,
        0.24123834698623675,
        -0.9438560833611092
      ],
      "cam_t_m2c": [
        -62.82072590297447,
        -112.23633303929515,
        796.3327805287047
      ],
      "obj_id": 4
    },
    {
      "cam_R_m2c": [
        0.5098718380177928,
        0.758011204093929,
        -0.40675419850837197,
        0.8600885782914724,
        -0.44002714702598583,
        0.25811493416345865,
        0.016670542257297787,
        -0.48145081261135086,
        -0.876314704322858
      ],
      "cam_t_m2c": [
        2.9886261217533683,
        6.524382639697826,
        713.2511695929627
      ],
      "obj_id": 9
    },
    {
      "cam_R_m2c": [
        -0.30744109580543266,
        -0.9449950797529383,
        -0.11163999933076649,
        -0.8645744565081208,
        0.3264127285062342,
        -0.38205395350987437,
        0.39748015725816593,
        -0.02093857971524223,
        -0.9173720443868204
      ],
      "cam_t_m2c": [
        74.77277222288174,
        -42.32651772747003,
        802.3107400275683
      ],
      "obj_id": 10
    },
    {
      "cam_R_m2c": [
        0.11980147727721266,
        0.9831111683277538,
        -0.13834429488902084,
        0.09227552791489636,
        -0.14977074374284552,
        -0.984405389587536,
        -0.9885001797610184,
        0.10516767442009024,
        -0.10866046516056876
      ],
      "cam_t_m2c": [
        -44.89395038406716,
        -81.00879240158699,
        836.7670212929252
      ],
      "obj_id": 27
    }
  ],
  "280": [
    {
      "cam_R_m2c": [
        0.771644314409325,
        0.635633371577933,
        0.02314221687214489,
        0.5019255143906433,
        -0.5861714596314981,
        -0.6359821911766714,
        -0.39068580980596296,
        0.5023671988323609,
        -0.7713566225873493
      ],
      "cam_t_m2c": [
        43.23318050589002,
        -18.951045617855065,
        696.9994776044708
      ],
      "obj_id": 1
    },
    {
      "cam_R_m2c": [
        0.09980305388914622,
        -0.9938959308801977,
        0.04700758553075904,
        -0.10642564900502932,
        -0.05763604833196227,
        -0.9926487207904771,
        0.9892990360154449,
        0.0940670875596273,
        -0.11152843719604286
      ],
      "cam_t_m2c": [
        64.94758704818759,
        -41.91126677743439,
        720.2449950003911
      ],
      "obj_id": 4
    },
    {
      "cam_R_m2c": [
        -0.8341353966506976,
        -0.501930688610444,
        0.22865430044831436,
        0.1644398214855431,
        -0.6220174475666184,
        -0.7655414539830753,
        0.5264764861877704,
        -0.6009656109041944,
        0.6013842390542615
      ],
      "cam_t_m2c": [
        -80.08338001119023,
        -53.81336106465246,
        792.618429693633
      ],
      "obj_id": 9
    },
    {
      "cam_R_m2c": [
        0.8194841998290103,
        0.4721336892823284,
        0.32486107507013084,
        0.5720517754447463,
        -0.6395812378451323,
        -0.5135101247777093,
        -0.034671070738114894,
        0.6066507060626947,
        -0.7942119359483542
      ],
      "cam_t_m2c": [
        -37.25861887955048,
        48.7113181794756,
        710.7055664931345
      ],
      "obj_id": 10
    },
    {
      "cam_R_m2c": [
        -0.652160553418426,
        -0.7580045171885356,
        -0.010715452649997535,
        -0.25295088589394427,
        0.23091162966828846,
        -0.9395188055686134,
        0.7146346100319081,
        -0.6100065123152443,
        -0.34232958090476406
      ],
      "cam_t_m2c": [
        72.3872527477028,
        -1.6760509652528057,
        744.0435925259729
      ],
      "obj_id": 27
    }
  ],
  "290": [
    {
      "cam_R_m2c": [
        -0.3928615836291516,
        0.9070917877091527,
        -0.1511458805480687,
        0.884785713093947,
        0.3280536687051317,
        -0.3309617574720061,
        -0.2506284168993515,
        -0.26375359898828576,
        -0.9314612398201011
      ],
      "cam_t_m2c": [
        4.595886263453807,
        -40.76481794845051,
        683.9452689050801
      ],
      "obj_id": 1
    },
    {
      "cam_R_m2c": [
        0.69786661727848,
        -0.2947358039020202,
        0.6527738061913595,
        0.7035536385519062,
        0.11139556668152124,
        -0.7018576803406356,
        0.1341462398676108,
        0.9490639997198377,
        0.28510141715344983
      ],
      "cam_t_m2c": [
        41.19830314818104,
        -12.741380199444222,
        694.3064729356047
      ],
      "obj_id": 4
    },
    {
