{
  "100": [
    {
      "cam_R_m2c": [
        -0.18241307848762298,
        -0.9831676933409532,
        0.010313460943927561,
        -0.8726507741035574,
        0.15705731983018595,
        -0.4623999195279983,
        0.4529963330167665,
        -0.09334809535039079,
        -0.8866114427059305
      ],
      "cam_t_m2c": [
        -55.501222108858556,
        -71.81613750055506,
        733.7204121991538
      ],
      "obj_id": 1
    },
    {
      "cam_R_m2c": [
        -0.1690054400598012,
        0.9344287784054742,
        0.31349579814123274,
        0.7300351820629932,
        -0.09501535402671976,
        0.6767723158664279,
        0.6621826522409482,
        0.3432414117812195,
        -0.6661072694313105
      ],
      "cam_t_m2c": [
        -92.08433205427573,
        -42.355661867446834,
        730.868464895571
      ],
      "obj_id": 4
    },
    {
      "cam_R_m2c": [
        0.9995964148031072,
        -0.007168682714901273,
        0.0274813510397032,
        -0.022752706006473108,
        -0.7812384820785837,
        0.6238179274562142,
        0.016997866058582327,
        -0.6241917061400016,
        -0.7810858908445928
      ],
      "cam_t_m2c": [
        49.133041490744745,
        18.699608005517167,
        747.0347470934188
      ],
      "obj_id": 9
    },
    {
      "cam_R_m2c": [
        -0.9946943090808176,
        0.10287183208666095,
        -0.0004628114892907415,
        0.09075178833605389,
        0.8753689072861249,
        -0.47486150866813215,
        -0.04844504016464993,
        -0.4723835388919796,
        -0.8800603806541222
      ],
      "cam_t_m2c": [
        20.93618409168269,
        -95.15615497614306,
        805.0919221274962
      ],
      "obj_id": 10
    },
    {
      "cam_R_m2c": [
        0.9607907676240978,
        0.27636496783710485,
        0.022429917821988384,
        0.2570574170431748,
        -0.8574956389405115,
        -0.44567112570978223,
        -0.10393385769988202,
        0.43396212889325564,
        -0.8949156663553874
      ],
      "cam_t_m2c": [
        -82.43370670294051,
        -24.69960748066743,
        775.7032160592644
      ],
      "obj_id": 27
    }
  ],
  "107": [
    {
      "cam_R_m2c": [
        0.3963063266313202,
        -0.9180900868665267,
        0.007157806052832851,
        -0.8134019245252108,
        -0.3547107453701535,
        -0.46104033644402487,
        0.4258157753789299,
        0.17689117313608774,
        -0.8873507579280389
      ],
      "cam_t_m2c": [
        -20.638779336280273,
        -87.22731363422984,
        743.0293756938908
      ],
      "obj_id": 1
    },
    {
      "cam_R_m2c": [
        -0.3265155980390972,
        0.9113184754612608,
        -0.25076990145133543,
        0.5987958887902469,
        0.40471938374286737,
        0.6911195989526289,
        0.7313218214735354,
        0.0755013109094,
        -0.6778413393166206
      ],
      "cam_t_m2c": [
        -66.76025227478667,
        -81.98528239180106,
        751.5731408959391
      ],
      "obj_id": 4
    },
    {
      "cam_R_m2c": [
        0.8422900945754284,
        0.21862973495474158,
        -0.4926944104784806,
        0.4792717303691994,
        -0.7220534185605972,
        0.4989369286932978,
        -0.24666941723698554,
        -0.6563844128547854,
        -0.712961877113537
      ],
      "cam_t_m2c": [
        23.20081668276096,
        43.34594936975898,
        735.8452234058042
      ],
      "obj_id": 9
    },
    {
      "cam_R_m2c": [
        -0.8763346562125582,
        -0.48147677826507085,
        0.014731482799567269,
        -0.428868192732226,
        0.7659265193267062,
        -0.4789877190723831,
        0.21933842212815818,
        -0.42607166371885796,
        -0.8776984276701747
      ],
      "cam_t_m2c": [
        72.71321507436053,
        -63.82523527039282,
        788.9440953355399
      ],
      "obj_id": 10
    },
    {
      "cam_R_m2c": [
        0.633128396949289,
        0.773973637069992,
        0.010610957586581612,
        0.6924084934236927,
        -0.5601719492754628,
        -0.45472899161174857,
        -0.3460045509166842,
        0.29524912036854045,
        -0.8905670920139777
      ],
      "cam_t_m2c": [
        -54.90990387979032,
        -58.39082858852006,
        793.6830726339323
      ],
      "obj_id": 27
    }
  ],
  "117": [
    {
      "cam_R_m2c": [
        0.963241507354441,
        -0.2678533283904978,
        0.020510891423574713,
        -0.22988066341016863,
        -0.8613729327728267,
        -0.4529804202022632,
        0.13899964451009666,
        0.43161390904513314,
        -0.8912850505736963
      ],
      "cam_t_m2c": [
        33.63447278632293,
        -74.85721953536972,
        736.0322785114734
      ],
      "obj_id": 1
    },
    {
      "cam_R_m2c": [
        -0.38068386161006,
        0.31392761263361413,
        -0.8697870755352375,
        0.3222417780807688,
        0.9266855441660112,
        0.19342661104686296,
        0.8667415450606714,
        -0.20664664014164286,
        -0.4539347447702272
      ],
      "cam_t_m2c": [
        3.471945076743109,
        -102.837919130657,
        762.8442816210444
      ],
      "obj_id": 4
    },
    {
      "cam_R_m2c": [
        0.1360015845744876,
        0.4032617603426434,
        -0.9049220019782885,
        0.887690970954089,
        -0.4551748533648055,
        -0.06942828888717341,
        -0.43989491449647106,
        -0.7938493068554677,
        -0.41987647781866205
      ],
      "cam_t_m2c": [
        -32.22367592441231,
        47.118308978739144,
        734.1998161667274
      ],
      "obj_id": 9
    },
    {
      "cam_R_m2c": [
        -0.1978739735968506,
        -0.9799850444754427,
        0.02180602599827928,
        -0.8611889859479955,
        0.16317588762849555,
        -0.48138018518279285,
        0.4681865742928957,
        -0.11403159087862484,
        -0.8762411934304817
      ],
      "cam_t_m2c": [
        92.16100648457922,
        11.94416916022318,
        751.1342594145331
      ],
      "obj_id": 10
    },
    {
      "cam_R_m2c": [
        -0.21307860797865263,
        0.9770288455127545,
        -0.0035280681333647573,
        0.8699664520985793,
        0.18808351501566622,
        -0.45583184844639885,
        -0.4446966889471777,
        -0.10019721748299766,
        -0.8900594799264544
      ],
      "cam_t_m2c": [
        9.263139944209673,
        -71.23579766885769,
        799.9037816749991
      ],
      "obj_id": 27
    }
  ],
  "127": [
    {
      "cam_R_m2c": [
        0.8358897975225287,
        0.5488152095405865,
        0.009511685039393026,
        0.49052071357591975,
        -0.7391015894683641,
        -0.4616467478437315,
        -0.24632894919548354,
        0.3905519530038914,
        -0.887012846318344
      ],
      "cam_t_m2c": [
        55.55708976895588,
        -31.29879047533956,
        713.9957150432086
      ],
      "obj_id": 1
    },
    {
      "cam_R_m2c": [
        -0.1480715427137294,
        -0.4873099465477679,
        -0.860583646698401,
        0.1047561632176135,
        0.8575517944813753,
        -0.5036174414408874,
        0.9834131497880776,
        -0.16472328363076744,
        -0.07593011399049107
      ],
      "cam_t_m2c": [
        63.993083623133565,
        -67.00575856567707,
        743.6257785599455
      ],
      "obj_id": 4
    },
    {
      "cam_R_m2c": [
        -0.6939703331371937,
        0.3018516378384665,
        -0.6536750930934865,
        0.6411601886115478,
        -0.15399750270209675,
        -0.7517964171928364,
        -0.327595732090659,
        -0.9408351148145383,
        -0.08666526421633605
      ],
      "cam_t_m2c": [
        -69.41339110924878,
        11.726481742210574,
        750.491562961286
      ],
      "obj_id": 9
    },
    {
      "cam_R_m2c": [
        0.6181026616424439,
        -0.7853964619895519,
        0.03319434721378049,
        -0.6858453423091196,
        -0.5594290026929928,
        -0.46546193804255487,
        0.38414247236848853,
        0.2649374065464886,
        -0.8844451934788101
      ],
      "cam_t_m2c": [
        38.262835199949215,
        73.71300929244522,
        719.4495445933859
      ],
      "obj_id": 10
    },
    {
      "cam_R_m2c": [
        -0.8729627057993192,
        0.48778206196033774,
        -0.0022682194249678263,
        0.4357864892198892,
        0.7778024816890566,
        -0.4528939042439949,
        -0.219149566297185,
        -0.3963484294525043,
        -0.8915615223640059
      ],
      "cam_t_m2c": [
        59.702525266704725,
        -35.043753473196354,
        782.548473956387
      ],
      "obj_id": 27
    }
  ],
  "138": [
    {
      "cam_R_m2c": [
        0.018906828246955325,
        0.9997597911165254,
        0.011099529750136203,
        0.9018363464612729,
        -0.012259588589295205,
        -0.4319046191449314,
        -0.43166452938944366,
        0.018175433083076106,
        -0.9018512508141635
      ],
      "cam_t_m2c": [
        30.323080346088787,
        17.364356700303386,
        689.1387124038487
      ],
      "obj_id": 1
    },
    {
      "cam_R_m2c": [
        0.19889892723681196,
        -0.9665622334701852,
        -0.16185485026460963,
        0.11909229591565487,
        0.18776874195293272,
        -0.9749669789509207,
        0.9727571158770997,
        0.1746446310885439,
        0.15245701516320112
      ],
      "cam_t_m2c": [
        72.92146828298232,
        4.980040163582745,
        709.0220411886547
      ],
      "obj_id": 4
    },
    {
      "cam_R_m2c": [
        -0.9911054391653813,
        -0.03573787162165285,
        0.1281917372421773,
        -0.12666802346088848,
        -0.04207565089349448,
        -0.9910527508041149,
        0.04081229307466758,
        -0.9984751906136775,
        0.03717435115675351
      ],
      "cam_t_m2c": [
        -61.689983221860764,
        -41.904724517986786,
        777.0837132854782
      ],
      "obj_id": 9
    },
    {
      "cam_R_m2c": [
        0.9967552026291956,
        0.07067715423729537,
        0.038524308725821424,
        0.08041820314525536,
        -0.8952394154557506,
        -0.4382693304437163,
        0.003512385532492428,
        0.439944994971024,
        -0.8980180123879409
      ],
      "cam_t_m2c": [
        -54.489839519226535,
        74.47011442794239,
        718.4964209917756
      ],
      "obj_id": 10
    },
    {
      "cam_R_m2c": [
        -0.898191252763949,
        -0.43895518476848644,
        0.023898621030933296,
        -0.4026115267414522,
        0.7995608337733024,
        -0.4456535983680251,
        0.17651385204654674,
        -0.4099035577121574,
        -0.8948866991798037
      ],
      "cam_t_m2c": [
        60.19525467380108,
        27.41048143864034,
        749.8021339221077
      ],
      "obj_id": 27
    }
  ],
  "149": [
    {
      "cam_R_m2c": [
        -0.8373777432782179,
        0.5465374668533586,
        0.009740014367292145,
        0.4258708948377825,
        0.663461577633389,
        -0.6151853330528236,
        -0.3426839474512494,
        -0.5109938042077669,
        -0.7883230150601349
      ],
      "cam_t_m2c": [
        -31.851583337362296,
        -1.8144369201784434,
        686.2396185992174
      ],
      "obj_id": 1
    },
    {
      "cam_R_m2c": [
        0.38414839022018943,
        -0.5711795317109768,
        0.7253850886420071,
        0.5649866026572898,
        -0.47595951503258693,
        -0.6739828962529657,
        0.7302199213392531,
        0.6687417687399081,
        0.13986939874477014
      ],
      "cam_t_m2c": [
        7.75626055352178,
        26.450076081112105,
        681.1762072447967
      ],
      "obj_id": 4
    },
    {
      "cam_R_m2c": [
        -0.4104339924772617,
        -0.37085392659208205,
        0.8330731398912583,
        -0.7298146548073792,
        -0.41414641006530406,
        -0.5439242366906588,
        0.5467299862553169,
        -0.8312346325284965,
        -0.10067504046383359
      ],
      "cam_t_m2c": [
        -3.6532328704284662,
        -69.89194135193806,
        804.4863877002614
      ],
      "obj_id": 9
    },
    {
      "cam_R_m2c": [
        0.49460729388803665,
        0.8691157050337153,
        0.0010308377580951064,
        0.7086219664720257,
        -0.40258434536889626,
        -0.5794661458445182,
        -0.5032074146977201,
        0.2873386848749181,
        -0.8149962940491037
      ],
      "cam_t_m2c": [
        -110.20933138626071,
        -9.550467204211106,
        757.9605932528308
      ],
      "obj_id": 10
    },
    {
      "cam_R_m2c": [
        -0.09418735674787776,
        -0.9952295117147184,
        0.025426562142825602,
        -0.8005010974599506,
        0.06052492722899883,
        -0.596267527562708,
        0.5918834691044174,
        -0.07651516687794206,
        -0.8023836759733728
      ],
      "cam_t_m2c": [
        -0.5148244551503858,
        47.60775250752614,
        723.8253823414806
      ],
      "obj_id": 27
    }
  ],
  "171": [
    {
      "cam_R_m2c": [
        -0.24182801481595997,
        -0.9698974994983177,
        0.028603749546031208,
        -0.7791554188100285,
        0.17653156247377766,
        -0.6014599121034332,
        0.5783043449735017,
        -0.1677361902673933,
        -0.7983906487639045
      ],
      "cam_t_m2c": [
        -54.145450527500074,
        -83.90645620386367,
        748.3090761106577
      ],
      "obj_id": 1
    },
    {
      "cam_R_m2c": [
        -0.13336926597842916,
        0.9248353215801849,
        0.35621955464896027,
        0.8554594361801199,
        -0.07405388007038168,
        0.5125483094125808,
        0.5004020369829724,
        0.37308898981351285,
        -0.7812818844129165
      ],
      "cam_t_m2c": [
        -91.9623482532589,
        -56.84095669762336,
        739.7759276621327
      ],
      "obj_id": 4
    },
    {
      "cam_R_m2c": [
        0.9968885635799007,
        0.00010421223059609198,
        0.07882438890494953,
        -0.038521821801673135,
        -0.871804650535807,
        0.48833729400990217,
        0.068770030589773,
        -0.48985413522879273,
        -0.8690872213598291
      ],
      "cam_t_m2c": [
        53.07432417303532,
        3.578240739133684,
        749.121705343439
      ],
      "obj_id": 9
    },
    {
      "cam_R_m2c": [
        -0.9886925499815113,
        0.14945592642157235,
        -0.012250478847858515,
        0.12374561919088228,
        0.7670061818734647,
        -0.6295944301245403,
        -0.08470004469883122,
        -0.6239905832688579,
        -0.7768272868621725
      ],
      "cam_t_m2c": [
        18.84051373732863,
        -96.27603938269971,
        824.2846070755709
      ],
      "obj_id": 10
    },
    {
      "cam_R_m2c": [
        0.9717490300973778,
        0.2344015793602313,
        0.02756504905747445,
        0.20297952300592367,
        -0.7704107704015366,
        -0.604373346291724,
        -0.1204297417037713,
        0.5928935785321271,
        -0.7962241234425221
      ],
      "cam_t_m2c": [
        -81.76431249789016,
        -31.44297857058827,
        780.2537232620484
      ],
      "obj_id": 27
    }
  ],
  "188": [
    {
      "cam_R_m2c": [
        0.9460543888568207,
        -0.3232319613576664,
        0.022388514924404135,
        -0.24799429360293604,
        -0.7668465598560211,
        -0.5919843013435053,
        0.20851703345644737,
        0.5544979256234047,
        -0.8056376922032457
      ],
      "cam_t_m2c": [
        32.35758031206712,
        -90.44611259555225,
        756.112408600391
      ],
      "obj_id": 1
    },
    {
      "cam_R_m2c": [
        -0.3945225713470596,
        0.36660860960078634,
        -0.8425847807251731,
        0.46816357086061716,
        0.8692209378523786,
        0.1589907627275992,
        0.7906793041988047,
        -0.33174295982655955,
        -0.51456024054777
      ],
      "cam_t_m2c": [
        0.8793534957335938,
        -111.42481352745908,
        785.163445742508
      ],
      "obj_id": 4
    },
    {
      "cam_R_m2c": [
        0.17233027184904692,
        0.4146504484207669,
        -0.8935134741228155,
        0.7790019642708471,
        -0.6125332783676565,
        -0.13401158934692048,
        -0.6028755710698449,
        -0.6729539554009909,
        -0.4285714420088415
      ],
      "cam_t_m2c": [
        -27.59676867761235,
        31.803444458596257,
        728.2911642190983
      ],
      "obj_id": 9
    },
    {
      "cam_R_m2c": [
        -0.23011881752446345,
        -0.9730182066055005,
        0.01673175166980242,
        -0.7593192796069489,
        0.16877281984355677,
        -0.6284505967640738,
        0.6086708433091074,
        -0.15732322766029985,
        -0.7776687326378506
      ],
      "cam_t_m2c": [
        93.1399328471278,
        -3.5557735817390483,
        755.3783497097786
      ],
      "obj_id": 10
    },
    {
      "cam_R_m2c": [
        -0.15857736475875164,
        0.9873212560673874,
        0.006999523651518436,
        0.7959640475545736,
        0.1320305428062411,
        -0.590770190023821,
        -0.5842049391435673,
        -0.08811157658593621,
        -0.8068087375481999
      ],
      "cam_t_m2c": [
        6.496586668910443,
        -73.65823720519681,
        815.343811357735
      ],
      "obj_id": 27
    }
  ],
  "195": [
    {
      "cam_R_m2c": [
        0.9552820710081565,
        0.29515488967556935,
        0.017897347006654792,
        0.24635689853735995,
        -0.7609507915837788,
        -0.60021858575482,
        -0.16353829158289687,
        0.5777866329674075,
        -0.7996362231746179
      ],
      "cam_t_m2c": [
        55.7809076551918,
        -64.77718805373887,
        736.1814462102989
      ],
      "obj_id": 1
    },
    {
      "cam_R_m2c": [
        -0.2680055873083501,
        -0.22668759199337876,
        -0.9363686808921216,
        0.33398460918234973,
        0.8897926926553004,
        -0.31100394599338615,
        0.9036746706770833,
        -0.39608293796361443,
        -0.1627593849168727
      ],
      "cam_t_m2c": [
        49.33544991843866,
        -95.66343616669312,
        771.816738754075
      ],
      "obj_id": 4
    },
    {
      "cam_R_m2c": [
        -0.42283426660065276,
        0.39058189203853816,
        -0.8177148209688149,
        0.7137784580373705,
        -0.41240661886784363,
        -0.566075337244795,
        -0.5583292583564675,
        -0.8230232877458501,
        -0.1044095666266185
      ],
      "cam_t_m2c": [
        -60.222607808706655,
        12.021590587768042,
        740.1540792325682
      ],
      "obj_id": 9
    },
    {
      "cam_R_m2c": [
        0.34680888660212134,
        -0.937469795879952,
        0.029572215431082606,
        -0.7402821622449626,
        -0.29294879810388597,
        -0.6051144718242257,
        0.5759391454820497,
        0.18796708539257603,
        -0.7955895491115884
      ],
      "cam_t_m2c": [
        66.06822219980191,
        40.18524588949249,
        721.0122209124437
      ],
      "obj_id": 10
    },
    {
      "cam_R_m2c": [
        -0.692387991826926,
        0.7215249012817568,
        0.0011110294167476812,
        0.5794674124952034,
        0.5569828037881404,
        -0.5949687899987249,
        -0.42990319912061115,
        -0.41130503447484607,
        -0.8037485052362141
      ],
      "cam_t_m2c": [
        47.231473132222646,
        -56.72993525498457,
        804.1320152051314
      ],
      "obj_id": 27
    }
  ],
  "20": [
    {
      "cam_R_m2c": [
        -0.7603532453758108,
        -0.6495086881484505,
        -0.0008961951644735229,
        -0.6236987047066193,
        0.7305236014079389,
        -0.2780932270098597,
        0.18127873297513855,
        -0.21089039905238494,
        -0.9605541509454373
      ],
      "cam_t_m2c": [
        -70.9490985754668,
        -18.86219100480875,
        708.9555542694615
      ],
      "obj_id": 1
    },
    {
      "cam_R_m2c": [
        0.08854157499681589,
        0.606540556235413,
        0.7901065680952519,
        0.6233388209551324,
        -0.652443554264773,
        0.43100663278949586,
        0.7769232645845325,
        0.4543424572384279,
        -0.4358488199809961
      ],
      "cam_t_m2c": [
        -86.68213026924386,
        27.060976853394028,
        706.9064665178001
      ],
      "obj_id": 4
    },
    {
      "cam_R_m2c": [
        0.7691826650067246,
        -0.25748188421172047,
        0.5848594005517842,
        -0.6093260737117765,
        -0.5713117532334683,
        0.5498411198808599,
        0.19256318853533558,
        -0.7792986869328401,
        -0.5963337847154032
      ],
      "cam_t_m2c": [
        55.244879109963655,
        -8.216240636590024,
        761.7236213675722
      ],
      "obj_id": 9
    },
    {
      "cam_R_m2c": [
        -0.7102910492475589,
        0.7033151695277909,
        -0.028875228852915807,
        0.6789005704680316,
        0.6736421520936327,
        -0.2920632077120805,
        -0.18596118066225675,
        -0.22705339121202547,
        -0.9559635037019879
      ],
      "cam_t_m2c": [
        -43.585386916568595,
        -88.11692706678227,
        785.4875019047142
      ],
      "obj_id": 10
    },
    {
      "cam_R_m2c": [
        0.931683963963261,
        -0.36316485285817396,
        -0.008699577435306563,
        -0.34977378349074917,
        -0.8903456698153555,
        -0.2914507325865672,
        0.09809924832206306,
        0.27458303655598404,
        -0.956546763519819
      ],
      "cam_t_m2c": [
        -79.3281678598553,
        30.389764271711563,
        755.4504967127382
      ],
      "obj_id": 27
    }
  ],
  "208": [
    {
      "cam_R_m2c": [
        0.14372902818610186,
        0.9891524176396551,
        0.0303217074616814,
        0.7912525388845381,
        -0.09646369240404698,
        -0.6038327207425964,
        -0.5943578399022263,
        0.11078099620362486,
        -0.7965342941249686
      ],
      "cam_t_m2c": [
        37.843352812048316,
        -10.200997906296598,
        694.6292088131705
      ],
      "obj_id": 1
    },
    {
      "cam_R_m2c": [
        0.13123592508479687,
        -0.9570154458247686,
        -0.2586474487527197,
        0.2731920097976282,
        0.28571495832387084,
        -0.9185493306798698,
        0.9529658065545478,
        0.049885761494570156,
        0.2989450589187
      ],
      "cam_t_m2c": [
        77.37529752847057,
        -24.027712222158982,
        720.1701527030373
      ],
      "obj_id": 4
    },
    {
      "cam_R_m2c": [
        -0.9997603315504107,
        0.003416989275481319,
        0.02162299634503117,
        -0.021843862188317652,
        -0.2203179523750007,
        -0.9751833885344188,
        0.001431205444851109,
        -0.9754223732003073,
        0.22033991973122727
      ],
      "cam_t_m2c": [
        -63.41001079176692,
        -43.02062778084992,
        782.4331841786122
      ],
      "obj_id": 9
    },
    {
      "cam_R_m2c": [
        0.9974165625129326,
        -0.05646787547267672,
        0.0444020218479546,
        -0.019082144295398167,
        -0.8041821872068561,
        -0.5940763206295124,
        0.06925411462303092,
        0.5916944902919146,
        -0.8031824457110548
      ],
      "cam_t_m2c": [
        -40.62346654240094,
        60.1470195773786,
        705.7389967955633
      ],
      "obj_id": 10
    },
    {
      "cam_R_m2c": [
        -0.9488160302350083,
        -0.3158276527667215,
        0.0009818504544426175,
        -0.2531595842611776,
        0.758683068494915,
        -0.6002583190401561,
        0.1888328322661799,
        -0.5697837049064619,
        -0.7998057443484208
      ],
      "cam_t_m2c": [
        64.89726480167796,
        7.030880383063501,
        754.2355281156654
      ],
      "obj_id": 27
    }
  ],
  "215": [
    {
      "cam_R_m2c": [
        -0.4549087769034955,
        0.8904064248700364,
        0.015321587237711428,
        0.7029265661815399,
        0.36958228450918335,
        -0.6077030436631398,
        -0.546765038580542,
        -0.2656792888317785,
        -0.7940167877163765
      ],
      "cam_t_m2c": [
        3.615712532589803,
        2.3535823376608045,
        683.8310021328629
      ],
      "obj_id": 1
    },
    {
      "cam_R_m2c": [
        0.3061005612399978,
        -0.9011508551715024,
        0.3069689370720224,
        0.3946825209953305,
        -0.17330428861852373,
        -0.9023253990947602,
        0.8663305217394118,
        0.39735744914647103,
        0.30261962750440696
      ],
      "cam_t_m2c": [
        49.25935905326996,
        10.31239023551823,
        691.870401808782
      ],
      "obj_id": 4
    },
    {
      "cam_R_m2c": [
        -0.8167423776223937,
        -0.2135435386357077,
        0.536033008367148,
        -0.47574425672085036,
        -0.27644635008540985,
        -0.8350117382966898,
        0.3264954824296978,
        -0.9370042440943342,
        0.12419305686792437
      ],
      "cam_t_m2c": [
        -36.83577259038713,
        -64.52189823480765,
        800.1925833070119
      ],
      "obj_id": 9
    },
    {
      "cam_R_m2c": [
        0.8519119573322961,
        0.5236016200926125,
        0.009365713524568595,
        0.42741334465640785,
        -0.6848551378195422,
        -0.5901619128684108,
        -0.30259533949174705,
        0.5067687827810153,
        -0.8072308268484059
      ],
      "cam_t_m2c": [
        -90.54082819910096,
        29.773212565696884,
        727.139682786413
      ],
      "obj_id": 10
    },
    {
      "cam_R_m2c": [
        -0.5906323672596396,
        -0.8063494174127053,
        0.030892622544861782,
        -0.653339346293537,
        0.45538547964312903,
        -0.6047905180952442,
        0.47360412856528067,
        -0.37739210775331933,
        -0.7957854450684223
      ],
      "cam_t_m2c": [
        37.57811133035488,
        36.74604206037787,
        731.9492371541265
      ],
      "obj_id": 27
    }
  ],
  "221": [
    {
      "cam_R_m2c": [
        -0.8075746575342283,
        0.5897624890502815,
        -0.0018914569966219659,
        0.39946194307239397,
        0.544627481435059,
        -0.7374352358978419,
        -0.4338812212958293,
        -0.5962895443133832,
        -0.6754145400134752
      ],
      "cam_t_m2c": [
        -28.663073218671713,
        -22.50601878004362,
        689.4581129030138
      ],
      "obj_id": 1
    },
    {
      "cam_R_m2c": [
        0.3708938010448702,
        -0.6286926433907017,
        0.68350826445742,
        0.6562959703925432,
        -0.34328813970600325,
        -0.6718843138699218,
        0.6570484927271244,
        0.6977812977384364,
        0.2852849057111884
      ],
      "cam_t_m2c": [
        11.386598175450436,
        0.7741283167734249,
        681.4152715498915
      ],
      "obj_id": 4
    },
    {
      "cam_R_m2c": [
        -0.4585268360133388,
        -0.3370351359621491,
        0.8222898922540879,
        -0.6208341364264129,
        -0.540571371711214,
        -0.5677563442302204,
        0.6358601079388637,
        -0.7708366037257203,
        0.038623525141326255
      ],
      "cam_t_m2c": [
        -7.752769105009305,
        -70.94365226956471,
        818.0959289630837
      ],
      "obj_id": 9
    },
    {
      "cam_R_m2c": [
        0.5203005343183007,
        0.8539806605910234,
        -0.0021397053594924163,
        0.5864572738315571,
        -0.3591265781052616,
        -0.7260135201606562,
        -0.6207698889472932,
        0.3764901213160862,
        -0.6876764325784337
      ],
      "cam_t_m2c": [
        -109.96525094396127,
        -18.994609125663693,
        759.5584750721363
      ],
      "obj_id": 10
    },
    {
      "cam_R_m2c": [
        -0.15819193798506784,
        -0.9872774010679902,
        0.016088676103300732,
        -0.6644910583231279,
        0.09439096917738153,
        -0.7413107683242415,
        0.7303605885588532,
        -0.12795995348134945,
        -0.6709684082597749
      ],
      "cam_t_m2c": [
        2.597433069287363,
        29.8174586908412,
        719.2087789373401
      ],
      "obj_id": 27
    }
  ],
  "239": [
    {
      "cam_R_m2c": [
        -0.579397199081212,
        -0.8150347726175541,
        0.004235581697054136,
        -0.5581204375262266,
        0.39296275213749343,
        -0.7308090340866584,
        0.5939704233962542,
        -0.4257924123545364,
        -0.6825689833603437
      ],
      "cam_t_m2c": [
        -67.73091275311019,
        -80.15426339285288,
        749.2323736031101
      ],
      "obj_id": 1
    },
    {
      "cam_R_m2c": [
        0.010522244357506445,
        0.7472183914816352,
        0.6644958290171111,
        0.946347806554209,
        -0.22208315397672884,
        0.23474430514656666,
        0.3229785374937567,
        0.6263738545141048,
        -0.7094653644723746
      ],
      "cam_t_m2c": [
        -91.6768405069053,
        -46.623873407503545,
        726.7191328232016
      ],
      "obj_id": 4
    },
    {
      "cam_R_m2c": [
        0.8993682420230251,
        -0.15517123999107504,
        0.40872899931107926,
        -0.28175866625136375,
        -0.9205676551906539,
        0.2704943942029438,
        0.3342894809875527,
        -0.3584369065443961,
        -0.8716501503266224
      ],
      "cam_t_m2c": [
        56.26320449770114,
        -25.37855641234437,
        770.1172920983105
      ],
      "obj_id": 9
    },
    {
      "cam_R_m2c": [
        -0.8640320057284683,
        0.5033631498837539,
        -0.008659260055558742,
        0.3431287528284353,
        0.5762256032681928,
        -0.7417726725069518,
        -0.36839107855129694,
        -0.6438866172892186,
        -0.670595629335086
      ],
      "cam_t_m2c": [
        -22.433433522829368,
        -96.138263414405,
        844.392671248095
      ],
      "obj_id": 10
    },
    {
      "cam_R_m2c": [
        0.9890446919031459,
        -0.14761873022440258,
        0.00020196135582053765,
        -0.10056524146829102,
        -0.6747848889997625,
        -0.7311306221485532,
        0.10806458711450222,
        0.7231004967278764,
        -0.6822376228769859
      ],
      "cam_t_m2c": [
        -83.55490003125713,
        -17.11226787180806,
        765.8423111193773
      ],
      "obj_id": 27
    }
  ],
  "247": [
    {
      "cam_R_m2c": [
        0.07371530950799145,
        -0.9971364359367678,
        0.016895796540204865,
        -0.6851362510187433,
        -0.0629461776052868,
        -0.7256901310411833,
        0.724675269997598,
        0.04191912336830254,
        -0.6878142719046343
      ],
      "cam_t_m2c": [
        -39.97787644317072,
        -102.62055859888504,
        776.0052703743355
      ],
      "obj_id": 1
    },
    {
      "cam_R_m2c": [
        -0.25147178479864174,
        0.9660782622317827,
        0.05878116604005855,
        0.8867167365294187,
        0.20561944833501644,
        0.41407022429090296,
        0.3879377929644593,
        0.15624861652996716,
        -0.9083449655481606
      ],
      "cam_t_m2c": [
        -83.08548253932078,
        -85.00385331575487,
        770.1403702019762
      ],
      "obj_id": 4
    },
    {
      "cam_R_m2c": [
        0.9755600865913312,
        0.10540542097593252,
        -0.19280227422461996,
        0.15939762707987373,
        -0.9434234985045206,
        0.29076549904447563,
        -0.15124644192259548,
        -0.3143914775608704,
        -0.9371672402586242
      ],
      "cam_t_m2c": [
        42.28202537903952,
        3.090067102959585,
        739.254190857982
      ],
      "obj_id": 9
    },
    {
      "cam_R_m2c": [
        -0.9897257427235231,
        -0.1419029110987251,
        0.017522583489364675,
        -0.10627593078422476,
        0.648124745976029,
        -0.7540821025157652,
        0.09565015477505975,
        -0.7481963041200619,
        -0.6565464456118434
      ],
      "cam_t_m2c": [
        46.090025508378986,
        -85.60782551699202,
        834.8240413143515
      ],
      "obj_id": 10
    },
    {
      "cam_R_m2c": [
        0.8563363659078076,
        0.5164031114471258,
        0.004040471408685455,
        0.3484861251154635,
        -0.5720755319095144,
        -0.742487094674567,
        -0.3811115474031843,
        0.6372261945880584,
        -0.6698482631906395
      ],
      "cam_t_m2c": [
        -72.64157265325363,
        -50.44932159344778,
        803.5671759894102
      ],
      "obj_id": 27
    }
  ],
  "25": [
    {
      "cam_R_m2c": [
        -0.40858412601406197,
        -0.9127203791667551,
        -0.0010992182814834898,
        -0.8774068968186197,
        0.39310685288652364,
        -0.2749972774707832,
        0.25142732122946004,
        -0.11139462017107796,
        -0.9614441593342168
      ],
      "cam_t_m2c": [
        -63.07200040043138,
        -44.1734131469888,
        717.4563084375719
      ],
      "obj_id": 1
    },
    {
      "cam_R_m2c": [
        -0.0710475391826949,
        0.8540357724702899,
        0.5153405184209171,
        0.6368696904988079,
        -0.3587893906269474,
        0.6823976539968152,
        0.7676907361080618,
        0.3766869198056841,
        -0.5184179697037237
      ],
      "cam_t_m2c": [
        -95.06156440204936,
        -8.25794427795461,
        716.7926984999552
      ],
      "obj_id": 4
    },
    {
      "cam_R_m2c": [
        0.9678032165619824,
        -0.08961814432950795,
        0.23521524046810804,
        -0.23876622861964242,
        -0.622651070198982,
        0.7451816551365478,
        0.07967486321165826,
        -0.7773506525705391,
        -0.6240009699752416
      ],
      "cam_t_m2c": [
        56.235697681473056,
        18.68856234955815,
        753.5999915564327
      ],
      "obj_id": 9
    },
    {
      "cam_R_m2c": [
        -0.9446663537531752,
        0.3267300254449288,
        -0.029217166161844808,
        0.319875599469454,
        0.8977721378625284,
        -0.30279394200572174,
        -0.07270110174591758,
        -0.2953846599289977,
        -0.9526078760034168
      ],
      "cam_t_m2c": [
        -0.4407269731299026,
        -94.82890542015195,
        786.4561047888751
      ],
      "obj_id": 10
    },
    {
      "cam_R_m2c": [
        0.997175042435246,
        0.07488645726794446,
        -0.00588456879104127,
        0.06989300213380649,
        -0.9536738143242249,
        -0.29261000306383866,
        -0.027524697534656785,
        0.2913715209959983,
        -0.9562135432905016
      ],
      "cam_t_m2c": [
        -84.60203478783647,
        -2.017576458875653,
        763.9144457112807
      ],
      "obj_id": 27
    }
  ],
  "254": [
    {
      "cam_R_m2c": [
        0.620249419602508,
        -0.7840177753421794,
        0.024612382518440064,
        -0.5296476149833971,
        -0.4417447754536755,
        -0.7241094083828095,
        0.5785875079279058,
        0.4360929867086021,
        -0.6892459698717895
      ],
      "cam_t_m2c": [
        -1.2181573689293117,
        -108.70069033101895,
        783.4249766356405
      ],
      "obj_id": 1
    },
    {
      "cam_R_m2c": [
        -0.4003540557910699,
        0.7776164904368771,
        -0.48479708471577626,
        0.7478032780582851,
        0.5830185478308988,
        0.3176147348796103,
        0.5296288980715941,
        -0.23537467787778152,
        -0.8149187597115483
      ],
      "cam_t_m2c": [
        -46.50826742219985,
        -109.27944505540816,
        798.1551350010988
      ],
      "obj_id": 4
    },
    {
      "cam_R_m2c": [
        0.6830557832651325,
        0.308784903759153,
        -0.6618804114390338,
        0.5021702870201472,
        -0.8565954996030671,
        0.11861128293686277,
        -0.5303389109544957,
        -0.4133954449266575,
        -0.7401658211294411
      ],
      "cam_t_m2c": [
        8.14098909890654,
        17.254183967157015,
        724.7025661804789
      ],
      "obj_id": 9
    },
    {
      "cam_R_m2c": [
        -0.7229501787320755,
        -0.6905227120584557,
        0.022812591055108914,
        -0.46048251307834503,
        0.4569657382405964,
        -0.7610109472291992,
        0.5150712454317813,
        -0.5606782432146806,
        -0.6483379555079455
      ],
      "cam_t_m2c": [
        86.51484885855875,
        -51.95508955895749,
        802.1927474645967
      ],
      "obj_id": 10
    },
    {
      "cam_R_m2c": [
        0.39508038132257994,
        0.9180729789427368,
        0.032442149218988414,
        0.6374774319622789,
        -0.2485592823349754,
        -0.7292738066541842,
        -0.6614633689253883,
        0.308803130190268,
        -0.6834525832480324
      ],
      "cam_t_m2c": [
        -37.11570219562342,
        -70.31179470571693,
        827.9772109284988
      ],
      "obj_id": 27
    }
  ],
  "280": [
    {
      "cam_R_m2c": [
        0.2132225783471243,
        0.9766983920597708,
        0.024418588848840895,
        0.6645796762413085,
        -0.12667295262881845,
        -0.7364017712723839,
        -0.7161491171189783,
        0.1732448545639383,
        -0.6761036257043197
      ],
      "cam_t_m2c": [
        40.30453393059337,
        -32.90014335027761,
        701.8717158877731
      ],
      "obj_id": 1
    },
    {
      "cam_R_m2c": [
        0.12109491090512313,
        -0.9398242010664021,
        -0.319478277698203,
        0.44165204045059997,
        0.33924670877290336,
        -0.8305750407817355,
        0.8889764612809115,
        -0.04051905880127892,
        0.45615624515861025
      ],
      "cam_t_m2c": [
        78.61150052713907,
        -43.33379908967657,
        728.5872152155846
      ],
      "obj_id": 4
    },
    {
      "cam_R_m2c": [
        -0.9982367766381957,
        0.0468050670686582,
        -0.036503644913662536,
        0.015000749285468474,
        -0.39609062571997705,
        -0.9180887462833025,
        -0.05742926633951648,
        -0.917017605419412,
        0.39468981202822195
      ],
      "cam_t_m2c": [
        -66.94160037423897,
        -46.94616179144992,
        789.7328622050094
      ],
      "obj_id": 9
    },
    {
      "cam_R_m2c": [
        0.9917261878674215,
        -0.12019039546540318,
        0.04509216341647418,
        -0.05232943993964845,
        -0.6992649386849744,
        -0.7129445499207878,
        0.11721974542952161,
        0.704685939897334,
        -0.6997690555350671
      ],
      "cam_t_m2c": [
        -37.14176772446388,
        40.427677529977146,
        698.1655202940836
      ],
      "obj_id": 10
    },
    {
      "cam_R_m2c": [
        -0.9554442099627745,
        -0.2946763439092876,
        0.01708938873462909,
        -0.21406988944773866,
        0.6519007407861528,
        -0.7274608323332212,
        0.2032255103215621,
        -0.6987061258955861,
        -0.6859363229329188
      ],
      "cam_t_m2c": [
        66.50784235372365,
        -4.747888857247003,
        758.4453940367549
      ],
      "obj_id": 27
    }
  ],
  "290": [
    {
      "cam_R_m2c": [
        -0.5999026554918344,
        0.7996788696298713,
        0.025126057417172495,
        0.4213693898937901,
        0.3424872344853331,
        -0.8397328380328594,
        -0.6801214792510417,
        -0.4931702358634754,
        -0.5424188836782496
      ],
      "cam_t_m2c": [
        -7.604418550239731,
        -44.15960140750778,
        693.6253252509288
      ],
      "obj_id": 1
    },
    {
      "cam_R_m2c": [
        0.3530223381808527,
        -0.8146674412187361,
        0.4601010670702973,
        0.696724242473172,
        -0.09931766114290168,
        -0.7104310166953298,
        0.6244608155821001,
        0.5713611855433516,
        0.5325367988821165
      ],
      "cam_t_m2c": [
        38.48343202735097,
        -29.027437500942884,
        692.0007322620378
