{
  "10": [
    {
      "cam_R_m2c": [
        0.8199820351135259,
        -0.003788776502714152,
        -0.5723768069059194,
        0.5484295850478346,
        -0.281091431897761,
        0.7875359711523777,
        -0.16387332931235274,
        -0.959673239432702,
        -0.22841197311086853
      ],
      "cam_t_m2c": [
        24.14054229890455,
        99.77586208571492,
        737.5499266821907
      ],
      "obj_id": 5
    },
    {
      "cam_R_m2c": [
        0.9946657237671668,
        0.008227198983292815,
        0.10282269457584499,
        0.0965058741719198,
        0.2777812604864219,
        -0.955784747718175,
        -0.03642506500137068,
        0.9606088489284,
        0.2755051454706813
      ],
      "cam_t_m2c": [
        48.009148397435126,
        -5.625887583372136,
        742.8789011585533
      ],
      "obj_id": 8
    },
    {
      "cam_R_m2c": [
        0.8543879999245695,
        -0.07782314865187778,
        -0.5137750305992408,
        -0.4950050012115737,
        0.17890194235214774,
        -0.8502731630196521,
        0.15808651607911758,
        0.9807838423598966,
        0.11432824676020657
      ],
      "cam_t_m2c": [
        43.70254786858451,
        -90.42397215460754,
        798.8844976519805
      ],
      "obj_id": 11
    },
    {
      "cam_R_m2c": [
        0.7183463388793645,
        0.046433068962193076,
        0.6941344223348154,
        0.6650128368652023,
        0.24717452432559903,
        -0.704743210074901,
        -0.20429506022170904,
        0.9678575318884917,
        0.14667841152358443
      ],
      "cam_t_m2c": [
        -62.3052861427897,
        -85.46327668305561,
        790.0842247012223
      ],
      "obj_id": 12
    },
    {
      "cam_R_m2c": [
        -0.9988252747113772,
        -0.048456946705320664,
        -0.0002874460068663977,
        0.046136684887613355,
        -0.952780764114921,
        0.30013419667194907,
        -0.014817963588292576,
        0.29976790980334833,
        0.9538966721130145
      ],
      "cam_t_m2c": [
        -102.49823475248446,
        58.37023443395527,
        743.4255802156238
      ],
      "obj_id": 18
    }
  ],
  "101": [
    {
      "cam_R_m2c": [
        -0.6043375062792179,
        -0.0066330770067577725,
        -0.7967008497339765,
        0.7115348872438617,
        -0.4543946171873488,
        -0.535951630878887,
        -0.3584607902011564,
        -0.8907761589954646,
        0.27932685273196484
      ],
      "cam_t_m2c": [
        -108.23454595958333,
        18.558490447018105,
        753.798269278022
      ],
      "obj_id": 5
    },
    {
      "cam_R_m2c": [
        -0.1525786991254409,
        -0.008158817071091992,
        0.9882576716550842,
        0.8890905052451339,
        0.43551808339859754,
        0.14086357788656464,
        -0.4315524434983898,
        0.9001433531084286,
        -0.05919676277455203
      ],
      "cam_t_m2c": [
        -4.838381384561728,
        34.03105836927544,
        719.4619273858049
      ],
      "obj_id": 8
    },
    {
      "cam_R_m2c": [
        0.4873119081551957,
        0.0985813827074356,
        0.8676455919936727,
        0.7780438681778677,
        0.4020889981832812,
        -0.48267245692624533,
        -0.3964524800914069,
        0.9102783334935767,
        0.11924160503627554
      ],
      "cam_t_m2c": [
        90.15831419723445,
        48.75270255247046,
        745.1156716120338
      ],
      "obj_id": 11
    },
    {
      "cam_R_m2c": [
        -0.7206072066623704,
        0.035307745123539874,
        0.6924439895316341,
        0.6084913646694325,
        0.5109430794030879,
        0.6071869172661292,
        -0.3323603694904528,
        0.8588895372816385,
        -0.38967309414807655
      ],
      "cam_t_m2c": [
        87.4884793303718,
        -48.882243150988714,
        788.8628721984007
      ],
      "obj_id": 12
    },
    {
      "cam_R_m2c": [
        -0.01879134537206504,
        0.9998218292978076,
        0.0018021180160489808,
        -0.893411037367856,
        -0.017600566607537005,
        0.44889581097044073,
        0.44884660693893397,
        0.006825263133193011,
        0.8935826411311623
      ],
      "cam_t_m2c": [
        -59.64353674306646,
        -92.88927903532043,
        805.4249437336331
      ],
      "obj_id": 18
    }
  ],
  "109": [
    {
      "cam_R_m2c": [
        -0.9736206789977956,
        -0.010004467150628072,
        -0.22795271261138522,
        0.20813353738254614,
        -0.4483428385464468,
        -0.8692926504831296,
        -0.09350406536384404,
        -0.8938053779350699,
        0.43859797229794006
      ],
      "cam_t_m2c": [
        -101.48933150527768,
        -42.51672887523453,
        785.4892234740194
      ],
      "obj_id": 5
    },
    {
      "cam_R_m2c": [
        -0.7654235679184763,
        -0.006474807855154683,
        0.6434940545130381,
        0.5734596941913274,
        0.4468822971245833,
        0.6866154487591594,
        -0.2920116456598491,
        0.8945690161412428,
        -0.33834111632048436
      ],
      "cam_t_m2c": [
        -42.422889231612395,
        23.041301886655376,
        724.4588089785492
      ],
      "obj_id": 8
    },
    {
      "cam_R_m2c": [
        -0.17697301171884175,
        0.1377405706770579,
        0.9745295523314784,
        0.8797842807896864,
        0.4660071825498429,
        0.0939016375841926,
        -0.44120351687945125,
        0.8739933062878299,
        -0.20365263439298525
      ],
      "cam_t_m2c": [
        30.153222024816415,
        93.18658038566079,
        724.5358088006521
      ],
      "obj_id": 11
    },
    {
      "cam_R_m2c": [
        -0.9973628538698466,
        0.010563963084525238,
        0.07180185082622385,
        0.0667470584712112,
        0.5219610793600804,
        0.8503540721920378,
        -0.028494590554467507,
        0.8529035971749253,
        -0.5212895077420621
      ],
      "cam_t_m2c": [
        97.69724503742434,
        16.56667609824343,
        756.2855406138848
      ],
      "obj_id": 12
    },
    {
      "cam_R_m2c": [
        0.6437593991657105,
        0.7650670575200382,
        -0.01568410126999156,
        -0.6742048818957432,
        0.5767608022671082,
        0.4612974496821092,
        0.3619692988041917,
        -0.2863902139251275,
        0.8871065931792231
      ],
      "cam_t_m2c": [
        14.610233408996699,
        -103.51712772938791,
        811.2933838774413
      ],
      "obj_id": 18
    }
  ],
  "117": [
    {
      "cam_R_m2c": [
        -0.8913088354431006,
        0.015870988465608832,
        0.4531191505620778,
        -0.41393550736262447,
        -0.4362720706560915,
        -0.7989519927828171,
        0.18500348297937189,
        -0.8996749909063951,
        0.39542291033782706
      ],
      "cam_t_m2c": [
        -52.036088271003905,
        -88.48890776684509,
        808.3560992777295
      ],
      "obj_id": 5
    },
    {
      "cam_R_m2c": [
        -0.9999937251928829,
        -0.003492361050223409,
        0.0007980910252498022,
        -0.0008634883928783243,
        0.45123006191052534,
        0.8924073454960957,
        -0.003476470512220943,
        0.8924009974135432,
        -0.45123060522280434
      ],
      "cam_t_m2c": [
        -62.82346184731624,
        -4.140638157320209,
        739.7547983164162
      ],
      "obj_id": 8
    },
    {
      "cam_R_m2c": [
        -0.7720774662345049,
        0.07164823880839911,
        0.6314769901758017,
        0.5562781632405471,
        0.5566860951589157,
        0.6169727678871548,
        -0.3073294600698827,
        0.8276275148472799,
        -0.4696615647883306
      ],
      "cam_t_m2c": [
        -48.59058401348748,
        93.89005737648112,
        723.1498797645838
      ],
      "obj_id": 11
    },
    {
      "cam_R_m2c": [
        -0.8092098765730948,
        -0.037030265753895744,
        -0.5863517737917814,
        -0.525954929688631,
        0.4904123361346534,
        0.6948865797000007,
        0.2618227443337759,
        0.8707036141648333,
        -0.4163228771286917
      ],
      "cam_t_m2c": [
        56.6937795358416,
        71.90535316598304,
        727.6052276491524
      ],
      "obj_id": 12
    },
    {
      "cam_R_m2c": [
        0.9838432191532297,
        0.1787096710259304,
        0.010753427060193698,
        -0.16474599290747965,
        0.8801844593081405,
        0.4451227614884191,
        0.07008254003969724,
        -0.4397030001042732,
        0.895405157799799
      ],
      "cam_t_m2c": [
        78.57094845316242,
        -66.07596301855087,
        793.9649983040428
      ],
      "obj_id": 18
    }
  ],
  "144": [
    {
      "cam_R_m2c": [
        0.9408782402570665,
        0.005158764632515363,
        0.3387050132768116,
        -0.267656853194538,
        -0.6015279620612816,
        0.7526777289547473,
        0.20762337121717525,
        -0.7988348979635965,
        -0.5645837795939064
      ],
      "cam_t_m2c": [
        90.75333033846461,
        12.066780268796657,
        753.3754353600453
      ],
      "obj_id": 5
    },
    {
      "cam_R_m2c": [
        0.6562421114283258,
        -0.006267918997018744,
        -0.7545240757912605,
        -0.607791417939944,
        0.5881819523876863,
        -0.5335085878958247,
        0.4471413831487511,
        0.808704145325692,
        0.382180183580489
      ],
      "cam_t_m2c": [
        21.70252851227342,
        -66.52571578492201,
        780.2488973526804
      ],
      "obj_id": 8
    },
    {
      "cam_R_m2c": [
        0.06635589322534477,
        -0.13311243386433416,
        -0.9888769122925626,
        -0.8051636451587523,
        0.5782076522269209,
        -0.13186076080022724,
        0.589328469043556,
        0.8049575614929116,
        -0.06880978063803113
      ],
      "cam_t_m2c": [
        -59.042000738567125,
        -93.36111051452252,
        834.4516801302043
      ],
      "obj_id": 11
    },
    {
      "cam_R_m2c": [
        0.9805063944867377,
        -0.010544152534206937,
        -0.19620297995766134,
        -0.15957800269199537,
        0.5398609030105461,
        -0.8264895132353532,
        0.11463690264284002,
        0.841688008286684,
        0.5276544249105729
      ],
      "cam_t_m2c": [
        -114.76926173548145,
        -22.470974312631924,
        772.8938276819724
      ],
      "obj_id": 12
    },
    {
      "cam_R_m2c": [
        -0.5442149158147352,
        -0.8389455531651079,
        0.00023012822523656753,
        0.6721491126398818,
        -0.43585177024935723,
        0.5985387658981168,
        -0.5020410808176851,
        0.3258884324465225,
        0.8010936213561226
      ],
      "cam_t_m2c": [
        -16.86572450985548,
        71.41730579411895,
        701.4607239435937
      ],
      "obj_id": 18
    }
  ],
  "154": [
    {
      "cam_R_m2c": [
        0.8758120233122902,
        0.014445857724236276,
        -0.48243587468481675,
        0.38874477781564226,
        -0.6135316314344652,
        0.6873551238543196,
        -0.2860601768603906,
        -0.7895375146636177,
        -0.5429543214368224
      ],
      "cam_t_m2c": [
        33.08231895692051,
        61.19478171706685,
        712.7969753953585
      ],
      "obj_id": 5
    },
    {
      "cam_R_m2c": [
        0.9997389374529189,
        0.004157476259635929,
        0.022461717587452083,
        0.015323682811457842,
        0.6071586083242917,
        -0.7944332875280071,
        -0.016940527792012362,
        0.794569295168566,
        0.606936526074626
      ],
      "cam_t_m2c": [
        48.06818242290472,
        -35.802729619909265,
        756.6250233083077
      ],
      "obj_id": 8
    },
    {
      "cam_R_m2c": [
        0.7928948872572991,
        -0.08600569340329421,
        -0.6032582182071256,
        -0.48192098587653914,
        0.5173576841080674,
        -0.7071731263825166,
        0.3729213938877692,
        0.8514359638643635,
        0.3687624484889609
      ],
      "cam_t_m2c": [
        36.483364385161096,
        -95.04088158252816,
        837.139260834626
      ],
      "obj_id": 11
    },
    {
      "cam_R_m2c": [
        0.7866065925672862,
        0.03565883770846237,
        0.6164237767369979,
        0.49216343211776925,
        0.5666498292746353,
        -0.6608205220603772,
        -0.37286050058552167,
        0.8231862455507607,
        0.4281807663295374
      ],
      "cam_t_m2c": [
        -70.69897091692765,
        -85.5650973136084,
        822.480205984973
      ],
      "obj_id": 12
    },
    {
      "cam_R_m2c": [
        -0.9908233791515281,
        -0.13455023418369463,
        -0.012846789199082208,
        0.10149724909354788,
        -0.8034349110894382,
        0.5866782103525321,
        -0.0892593838878883,
        0.5799906578138091,
        0.8097177770056058
      ],
      "cam_t_m2c": [
        -97.15240085645262,
        33.9110737743521,
        726.2739629309463
      ],
      "obj_id": 18
    }
  ],
  "16": [
    {
      "cam_R_m2c": [
        0.44480924959510115,
        -0.00712000254421338,
        -0.8955967843235866,
        0.8559741482848898,
        -0.2908649111259446,
        0.4274419614599905,
        -0.26354146578292237,
        -0.9567378527637389,
        -0.12328498465986279
      ],
      "cam_t_m2c": [
        -30.027308869032463,
        101.84504965332988,
        734.8874243274115
      ],
      "obj_id": 5
    },
    {
      "cam_R_m2c": [
        0.8030110444772594,
        -0.009446424560455668,
        0.5958888927255418,
        0.5701974052174013,
        0.3030070469630709,
        -0.7635852451522323,
        -0.1733456984913352,
        0.9529417064085045,
        0.2487046084208289
      ],
      "cam_t_m2c": [
        42.78625944172616,
        20.49098044837435,
        733.5401232951066
      ],
      "obj_id": 8
    },
    {
      "cam_R_m2c": [
        0.9989618860051424,
        -0.019020274501390606,
        -0.04138772495319494,
        -0.037864411502009344,
        0.15827197182142794,
        -0.9866696763670197,
        0.02531716820580817,
        0.9872125905619984,
        0.1573878640020117
      ],
      "cam_t_m2c": [
        87.42012193568011,
        -52.47551549912685,
        787.7549590962292
      ],
      "obj_id": 11
    },
    {
      "cam_R_m2c": [
        0.27598741421037754,
        0.0693385882908139,
        0.958656690389432,
        0.9167577986538116,
        0.2806638833753951,
        -0.28422473673661863,
        -0.288768471132089,
        0.9572984717429923,
        0.01389305005433454
      ],
      "cam_t_m2c": [
        -7.88848462888873,
        -99.496761820863,
        794.2382387761999
      ],
      "obj_id": 12
    },
    {
      "cam_R_m2c": [
        -0.8949574682383444,
        0.4457379089785743,
        -0.019193882081056338,
        -0.43258571801460804,
        -0.8564134533892159,
        0.28182686392406503,
        0.10918327989362969,
        0.26052637033805487,
        0.9592734849205639
      ],
      "cam_t_m2c": [
        -118.13105937476728,
        5.411909154834267,
        759.4278125459685
      ],
      "obj_id": 18
    }
  ],
  "163": [
    {
      "cam_R_m2c": [
        0.28886453924176114,
        0.0006177009124708,
        -0.957370190993463,
        0.7649088055171033,
        -0.6015210051797931,
        0.23040567344618418,
        -0.5757357725412843,
        -0.7988560759691621,
        -0.1742304955839328
      ],
      "cam_t_m2c": [
        -45.22814760235037,
        61.885484024118604,
        710.7784388400024
      ],
      "obj_id": 5
    },
    {
      "cam_R_m2c": [
        0.7036928942484462,
        -0.019318923994841797,
        0.7102421192059656,
        0.5753252984874346,
        0.6020623796083735,
        -0.5536438168937657,
        -0.4169141243910211,
        0.7982146274693054,
        0.4347815495877657
      ],
      "cam_t_m2c": [
        38.86535950463291,
        -3.049187809796972,
        732.422006135415
      ],
      "obj_id": 8
    },
    {
      "cam_R_m2c": [
        0.9884162727695697,
        0.024473504452889597,
        0.14978354122798884,
        0.11798767306111665,
        0.49685012768995646,
        -0.8597782435595598,
        -0.09546175659109962,
        0.8674905583262076,
        0.48820709604490625
      ],
      "cam_t_m2c": [
        97.6291040260592,
        -46.418101638663316,
        801.8118496598792
      ],
      "obj_id": 11
    },
    {
      "cam_R_m2c": [
        0.10816321201730596,
        0.06583781609252727,
        0.9919510506909593,
        0.7848245981932063,
        0.6068040696017905,
        -0.12585283136476866,
        -0.6102056211573009,
        0.7921193875023177,
        0.013962748591809812
      ],
      "cam_t_m2c": [
        10.98560354889428,
        -99.91596243128505,
        832.5462394937431
      ],
      "obj_id": 12
    },
    {
      "cam_R_m2c": [
        -0.7993396398836534,
        0.6008550560694205,
        0.005487453621962678,
        -0.4763751508971623,
        -0.6392527073190448,
        0.6036741529792421,
        0.3662284490061438,
        0.47992641770337097,
        0.7972116048446792
      ],
      "cam_t_m2c": [
        -116.45809243734449,
        -32.551531658578924,
        775.4542553849575
      ],
      "obj_id": 18
    }
  ],
  "179": [
    {
      "cam_R_m2c": [
        -0.9054607379754929,
        0.022551302359250788,
        -0.4238313374086069,
        0.3246613809221617,
        -0.6063988509938469,
        -0.7258626564418593,
        -0.2733797756408063,
        -0.794840725963267,
        0.5417487186649498
      ],
      "cam_t_m2c": [
        -107.03034671668954,
        -31.98638070402429,
        781.4732107995349
      ],
      "obj_id": 5
    },
    {
      "cam_R_m2c": [
        -0.5983597103721359,
        -0.0008944409678678132,
        0.801227537039699,
        0.6368885269516547,
        0.6062220901902888,
        0.4763076221621132,
        -0.48614763267031436,
        0.79529484497908,
        -0.36216923448629
      ],
      "cam_t_m2c": [
        -29.147690272441118,
        11.356689322047085,
        720.0274522425732
      ],
      "obj_id": 8
    },
    {
      "cam_R_m2c": [
        0.01679659600953482,
        0.11912685228546056,
        0.9927373130732492,
        0.8000651286771608,
        0.5938901576500217,
        -0.08480241264155156,
        -0.5996789830468222,
        0.795677807689548,
        -0.08533390719404743
      ],
      "cam_t_m2c": [
        53.476704148018925,
        66.48174497889404,
        718.2960652713502
      ],
      "obj_id": 11
    },
    {
      "cam_R_m2c": [
        -0.9579128356677018,
        0.009249561710561967,
        0.28691141769941614,
        0.22560571766855006,
        0.6422687025421746,
        0.732525877261112,
        -0.17749849716821375,
        0.7664237265209629,
        -0.6173239721219945
      ],
      "cam_t_m2c": [
        100.9438912774305,
        -14.665207079303329,
        772.2413412960672
      ],
      "obj_id": 12
    },
    {
      "cam_R_m2c": [
        0.45739955306827557,
        0.889261673571459,
        0.00020453213357325077,
        -0.7066544192469484,
        0.36333440029264674,
        0.6071481010257647,
        0.5398390028019311,
        -0.2778538574134592,
        0.7945886004022144
      ],
      "cam_t_m2c": [
        -7.212032657285058,
        -104.68313311951434,
        832.8303492201336
      ],
      "obj_id": 18
    }
  ],
  "190": [
    {
      "cam_R_m2c": [
        -0.8724034267679975,
        0.008675588910429266,
        0.4887097345885129,
        -0.40019386543759794,
        -0.5867370546847523,
        -0.7039775196698542,
        0.2806364077031505,
        -0.8097306925958736,
        0.5153437584599677
      ],
      "cam_t_m2c": [
        -48.47494505893594,
        -90.49501135819155,
        827.5105059757581
      ],
      "obj_id": 5
    },
    {
      "cam_R_m2c": [
        -0.9999157844878499,
        -0.0033845973051797574,
        -0.012537065735132653,
        -0.012013679595760801,
        0.60755062919158,
        0.7941899991554887,
        0.004928424470566514,
        0.7942733890772994,
        -0.6075403626635598
      ],
      "cam_t_m2c": [
        -62.16594155959661,
        -20.73101681317643,
        743.8317894903532
      ],
      "obj_id": 8
    },
    {
      "cam_R_m2c": [
        -0.7928411431038197,
        0.058156035796617524,
        0.6066473428103425,
        0.47748642988398193,
        0.6778365340107707,
        0.5590565195290041,
        -0.37869573118356564,
        0.7329085435103164,
        -0.5651852764231876
      ],
      "cam_t_m2c": [
        -51.67462531931209,
        73.50614134875543,
        711.4539874565955
      ],
      "obj_id": 11
    },
    {
      "cam_R_m2c": [
        -0.7754705907072496,
        -0.046218266865826765,
        -0.6296899767556431,
        -0.5076615398790248,
        0.6386134750851727,
        0.5783186238887682,
        0.3753994028602861,
        0.7681380804392145,
        -0.5186896350257764
      ],
      "cam_t_m2c": [
        55.148629549961804,
        56.04306089934097,
        716.4917329842638
      ],
      "obj_id": 12
    },
    {
      "cam_R_m2c": [
        0.9889369851715752,
        0.1481510573429152,
        -0.007422894554297216,
        -0.11508738658972485,
        0.7978755206782195,
        0.5917342329003468,
        0.09358908760514463,
        -0.5843337548640457,
        0.8060985805606145
      ],
      "cam_t_m2c": [
        82.35103236581992,
        -66.22188956449067,
        806.2394106033742
      ],
      "obj_id": 18
    }
  ],
  "203": [
    {
      "cam_R_m2c": [
        0.057087047829239436,
        0.020970524062389737,
        0.9981489623047654,
        -0.8020696740660542,
        -0.5943712458729224,
        0.05836022180787003,
        0.5944950002008678,
        -0.8039174435122441,
        -0.017111010227935743
      ],
      "cam_t_m2c": [
        61.26907729417071,
        -73.95360951003302,
        816.9586300807473
      ],
      "obj_id": 5
    },
    {
      "cam_R_m2c": [
        -0.3933163663990369,
        -0.0025785348356614883,
        -0.9193995956409213,
        -0.7312517331096026,
        0.6070182889187826,
        0.3111246923348887,
        0.557290187798596,
        0.7946838027830531,
        -0.24063588242605333
      ],
      "cam_t_m2c": [
        -38.66848853541427,
        -64.98513325377643,
        776.265329569641
      ],
      "obj_id": 8
    },
    {
      "cam_R_m2c": [
        -0.874550765224993,
        -0.09113897010624439,
        -0.47629264734498544,
        -0.4001384618380075,
        0.6904840270052909,
        0.6025942914413682,
        0.27395263639811135,
        0.7175831000370128,
        -0.6403317763951093
      ],
      "cam_t_m2c": [
        -120.32443371828676,
        -8.49013751328398,
        769.0495861062175
      ],
      "obj_id": 11
    },
    {
      "cam_R_m2c": [
        0.23234835061136838,
        -0.08120723514409268,
        -0.9692366426570119,
        -0.7653915434996295,
        0.5996239942323582,
        -0.2337214584893383,
        0.600157528281932,
        0.7961511404098733,
        0.07716621066413466
      ],
      "cam_t_m2c": [
        -59.88215685776136,
        59.57938049577815,
        711.1001985094852
      ],
      "obj_id": 12
    },
    {
      "cam_R_m2c": [
        0.5578919459838697,
        -0.829800157426843,
        -0.013722799556080226,
        0.6697385726000209,
        0.4403910186914498,
        0.5979170922811732,
        -0.490108359917731,
        -0.34276393491431456,
        0.8014405959247897
      ],
      "cam_t_m2c": [
        88.790411154191,
        26.12663907690792,
        735.583127285883
      ],
      "obj_id": 18
    }
  ],
  "216": [
    {
      "cam_R_m2c": [
        0.9459127448086526,
        0.031254734813780195,
        0.32291146655321096,
        -0.19935872026201562,
        -0.7292425831203156,
        0.6545701390005736,
        0.2559392212884933,
        -0.6835410364463363,
        -0.6835690835967202
      ],
      "cam_t_m2c": [
        90.36284669691591,
        1.15180528375099,
        750.965886621578
      ],
      "obj_id": 5
    },
    {
      "cam_R_m2c": [
        0.699455422919545,
        -0.020212857948021846,
        -0.7143900544429799,
        -0.48329038358134785,
        0.7230124364376763,
        -0.49364373935448735,
        0.526490921911356,
        0.6905392189932951,
        0.49594639457777145
      ],
      "cam_t_m2c": [
        22.094553132658493,
        -71.7290632258062,
        794.1360975944616
      ],
      "obj_id": 8
    },
    {
      "cam_R_m2c": [
        0.09933751529523702,
        -0.1652552088013438,
        -0.9812351239872149,
        -0.6743964145831226,
        0.7139016986345877,
        -0.1885060855892582,
        0.7316571705131628,
        0.6804667717524386,
        -0.040530201526295336
      ],
      "cam_t_m2c": [
        -56.406298898199786,
        -90.31984958699975,
        854.533129248835
      ],
      "obj_id": 11
    },
    {
      "cam_R_m2c": [
        0.9863055472163631,
        -0.01329161374446355,
        -0.16439069611418614,
        -0.11093095899035793,
        0.6841311378331633,
        -0.7208742001397666,
        0.12204637228422577,
        0.7292378337471499,
        0.6732880507762243
      ],
      "cam_t_m2c": [
        -114.23769092425894,
        -34.26569786629396,
        783.9421093695235
      ],
      "obj_id": 12
    },
    {
      "cam_R_m2c": [
        -0.5812596113314008,
        -0.8135351589133163,
        -0.017245548827048467,
        0.5496002362003116,
        -0.40813416490783555,
        0.7289490988700482,
        -0.6000643157062097,
        0.41423060157841074,
        0.6843506003975637
      ],
      "cam_t_m2c": [
        -21.32388338312277,
        47.939278458446495,
        692.6880777801033
      ],
      "obj_id": 18
    }
  ],
  "225": [
    {
      "cam_R_m2c": [
        0.8925018667961274,
        -0.0013308536582617187,
        -0.45104222849995357,
        0.30822884853529475,
        -0.7282709675431503,
        0.6120591471246197,
        -0.3292948329217321,
        -0.6852878652112047,
        -0.6495726925048176
      ],
      "cam_t_m2c": [
        35.98069436308401,
        40.683265539971245,
        706.4946958085562
      ],
      "obj_id": 5
    },
    {
      "cam_R_m2c": [
        0.9996197997893463,
        -0.010568465249437864,
        -0.025475343742664858,
        -0.009130964740150398,
        0.7447837429455804,
        -0.6672434600173881,
        0.0260258410412111,
        0.6672220937068892,
        0.7444034976854698
      ],
      "cam_t_m2c": [
        46.848332253184886,
        -49.406572815201265,
        767.889336340396
      ],
      "obj_id": 8
    },
    {
      "cam_R_m2c": [
        0.7772961434717314,
        -0.10845307224102196,
        -0.6197169373489987,
        -0.4150593529274854,
        0.651853436466776,
        -0.6346753748139208,
        0.4727971362581335,
        0.7505496372607774,
        0.4616679933201522
      ],
      "cam_t_m2c": [
        30.435632035292734,
        -92.32071972916859,
        857.6246200986324
      ],
      "obj_id": 11
    },
    {
      "cam_R_m2c": [
        0.8177519958591438,
        0.02998165187529732,
        0.5747896911378744,
        0.4025521932175312,
        0.683970958000619,
        -0.608387615127567,
        -0.4113791875244366,
        0.7288927389714672,
        0.5472492872034445
      ],
      "cam_t_m2c": [
        -73.77889982744641,
        -81.87015921705932,
        837.0340063877047
      ],
      "obj_id": 12
    },
    {
      "cam_R_m2c": [
        -0.9852796791773138,
        -0.1709435103576528,
        -0.0016485773810116563,
        0.11414748571488133,
        -0.6650351886105264,
        0.7380369773380415,
        -0.12725936857207848,
        0.7269839956704975,
        0.6747581370373963
      ],
      "cam_t_m2c": [
        -94.36623053050963,
        18.6809086113188,
        721.9181075794179
      ],
      "obj_id": 18
    }
  ],
  "233": [
    {
      "cam_R_m2c": [
        0.40676742314268816,
        0.024287163433919408,
        -0.9132090188785519,
        0.6201676803580275,
        -0.7413416624570411,
        0.2565227402284325,
        -0.6707704379025226,
        -0.6706875639278668,
        -0.31661604561331785
      ],
      "cam_t_m2c": [
        -32.91179717481808,
        44.182105251933145,
        700.1434604125067
      ],
      "obj_id": 5
    },
    {
      "cam_R_m2c": [
        0.7877414717252523,
        -0.005975375055143429,
        0.6159772619115896,
        0.42342838440722685,
        0.7315187238504672,
        -0.5344044369717231,
        -0.4474061684888379,
        0.6817945281999384,
        0.5787783965809493
      ],
      "cam_t_m2c": [
        40.99382149786,
        -23.181886326289273,
        739.4025858580053
      ],
      "obj_id": 8
    },
    {
      "cam_R_m2c": [
        0.9999268914405787,
        -0.005530493134767671,
        0.010767289088404911,
        0.011777154227124505,
        0.6499993978434688,
        -0.7598430020379664,
        -0.002796458520084007,
        0.7599141412635932,
        0.6500178587709466
      ],
      "cam_t_m2c": [
        91.52553072023929,
        -56.56125004754628,
        820.148651041757
      ],
      "obj_id": 11
    },
    {
      "cam_R_m2c": [
        0.24303363313713278,
        0.0444491556321022,
        0.9689990935515069,
        0.6707095258231766,
        0.7139739955905863,
        -0.20097074173852136,
        -0.7007739301216315,
        0.6987593055352758,
        0.14370740090608855
      ],
      "cam_t_m2c": [
        -4.242835814579038,
        -96.1836609166548,
        854.0900223491375
      ],
      "obj_id": 12
    },
    {
      "cam_R_m2c": [
        -0.86600126737232,
        0.49931597763770996,
        -0.026938355418142754,
        -0.35192961912624127,
        -0.5703358020992049,
        0.7422007425701344,
        0.35522920610618497,
        0.6522278809298921,
        0.6696353586998858
      ],
      "cam_t_m2c": [
        -117.65459057379026,
        -29.891410377779348,
        772.2073283300194
      ],
      "obj_id": 18
    }
  ],
  "238": [
    {
      "cam_R_m2c": [
        -0.01860900575966743,
        0.005189280092607922,
        -0.9998137672126931,
        0.6700977500329682,
        -0.742093527751409,
        -0.016323981234057764,
        -0.7420395243110752,
        -0.6702759046770388,
        0.010333068777059452
      ],
      "cam_t_m2c": [
        -73.44613238126834,
        29.372458315943728,
        715.6803748320949
      ],
      "obj_id": 5
    },
    {
      "cam_R_m2c": [
        0.4503174584857918,
        -0.025439326829050295,
        0.8925064906688727,
        0.6198864931754953,
        0.7283361841423818,
        -0.2920058842217072,
        -0.6426162283967496,
        0.6847472293478735,
        0.34375107974877966
      ],
      "cam_t_m2c": [
        26.17313624607107,
        -11.321643340944183,
        726.6792434550489
      ],
      "obj_id": 8
    },
    {
      "cam_R_m2c": [
        0.9056224384340191,
        0.04474408166134738,
        0.421718815008239,
        0.2906365432153345,
        0.658690677548404,
        -0.6940153342752167,
        -0.3088358058611727,
        0.7510818179000881,
        0.5835201311846754
      ],
      "cam_t_m2c": [
        105.03091543504243,
        -24.787387207763963,
        786.9701194257361
      ],
      "obj_id": 11
    },
    {
      "cam_R_m2c": [
        -0.1784906651814979,
        0.059054754729519154,
        0.9821682246823727,
        0.6567739765282377,
        0.7504247254562684,
        0.07423578979135857,
        -0.7326587136390619,
        0.6583120492421132,
        -0.17273003604871798
      ],
      "cam_t_m2c": [
        42.714069538628,
        -88.4678667458141,
        845.3456702524859
      ],
      "obj_id": 12
    },
    {
      "cam_R_m2c": [
        -0.5717619337780211,
        0.8204197594521405,
        -0.0006800105655318759,
        -0.5580143393375919,
        -0.3882798767241875,
        0.7333887276044775,
        0.601422638972229,
        0.41970229896043154,
        0.6798088158128341
      ],
      "cam_t_m2c": [
        -106.32678194072798,
        -61.38313025284706,
        807.5091623348579
      ],
      "obj_id": 18
    }
  ],
  "24": [
    {
      "cam_R_m2c": [
        -0.23798430030725268,
        0.006189693263242262,
        -0.9712491461917437,
        0.9342340780796373,
        -0.27204551300739566,
        -0.23064847057519183,
        -0.26565159736015165,
        -0.9622648095574797,
        0.05896049299123836
      ],
      "cam_t_m2c": [
        -87.97931797918393,
        65.11936488301308,
        745.5699146420117
      ],
      "obj_id": 5
    },
    {
      "cam_R_m2c": [
        0.24548101010576226,
        -0.01900063134226027,
        0.9692150447089515,
        0.9271729056173261,
        0.29648092935485504,
        -0.2290202000151883,
        -0.2830024980326996,
        0.9548500788862794,
        0.09039680454617603
      ],
      "cam_t_m2c": [
        16.967719149151275,
        45.81948791983062,
        726.8061087491244
      ],
      "obj_id": 8
    },
    {
      "cam_R_m2c": [
        0.7954641952597286,
        0.08178503803815017,
        0.6004562256581508,
        0.5811786091095195,
        0.17772427218620673,
        -0.7941324162813103,
        -0.17166429717693274,
        0.9806762148142391,
        0.09384134470231476
      ],
      "cam_t_m2c": [
        106.2829397790404,
        21.267262793567337,
        765.9495843812019
      ],
      "obj_id": 11
    },
    {
      "cam_R_m2c": [
        -0.4072675117573803,
        0.04267167774308605,
        0.912311373879186,
        0.872897975506132,
        0.3120357234051298,
        0.3750781630056709,
        -0.2686684193534012,
        0.9491119011738315,
        -0.16433058447290463
      ],
      "cam_t_m2c": [
        61.36747985090487,
        -75.19271401193569,
        787.1231746829221
      ],
      "obj_id": 12
    },
    {
      "cam_R_m2c": [
        -0.4010209247157085,
        0.9159125638948941,
        -0.016916122099039057,
        -0.8779283037880795,
        -0.37898578100131863,
        0.2925960574175274,
        0.26158176520397475,
        0.13218782528474984,
        0.956086828511741
      ],
      "cam_t_m2c": [
        -92.00095844901848,
        -62.60371342638366,
        778.9259165355552
      ],
      "obj_id": 18
    }
  ],
  "251": [
    {
      "cam_R_m2c": [
        -0.9224368920609225,
        0.028328772386082043,
        -0.3851061198460732,
        0.23997165744972462,
        -0.7392854963344094,
        -0.6291818070242948,
        -0.30252775610681126,
        -0.6727954930986665,
        0.6751472794372265
      ],
      "cam_t_m2c": [
        -107.23434259286987,
        -42.12017933152978,
        792.2995976495348
      ],
      "obj_id": 5
    },
    {
      "cam_R_m2c": [
        -0.6376381923572134,
        -0.00529081693020927,
        0.7703172137024688,
        0.5216065071909995,
        0.7328931852636642,
        0.43679906225140575,
        -0.5668722023436038,
        0.6803226604876579,
        -0.464561782885196
      ],
      "cam_t_m2c": [
        -32.38984311865598,
        -8.398976156323577,
        721.8085495670917
      ],
      "obj_id": 8
    },
    {
      "cam_R_m2c": [
        -0.00740799535895064,
        0.10264302865167702,
        0.9946902005368252,
        0.6772567809799183,
        0.732357928508223,
        -0.07052879484705042,
        -0.7357097916156478,
        0.6731386075461797,
        -0.07494113193789151
      ],
      "cam_t_m2c": [
        48.60086020483158,
        48.23626183521637,
        706.693420114898
      ],
      "obj_id": 11
    },
    {
      "cam_R_m2c": [
        -0.9676745402049162,
        0.013401514517674757,
        0.2518441107701902,
        0.1676345136524047,
        0.7802441545328826,
        0.6025918443050143,
        -0.1884244908225204,
        0.6253308752938938,
        -0.757270210944612
      ],
      "cam_t_m2c": [
        100.2333874008421,
        -19.886667923701324,
        773.4193063825668
      ],
      "obj_id": 12
    },
    {
      "cam_R_m2c": [
        0.5034590724384204,
        0.8638920936775794,
        -0.014780784823473234,
        -0.5715698349510407,
        0.34583095290727284,
        0.7441156137071393,
        0.6479483070957932,
        -0.36618417295805317,
        0.6678868306673893
      ],
      "cam_t_m2c": [
        -3.72122336336383,
        -100.70958201979488,
        853.9532537609099
      ],
      "obj_id": 18
    }
  ],
  "261": [
    {
      "cam_R_m2c": [
        -0.8869257940475197,
        0.007111374970714229,
        0.4618571531876597,
        -0.32105802609612183,
        -0.7283548025300997,
        -0.6053268204704253,
        0.33209153995574126,
        -0.6851625605581595,
        0.6482802301013855
      ],
      "cam_t_m2c": [
        -51.70723810106742,
        -85.87973920893918,
        843.7703654775802
      ],
      "obj_id": 5
    },
    {
      "cam_R_m2c": [
        -0.999694010851089,
        -0.00046653462976919464,
        0.02473153188856236,
        0.016341076725326132,
        0.7381113066199976,
        0.6744806573949907,
        -0.018569149870019046,
        0.6746780703228251,
        -0.7378783719542777
      ],
      "cam_t_m2c": [
        -61.687412520640336,
        -33.036495012345156,
        748.2126505411958
      ],
      "obj_id": 8
    },
    {
      "cam_R_m2c": [
        -0.7679158546969032,
        0.06469271617903984,
        0.637275498682966,
        0.4130529289784993,
        0.8104197541988898,
        0.41545949383705355,
        -0.48958368043361955,
        0.5822660443755411,
        -0.6490561543136704
      ],
      "cam_t_m2c": [
        -46.38257610196531,
        53.997725973826405,
        699.6307406019615
      ],
      "obj_id": 11
    },
    {
      "cam_R_m2c": [
        -0.8034382926994591,
        -0.04420875934298369,
        -0.5937444450048094,
        -0.4018547368627131,
        0.7760957081223623,
        0.4859914852692825,
        0.4393178778640663,
        0.6290628168199137,
        -0.641310830196726
      ],
      "cam_t_m2c": [
        58.94582484091978,
        34.687595795257884,
        713.0216762158559
      ],
      "obj_id": 12
    },
    {
      "cam_R_m2c": [
        0.9835178789874848,
        0.18072803479948385,
        -0.005471576452247507,
        -0.1206604494095511,
        0.6785703466301917,
        0.724557013690729,
        0.134660571014098,
        -0.7119551258717072,
        0.6891924334088655
      ],
      "cam_t_m2c": [
        79.68662877235383,
        -70.55543105062456,
        822.0992820328395
      ],
      "obj_id": 18
    }
  ],
  "269": [
    {
      "cam_R_m2c": [
        -0.4157604284290604,
        0.013289454960477473,
        0.9093768467792601,
        -0.6199075520873081,
        -0.7357772645622225,
        -0.2726646889830606,
        0.6654756650947862,
        -0.6770926927430442,
        0.314145494420238
      ],
      "cam_t_m2c": [
        16.81818708075449,
        -90.57667665699627,
        848.7359366707511
      ],
      "obj_id": 5
    },
    {
      "cam_R_m2c": [
        -0.7809458174932508,
        -0.0001956888519326811,
        -0.624598406233976,
        -0.42673637502218903,
        0.7303822231127727,
        0.5333268041888054,
        0.45609149271641225,
        0.6830381284738088,
        -0.5704728168229287
      ],
      "cam_t_m2c": [
        -55.69218796314667,
        -58.78279925909136,
        775.9572382876976
      ],
      "obj_id": 8
    },
    {
      "cam_R_m2c": [
