{
    "5": [
        {
            "cam_R_m2c": [
                0.9116953200876807,
                -0.32920469546590286,
                0.24583773246915708,
                -0.4011260154572715,
                -0.5836480363953476,
                0.7060117377509493,
                -0.0889399553408602,
                -0.742279908510692,
                -0.6641619209560883
            ],
            "cam_t_m2c": [
                60.34218988590782,
                68.54137537596456,
                756.7358304962298
            ],
            "obj_id": 5
        },
        {
            "cam_R_m2c": [
                0.9428679916008588,
                0.029421276973522745,
                0.33186539423083794,
                0.2763354200795787,
                0.4873849333341202,
                -0.8283080623509728,
                -0.18611625961903863,
                0.8726915529376726,
                0.45141013194982227
            ],
            "cam_t_m2c": [
                42.56457710596115,
                -13.75355619702081,
                742.8707681176994
            ],
            "obj_id": 8
        },
        {
            "cam_R_m2c": [
                -0.00394393766196698,
                -0.4307810530647846,
                -0.9024483548543099,
                -0.993737497186141,
                0.10246595112354653,
                -0.044568658650209356,
                0.11167013384151803,
                0.8966207814023269,
                -0.42848685024099475
            ],
            "cam_t_m2c": [
                -12.030003768347918,
                -108.47665424322452,
                789.9430972111334
            ],
            "obj_id": 11
        },
        {
            "cam_R_m2c": [
                0.8575288657683984,
                -0.5002326230870776,
                -0.12005253821590392,
                0.011132903195314028,
                0.25135761835759823,
                -0.9678299846371191,
                0.5143160635543633,
                0.8286054558752793,
                0.22111595800744904
            ],
            "cam_t_m2c": [
                -104.35914243700918,
                -50.094572509064136,
                794.0656928813274
            ],
            "obj_id": 12
        },
        {
            "cam_R_m2c": [
                -0.746935165260104,
                -0.5330635652034748,
                -0.39740663071784516,
                0.642143241433658,
                -0.7333654329996028,
                -0.22322042176250267,
                -0.1724539386005863,
                -0.4219223824552787,
                0.8900791211312556
            ],
            "cam_t_m2c": [
                -62.18495110838623,
                77.35017629482009,
                737.436539799831
            ],
            "obj_id": 18
        }
    ],
    "10": [
        {
            "cam_R_m2c": [
                0.9538442978464181,
                -0.24020597550885625,
                -0.1802289464640357,
                -0.02676641508100281,
                -0.6657748248772413,
                0.7456724556606379,
                -0.2991063861139706,
                -0.7064307795435407,
                -0.6414750658666576
            ],
            "cam_t_m2c": [
                10.549029706745849,
                107.81680335640168,
                736.799655106948
            ],
            "obj_id": 5
        },
        {
            "cam_R_m2c": [
                0.6977270763071511,
                0.2316226338764654,
                0.6778849754028576,
                0.5754984689786414,
                0.3822713788625134,
                -0.7229595777700094,
                -0.4265893931386673,
                0.8945496210377394,
                0.13342220469258784
            ],
            "cam_t_m2c": [
                38.87365012306566,
                -19.564230079785467,
                739.5909755735032
            ],
            "obj_id": 8
        },
        {
            "cam_R_m2c": [
                0.9852668099103057,
                0.04657571096124394,
                -0.16456060684473553,
                -0.1528519560534825,
                0.6714354063321764,
                -0.7251283572200389,
                0.076718609381317,
                0.7395975197022402,
                0.6686619878953919
            ],
            "cam_t_m2c": [
                29.7081148936355,
                -96.09937573970863,
                798.9867320909344
            ],
            "obj_id": 11
        },
        {
            "cam_R_m2c": [
                0.20419697249774652,
                -0.3207919146621031,
                0.924876254544569,
                0.9658920325324114,
                0.21970595581385696,
                -0.1370481018700355,
                -0.159236256301899,
                0.9213149938373184,
                0.3547137950196971
            ],
            "cam_t_m2c": [
                -48.7931877061057,
                -87.21396726397863,
                797.5395595495447
            ],
            "obj_id": 12
        },
        {
            "cam_R_m2c": [
                -0.8059089585874822,
                0.5894038284707369,
                -0.05580339232568956,
                -0.55876756653983,
                -0.7260783186936393,
                0.4007362526494811,
                0.1956774187053213,
                0.35413763144622074,
                0.914492163401526
            ],
            "cam_t_m2c": [
                -89.99555779268559,
                49.35794463004009,
                749.6166971825772
            ],
            "obj_id": 18
        }
    ],
    "16": [
        {
            "cam_R_m2c": [
                0.5112272030055455,
                0.009129130812218268,
                -0.8593969133773197,
                0.7893427180876232,
                0.3905701145975436,
                0.4737025084948126,
                0.33997931636142237,
                -0.9205281388558297,
                0.19246375418076264
            ],
            "cam_t_m2c": [
                -29.3703235813507,
                107.46009372181659,
                720.3452978966096
            ],
            "obj_id": 5
        },
        {
            "cam_R_m2c": [
                0.715739668573268,
                -0.06949136628468564,
                0.6949007860945046,
                0.43579207843004614,
                0.821976400542567,
                -0.36666125120314114,
                -0.5457128740123456,
                0.5652664400280476,
                0.6186052098786523
            ],
            "cam_t_m2c": [
                54.98009107158973,
                11.17103956486961,
                730.0995408005044
            ],
            "obj_id": 8
        },
        {
            "cam_R_m2c": [
                0.8632120789511973,
                -0.4770431566095445,
                -0.1652110277128865,
                0.1444652264208852,
                0.5469825243612289,
                -0.8245850504247267,
                0.48372949823555245,
                0.68792472818318,
                0.5410783166161985
            ],
            "cam_t_m2c": [
                85.24607978839919,
                -56.817581751489456,
                802.3721125082491
            ],
            "obj_id": 11
        },
        {
            "cam_R_m2c": [
                0.185828405788024,
                -0.5485692928664957,
                0.815192784763993,
                0.9730933338914706,
                -0.012280319181914905,
                -0.23008603916971881,
                0.1362288928727744,
                0.8360151577236695,
                0.5315265807926713
            ],
            "cam_t_m2c": [
                -0.24150155600608691,
                -107.67540667426309,
                784.0746340698622
            ],
            "obj_id": 12
        },
        {
            "cam_R_m2c": [
                -0.9414782046212445,
                0.1943621026699443,
                0.2753944703947665,
                -0.2783224265733763,
                -0.9091354711332607,
                -0.30985516567502736,
                0.1901464674496938,
                -0.3683698473832757,
                0.9100264101611258
            ],
            "cam_t_m2c": [
                -116.22350353489152,
                -9.383445781404458,
                766.512528236975
            ],
            "obj_id": 18
        }
    ],
    "24": [
        {
            "cam_R_m2c": [
                -0.5420351859376963,
                -0.4871618165549019,
                -0.684741396903673,
                0.8087997495757226,
                -0.5236180320720497,
                -0.2677085245539376,
                -0.22812591547164857,
                -0.6989264325683815,
                0.677835766198713
            ],
            "cam_t_m2c": [
                -75.3795899638658,
                61.79473751686317,
                737.6499291198973
            ],
            "obj_id": 5
        },
        {
            "cam_R_m2c": [
                0.40947984489548805,
                -0.088598094578918,
                0.9080069432851536,
                0.8370260355763078,
                -0.35944079338159335,
                -0.4125413370217121,
                0.36292507424803944,
                0.9289528148952738,
                -0.0730251557452722
            ],
            "cam_t_m2c": [
                0.16752335917639627,
                47.58376775911012,
                727.8114395296288
            ],
            "obj_id": 8
        },
        {
            "cam_R_m2c": [
                0.5914988169924383,
                0.6808708197693951,
                0.4319070415375825,
                0.3452848939729201,
                0.2701685596777504,
                -0.8987702300149737,
                -0.7286343280703897,
                0.6807528360731254,
                -0.07528979084209926
            ],
            "cam_t_m2c": [
                95.46347539718711,
                24.132615069282593,
                778.1466038430615
            ],
            "obj_id": 11
        },
        {
            "cam_R_m2c": [
                -0.4909326054192167,
                0.5090294996720607,
                0.7070174276974239,
                0.7872646072601488,
                -0.08833923958290554,
                0.6102553470866716,
                0.37309521093874914,
                0.8562042472013921,
                -0.3573723276227283
            ],
            "cam_t_m2c": [
                49.14658832065056,
                -79.85617835602659,
                796.9121311496773
            ],
            "obj_id": 12
        },
        {
            "cam_R_m2c": [
                -0.8320694011538599,
                0.4967165452182441,
                0.24684699576696323,
                -0.5022944781228643,
                -0.8635486071908249,
                0.04454443031206811,
                0.23529062337887519,
                -0.08692608803142696,
                0.9680304675297094
            ],
            "cam_t_m2c": [
                -89.16752385247285,
                -67.13297867923056,
                794.5706341758906
            ],
            "obj_id": 18
        }
    ],
    "34": [
        {
            "cam_R_m2c": [
                -0.7503780504500204,
                0.4378442694397366,
                -0.4952020833118143,
                0.6144366199463251,
                0.18579448165553264,
                -0.7667780669002158,
                -0.24372346922619542,
                -0.8796433192562161,
                -0.4084437553885246
            ],
            "cam_t_m2c": [
                -115.93546232342749,
                -29.350331390151872,
                766.5456819659161
            ],
            "obj_id": 5
        },
        {
            "cam_R_m2c": [
                -0.649957316469517,
                0.009407193953667063,
                0.759912703210052,
                0.426617944576795,
                0.8320242497652546,
                0.35458831217140535,
                -0.6289304623746598,
                0.5546590980671583,
                -0.5447932032333893
            ],
            "cam_t_m2c": [
                -29.705900311104227,
                50.5294344361769,
                742.147990328392
            ],
            "obj_id": 8
        },
        {
            "cam_R_m2c": [
                0.23705649243636587,
                -0.1759616947999863,
                0.9554274609902444,
                0.9151810174633715,
                -0.28952372262919107,
                -0.2803930604174605,
                0.3259576098208524,
                0.9408576320167996,
                0.09240327529537375
            ],
            "cam_t_m2c": [
                53.01655718440606,
                107.74380464517856,
                756.3170358931362
            ],
            "obj_id": 11
        },
        {
            "cam_R_m2c": [
                -0.911576873854361,
                0.3733733368265591,
                0.1721052047213672,
                0.1055952138617685,
                -0.19194378773555382,
                0.975708620194993,
                0.39733840368559764,
                0.9076064867049873,
                0.13554558697141933
            ],
            "cam_t_m2c": [
                112.29871686866325,
                -0.42713225810226874,
                774.1515142898061
            ],
            "obj_id": 12
        },
        {
            "cam_R_m2c": [
                -0.1378338753118748,
                0.9812800775590572,
                0.1345032278502191,
                -0.8336890752826537,
                -0.18826263264918805,
                0.5191535579364394,
                0.5347571555746189,
                -0.040576639000690216,
                0.8440308185558226
            ],
            "cam_t_m2c": [
                -15.727105743069469,
                -111.69589106609389,
                782.0200380672326
            ],
            "obj_id": 18
        }
    ],
    "41": [
        {
            "cam_R_m2c": [
                -0.8757414286319468,
                -0.32046628102646846,
                -0.3610798787551062,
                0.47509818380260216,
                -0.43916264498364743,
                -0.7625077617181047,
                0.08578578037676146,
                -0.8393078167828746,
                0.5368455518286768
            ],
            "cam_t_m2c": [
                -67.43786839513386,
                -56.225989663633655,
                780.1948553206254
            ],
            "obj_id": 5
        },
        {
            "cam_R_m2c": [
                -0.5961671584463046,
                0.4690293423605956,
                0.6516106274324154,
                0.7658010000563779,
                0.08846652707921779,
                0.6369634033337193,
                0.24110937394429438,
                0.8787407012352694,
                -0.4119241256107339
            ],
            "cam_t_m2c": [
                -58.30468562776989,
                39.68844067204833,
                738.9210502592127
            ],
            "obj_id": 8
        },
        {
            "cam_R_m2c": [
                -0.19113419483855262,
                -0.14848473278151697,
                0.9702684138675018,
                0.5834400008730647,
                0.7777302633844206,
                0.2339520472738343,
                -0.7893448531255447,
                0.6108092279096066,
                -0.06201902613873167
            ],
            "cam_t_m2c": [
                -14.145338091362078,
                116.97330002578981,
                721.4811839110803
            ],
            "obj_id": 11
        },
        {
            "cam_R_m2c": [
                -0.7185065143762653,
                0.40073367299176177,
                -0.5684722355672785,
                -0.6215487912174451,
                -0.0031511873150958008,
                0.7833692995949123,
                0.3121315283938608,
                0.9161892224209983,
                0.2513397215471254
            ],
            "cam_t_m2c": [
                78.66087097375663,
                53.63079007244896,
                758.6831278693984
            ],
            "obj_id": 12
        },
        {
            "cam_R_m2c": [
                0.9731816964378426,
                -0.20733392006888202,
                -0.09964956439006814,
                0.22443020652167306,
                0.9508159232376097,
                0.2134961077699126,
                0.050482855703066605,
                -0.23013501078828694,
                0.9718484704117485
            ],
            "cam_t_m2c": [
                66.6716515525027,
                -86.35681796212427,
                776.9373833153751
            ],
            "obj_id": 18
        }
    ],
    "46": [
        {
            "cam_R_m2c": [
                -0.49390548057121925,
                -0.48117374572418925,
                0.7242437256406306,
                -0.45394878368567837,
                -0.5677153655843112,
                -0.6867539875246274,
                0.7416116081333208,
                -0.6679610144516008,
                0.061969327077472096
            ],
            "cam_t_m2c": [
                -49.74955616499809,
                -83.9890305187799,
                781.1013588716742
            ],
            "obj_id": 5
        },
        {
            "cam_R_m2c": [
                -0.8380158800757103,
                0.5414304162446146,
                -0.0676941306900944,
                -0.1416793234996814,
                -0.09610547744750861,
                0.9852365351980665,
                0.5269307658878062,
                0.8352350965966432,
                0.15724799958258232
            ],
            "cam_t_m2c": [
                -62.64602888774262,
                -8.166443978948788,
                751.2200935296522
            ],
            "obj_id": 8
        },
        {
            "cam_R_m2c": [
                -0.5983711471682224,
                0.5743754892588461,
                0.5586097911639161,
                0.7891262750506504,
                0.5431588545207707,
                0.2868084806433368,
                -0.13867796445701763,
                0.6124314316194335,
                -0.778264778836648
            ],
            "cam_t_m2c": [
                -54.33788619465159,
                111.23599899038115,
                728.2896379432274
            ],
            "obj_id": 11
        },
        {
            "cam_R_m2c": [
                -0.8083297506528972,
                -0.5438618199851801,
                -0.22542661119803592,
                -0.448818046424116,
                0.3214645662366184,
                0.8338007529526085,
                -0.38100578928645074,
                0.7751617671121065,
                -0.5039436099107155
            ],
            "cam_t_m2c": [
                56.79940991783405,
                91.07986279437088,
                726.3171885783054
            ],
            "obj_id": 12
        },
        {
            "cam_R_m2c": [
                0.9827676862264401,
                0.16203584294242795,
                -0.08894794293075046,
                -0.18384334130135216,
                0.9068441203999573,
                -0.37925630280825506,
                0.019208715194220714,
                0.3890740151897908,
                0.9210069173003208
            ],
            "cam_t_m2c": [
                89.57058089370284,
                -52.23671417120207,
                792.564277020131
            ],
            "obj_id": 18
        }
    ],
    "55": [
        {
            "cam_R_m2c": [
                -0.6934714673281215,
                -0.05815933261074156,
                0.7181328343735434,
                -0.7188890404846986,
                0.12213300325617657,
                -0.6843113841824342,
                -0.047909387672594464,
                -0.9908080970011157,
                -0.12650622521641888
            ],
            "cam_t_m2c": [
                32.08858891562279,
                -96.57363033004563,
                796.4008279040595
            ],
            "obj_id": 5
        },
        {
            "cam_R_m2c": [
                -0.8727765698301712,
                -0.4015743439887199,
                -0.2774864059146373,
                -0.445959147328252,
                0.4248960966895247,
                0.7877716968714735,
                -0.19844662668328006,
                0.8112958842698443,
                -0.5499250690199908
            ],
            "cam_t_m2c": [
                -61.44372966985992,
                -42.854983910917355,
                741.5357804666158
            ],
            "obj_id": 8
        },
        {
            "cam_R_m2c": [
                -0.8616565941420998,
                0.46877741608569284,
                0.1944114357955182,
                0.40281142729824626,
                0.39873001002844516,
                0.8238676827963536,
                0.30869274252692874,
                0.7882017419217836,
                -0.5323962550102128
            ],
            "cam_t_m2c": [
                -118.81862854458997,
                28.461639577746165,
                747.1386638762191
            ],
            "obj_id": 11
        },
        {
            "cam_R_m2c": [
                0.2188804949581895,
                -0.5980823071441213,
                -0.7709666446435076,
                -0.9752571736005573,
                -0.10894747578635154,
                -0.19236209056005396,
                0.031053005465138773,
                0.793994756023054,
                -0.6071308074288583
            ],
            "cam_t_m2c": [
                -21.93508552104959,
                97.48277202184165,
                727.2724619927824
            ],
            "obj_id": 12
        },
        {
            "cam_R_m2c": [
                0.9978863369771711,
                -0.0337524614235739,
                -0.05552794435428637,
                0.04961489519055983,
                0.9475782069126228,
                0.31564944091432495,
                0.04196372360427394,
                -0.31773681648256213,
                0.9472495647283622
            ],
            "cam_t_m2c": [
                91.01043065421905,
                31.110278810634593,
                767.2374413217647
            ],
            "obj_id": 18
        }
    ],
    "69": [
        {
            "cam_R_m2c": [
                0.3251867135354968,
                0.03519095595021364,
                0.9449943758916104,
                -0.9126187493641125,
                -0.25012807769829476,
                0.3233606192074513,
                0.24774925036480103,
                -0.9675730905436176,
                -0.049222898790799746
            ],
            "cam_t_m2c": [
                104.41293511078293,
                7.0104275879305575,
                769.6414160093536
            ],
            "obj_id": 5
        },
        {
            "cam_R_m2c": [
                0.5228274756123653,
                -0.5773098238197375,
                -0.6271873787032403,
                -0.79615988559774,
                -0.06780103255037345,
                -0.6012753582625432,
                0.3045984788667644,
                0.8137054294848179,
                -0.4950787667658728
            ],
            "cam_t_m2c": [
                8.05326493110356,
                -65.94338644054852,
                749.7896253568806
            ],
            "obj_id": 8
        },
        {
            "cam_R_m2c": [
                -0.0807303974851547,
                -0.605195889733029,
                -0.7919720317880333,
                -0.9629348342061645,
                -0.15781115649491728,
                0.2187507107788205,
                -0.25736863941816934,
                0.7802779458675025,
                -0.5700240154349294
            ],
            "cam_t_m2c": [
                -90.19079795712508,
                -73.95298983501687,
                802.3617998355137
            ],
            "obj_id": 11
        },
        {
            "cam_R_m2c": [
                0.8513360914496315,
                -0.5170681267240325,
                -0.08869347006415201,
                0.1789360138074717,
                0.445116588890598,
                -0.8774122734793705,
                0.4931609757188978,
                0.7311032706093559,
                0.471466378344523
            ],
            "cam_t_m2c": [
                -100.34317831310268,
                11.166679871051876,
                764.3719785058181
            ],
            "obj_id": 12
        },
        {
            "cam_R_m2c": [
                -0.3944747051721566,
                -0.6773521435638441,
                0.6209535095189206,
                0.9157307240936459,
                -0.23364106984709607,
                0.32687668833074424,
                -0.07633090891430618,
                0.6975707133542681,
                0.7124384276830906
            ],
            "cam_t_m2c": [
                15.701833756924694,
                98.92563020740593,
                732.1179458170755
            ],
            "obj_id": 18
        }
    ],
    "79": [
        {
            "cam_R_m2c": [
                0.6289786289876322,
                0.5420191163823065,
                -0.5573159328183667,
                0.7607345165968633,
                -0.2813764953337277,
                0.5849009798414448,
                0.16021242023569465,
                -0.7918605919219842,
                -0.5893122842703509
            ],
            "cam_t_m2c": [
                55.23645570605504,
                55.352020573551904,
                727.6626065953202
            ],
            "obj_id": 5
        },
        {
            "cam_R_m2c": [
                0.9397687259981611,
                0.027159277072030384,
                -0.34072925532008247,
                -0.32735186428185986,
                -0.21534649933069222,
                -0.9200356777181234,
                -0.09836224643995832,
                0.9761602894973568,
                -0.193485366137121
            ],
            "cam_t_m2c": [
                51.836986055675155,
                -21.52046669929593,
                752.9902604762253
            ],
            "obj_id": 8
        },
        {
            "cam_R_m2c": [
                0.7624366934202949,
                0.42231769536452074,
                -0.49024292552672316,
                -0.5619580625348239,
                0.05658194232015289,
                -0.8252274804164433,
                -0.3207694562262428,
                0.9046804870697823,
                0.2804644196012086
            ],
            "cam_t_m2c": [
                17.897424178851214,
                -99.33469074791248,
                835.968732820825
            ],
            "obj_id": 11
        },
        {
            "cam_R_m2c": [
                0.41550180509068557,
                0.18342384950943375,
                0.8909061054536226,
                0.8206205697374456,
                0.3468948667645909,
                -0.4541419443690061,
                -0.3923507081471447,
                0.9197936105974496,
                -0.006386294373256283
            ],
            "cam_t_m2c": [
                -97.33753602460975,
                -71.6837647882351,
                811.8040595022437
            ],
            "obj_id": 12
        },
        {
            "cam_R_m2c": [
                -0.906410925872921,
                -0.1668719320571739,
                -0.3880368902459152,
                -0.21855097045900626,
                -0.6008522878452273,
                0.7689031787395669,
                -0.3614615235116258,
                0.7817473199576238,
                0.508149502023251
            ],
            "cam_t_m2c": [
                -69.49903947515853,
                75.08902746284569,
                726.9399559142204
            ],
            "obj_id": 18
        }
    ],
    "88": [
        {
            "cam_R_m2c": [
                0.4524633801318475,
                -0.19352743649821033,
                -0.8705303932543289,
                0.2894015312820971,
                -0.8914729078258853,
                0.3486011968713438,
                -0.8435182844810215,
                -0.40966281456333353,
                -0.3473518255598985
            ],
            "cam_t_m2c": [
                -20.092184453881416,
                94.5544758998393,
                732.3930141732948
            ],
            "obj_id": 5
        },
        {
            "cam_R_m2c": [
                0.47235468250946333,
                -0.5006031895113218,
                0.7254494726365401,
                0.8384996846254318,
                0.5088920577084174,
                -0.1947985744028707,
                -0.2716589228132648,
                0.7003040397622383,
                0.6601333466906705
            ],
            "cam_t_m2c": [
                30.625037873781693,
                13.305365870851785,
                732.8392698427325
            ],
            "obj_id": 8
        },
        {
            "cam_R_m2c": [
                0.7895683801654202,
                -0.5984471102848082,
                0.13580310239046864,
                0.4033174178441736,
                0.3392712189350825,
                -0.8498408281671309,
                0.4625105040235018,
                0.7257800030082848,
                0.5092421462175079
            ],
            "cam_t_m2c": [
                69.56872696320816,
                -58.29013817028971,
                805.6965443175594
            ],
            "obj_id": 11
        },
        {
            "cam_R_m2c": [
                0.056295135378469335,
                -0.27607343476460433,
                0.9594861228927803,
                0.9872394756567936,
                -0.1279863122768422,
                -0.09474900904967193,
                0.14895835012025005,
                0.9525772383346758,
                0.26534542789161086
            ],
            "cam_t_m2c": [
                -26.636873691568198,
                -92.22553505263456,
                810.9574712103564
            ],
            "obj_id": 12
        },
        {
            "cam_R_m2c": [
                -0.6252966653472983,
                0.48260987277811923,
                -0.6132629160715991,
                -0.7701596114039391,
                -0.5084379799194926,
                0.38515491448830763,
                -0.12592627844190682,
                0.7131465870499433,
                0.6896120040171992
            ],
            "cam_t_m2c": [
                -110.8146564409709,
                -1.8190217570425709,
                745.2812990425659
            ],
            "obj_id": 18
        }
    ],
    "101": [
        {
            "cam_R_m2c": [
                -0.3646705442614163,
                0.6338332016772666,
                -0.6821078379124911,
                0.6791973172632659,
                -0.3200404368937867,
                -0.6605038713950606,
                -0.6369507467167466,
                -0.704152130209451,
                -0.31378881209534454
            ],
            "cam_t_m2c": [
                -107.38903276900653,
                27.730699393658337,
                739.8743127623349
            ],
            "obj_id": 5
        },
        {
            "cam_R_m2c": [
                -0.2780297009679495,
                -0.2285721262234504,
                0.9329814742267805,
                0.3747494376732364,
                0.8685019096525671,
                0.3244506787468846,
                -0.8844557884804394,
                0.4398406978122962,
                -0.15581192410540373
            ],
            "cam_t_m2c": [
                -15.885099005190972,
                43.34211337441374,
                727.4645981010949
            ],
            "obj_id": 8
        },
        {
            "cam_R_m2c": [
                0.39959679306288604,
                -0.5204270783309203,
                0.7546379285731108,
                0.9125335172050624,
                0.14751939664527394,
                -0.38147163642619936,
                0.0872049801380601,
                0.8410672860465707,
                0.5338549631820408
            ],
            "cam_t_m2c": [
                74.50166510172276,
                48.57549246018816,
                743.2449993024549
            ],
            "obj_id": 11
        },
        {
            "cam_R_m2c": [
                -0.9335228753118596,
                0.09743848769947656,
                0.3450228268011914,
                0.3450984581800422,
                -0.016611139241331892,
                0.9384192655801525,
                0.0971699429354504,
                0.9951032688497362,
                -0.01811856546995271
            ],
            "cam_t_m2c": [
                90.30741600660961,
                -55.824045661369254,
                774.7590427519624
            ],
            "obj_id": 12
        },
        {
            "cam_R_m2c": [
                -0.48534727462848015,
                0.7956046431951258,
                0.36256243093668283,
                -0.8273470018174769,
                -0.552015773691006,
                0.10380513976397758,
                0.2827271379024894,
                -0.2495834365995358,
                0.9261606825486391
            ],
            "cam_t_m2c": [
                -47.26027533455172,
                -84.39223793899063,
                809.1267745065811
            ],
            "obj_id": 18
        }
    ],
    "109": [
        {
            "cam_R_m2c": [
                -0.9326850401040302,
                0.14235333274900916,
                0.3314124334700214,
                -0.33949716062627333,
                -0.0361469198857525,
                -0.9399123707676325,
                -0.12181994946603758,
                -0.9891553834977238,
                0.08204186062117988
            ],
            "cam_t_m2c": [
                -87.87644879524849,
                -49.44379269595237,
                782.3028265928747
            ],
            "obj_id": 5
        },
        {
            "cam_R_m2c": [
                -0.2997769196620608,
                0.44429699862307953,
                0.8442356887280783,
                0.897413307506226,
                0.43159343403948097,
                0.09152476320546676,
                -0.3237023545430218,
                0.7850647871153998,
                -0.5280998042599264
            ],
            "cam_t_m2c": [
                -35.44334053151227,
                37.672062992083895,
                721.1215867360802
            ],
            "obj_id": 8
        },
        {
            "cam_R_m2c": [
                0.28729280064450546,
                -0.2495422517484022,
                0.9247654906685117,
                0.675862249497774,
                0.7369445281279517,
                -0.011106945195934604,
                -0.6787292813117055,
                0.6282044933690176,
                0.38037505759530144
            ],
            "cam_t_m2c": [
                28.097218456355645,
                108.6304113953181,
                718.4520359222471
            ],
            "obj_id": 11
        },
        {
            "cam_R_m2c": [
                -0.7316400272882434,
                -0.11733991802198947,
                0.6715162655851776,
                0.5770934772727095,
                0.4177318030257415,
                0.701757565517382,
                -0.36285777205922154,
                0.9009611512913164,
                -0.23791286020572464
            ],
            "cam_t_m2c": [
                87.61516278749588,
                18.53628143169323,
                743.9013992840906
            ],
            "obj_id": 12
        },
        {
            "cam_R_m2c": [
                0.4968942663959969,
                0.8638780611789173,
                0.08252601867058815,
                -0.4066234669048076,
                0.1477593912890009,
                0.9015678031095241,
                0.7666509011591565,
                -0.4815411071403005,
                0.424693287463507
            ],
            "cam_t_m2c": [
                4.7667601569874165,
                -115.2727899765798,
                813.0884851477095
            ],
            "obj_id": 18
        }
    ],
    "117": [
        {
            "cam_R_m2c": [
                -0.8951827920763469,
                -0.04663084149259719,
                0.4432534116143515,
                -0.13816048113837734,
                -0.9164906546151196,
                -0.37544192652402686,
                0.42374495080295205,
                -0.39732951286897006,
                0.8139842150176723
            ],
            "cam_t_m2c": [
                -43.511383462368826,
                -100.8080273052339,
                810.326752025827
            ],
            "obj_id": 5
        },
        {
            "cam_R_m2c": [
                -0.9097377909421225,
                0.40779135333501665,
                -0.07799651651876588,
                0.30594911148474435,
                0.785444328854599,
                0.5380265173621371,
                0.28066452358288646,
                0.46560039084768007,
                -0.8393119660534565
            ],
            "cam_t_m2c": [
                -62.421886248054335,
                -1.2991632648646618,
                754.9906092409594
            ],
            "obj_id": 8
        },
        {
            "cam_R_m2c": [
                -0.5402569169869895,
                -0.3230846099615309,
                0.7770066803134356,
                0.1957142791542461,
                0.8497955297326822,
                0.48943172639632776,
                -0.8184245783058218,
                0.4164901853012463,
                -0.3958759588813834
            ],
            "cam_t_m2c": [
                -49.01913162691176,
                88.85292583648518,
                738.6000839131926
            ],
            "obj_id": 11
        },
        {
            "cam_R_m2c": [
                -0.9614450328530786,
                0.12374065569887932,
                -0.24558476889990313,
                -0.2535703545580112,
                -0.053308928921021674,
                0.965847210407336,
                0.10642314573979288,
                0.9908817749656414,
                0.08263042254154193
            ],
            "cam_t_m2c": [
                64.38543245897168,
                85.56941809552534,
                730.9874610268914
            ],
            "obj_id": 12
        },
        {
            "cam_R_m2c": [
                0.6662673306250761,
                0.6838440916302729,
                0.297397335734543,
                -0.7256967276063105,
                0.5028081187142862,
                0.4696260313576471,
                0.17161698096198044,
                -0.5287171373464505,
                0.8312680199384309
            ],
            "cam_t_m2c": [
                69.86776985119442,
                -73.83655443152922,
                781.9394745483521
            ],
            "obj_id": 18
        }
    ],
    "144": [
        {
            "cam_R_m2c": [
                0.978048033029631,
                -0.20010819077384595,
                -0.05812273941595058,
                0.026776417696457253,
