{
  "10": [
    {
      "cam_R_m2c": [
        0.8914205034420298,
        0.0057708550542622415,
        -0.4531404341086858,
        0.4174731464103453,
        -0.39948308766707147,
        0.8161677297039555,
        -0.17631129797599193,
        -0.9167221140001494,
        -0.35851656637987855
      ],
      "cam_t_m2c": [
        24.667885289000488,
        97.87520286517929,
        733.0825615151032
      ],
      "obj_id": 5
    },
    {
      "cam_R_m2c": [
        0.9896354223374004,
        -0.053808698992383414,
        0.13314047879211505,
        0.1432149700045392,
        0.4379286604062728,
        -0.8875293468141835,
        -0.010548666691859568,
        0.8973976757422519,
        0.4410956212908366
      ],
      "cam_t_m2c": [
        44.02525890059137,
        -4.462189286722185,
        742.334051483766
      ],
      "obj_id": 8
    },
    {
      "cam_R_m2c": [
        0.9064925391742636,
        0.0461909332042998,
        -0.41968782228058593,
        -0.4221497789862958,
        0.11753839768039409,
        -0.8988740570228907,
        0.00780978417288634,
        0.9919931530197914,
        0.12604659164985701
      ],
      "cam_t_m2c": [
        45.48424981238094,
        -89.63243866554659,
        794.6163922640451
      ],
      "obj_id": 11
    },
    {
      "cam_R_m2c": [
        0.6926177212547436,
        0.16895801457085027,
        0.7012375404002462,
        0.6917570536752572,
        0.11981280159634666,
        -0.7121216847627704,
        -0.20433521062777227,
        0.9783136303292658,
        -0.033893404194509716
      ],
      "cam_t_m2c": [
        -62.04978008666475,
        -81.59981784498353,
        792.5653117012124
      ],
      "obj_id": 12
    },
    {
      "cam_R_m2c": [
        -0.9929152490852852,
        -0.11555008523452585,
        -0.027704374455474915,
        0.09212219414398705,
        -0.895834541771203,
        0.4347347755762216,
        -0.07505267896340972,
        0.42910221564465917,
        0.9001320026785682
      ],
      "cam_t_m2c": [
        -102.19397543354881,
        57.03214001994454,
        739.8337086135325
      ],
      "obj_id": 18
    }
  ],
  "101": [
    {
      "cam_R_m2c": [
        -0.5874310789920333,
        0.07405514585287118,
        -0.8058787987924345,
        0.6274384274164568,
        -0.5872551027087266,
        -0.5113249626469579,
        -0.5111219058189299,
        -0.8060073889173728,
        0.2985063307480658
      ],
      "cam_t_m2c": [
        -105.10435588788596,
        22.330596240253183,
        752.8913578246671
      ],
      "obj_id": 5
    },
    {
      "cam_R_m2c": [
        -0.05101809685241007,
        -0.023075420070699022,
        0.9984311278932607,
        0.818780327660274,
        0.5714625876198124,
        0.055045633528105854,
        -0.5718353139352119,
        0.8203040042252028,
        -0.010261138650244216
      ],
      "cam_t_m2c": [
        -3.6112186831191577,
        32.49650358942532,
        723.0394827068905
      ],
      "obj_id": 8
    },
    {
      "cam_R_m2c": [
        0.6323973128238854,
        0.09549887676168668,
        0.7687350849098409,
        0.6973484362539072,
        0.36193563737519746,
        -0.6186341896421779,
        -0.3373107214379992,
        0.9272987948010357,
        0.16229061275169868
      ],
      "cam_t_m2c": [
        88.24399119568862,
        49.32651336756321,
        749.5401387526294
      ],
      "obj_id": 11
    },
    {
      "cam_R_m2c": [
        -0.6923359900374637,
        0.052307104302717386,
        0.7196769411246514,
        0.5795380841707397,
        0.6345095393048619,
        0.5114039714483135,
        -0.4298911353742906,
        0.7711435118563099,
        -0.4696071015656857
      ],
      "cam_t_m2c": [
        87.77886240866046,
        -53.4791524587323,
        790.6474240589826
      ],
      "obj_id": 12
    },
    {
      "cam_R_m2c": [
        -0.11708592278178412,
        0.9910546263958566,
        0.0640441850813116,
        -0.9293285922692832,
        -0.1320768332676675,
        0.3448251755693985,
        0.35019841117475825,
        -0.019143983794174757,
        0.9364798844171193
      ],
      "cam_t_m2c": [
        -61.194048883671954,
        -90.93634443555295,
        803.3286755283942
      ],
      "obj_id": 18
    }
  ],
  "109": [
    {
      "cam_R_m2c": [
        -0.9851182450339339,
        -0.005120071935530006,
        -0.17180101928485783,
        0.14186988987922108,
        -0.5885016873979302,
        -0.7959517622882346,
        -0.09702980903818267,
        -0.808479432427115,
        0.5804700979014126
      ],
      "cam_t_m2c": [
        -106.09560872114987,
        -42.526060526707155,
        784.7017439437292
      ],
      "obj_id": 5
    },
    {
      "cam_R_m2c": [
        -0.7436796263964869,
        -0.1806045283952151,
        0.6436787988539783,
        0.5280019535321571,
        0.4319017685610055,
        0.7312149963221958,
        -0.41006659305171606,
        0.8836528175120782,
        -0.22583692506052427
      ],
      "cam_t_m2c": [
        -42.289121143404415,
        20.334907665654363,
        727.2799388315568
      ],
      "obj_id": 8
    },
    {
      "cam_R_m2c": [
        -0.05738345594318799,
        0.012814872002970594,
        0.9982698435450427,
        0.8698801309091224,
        0.4913245366924156,
        0.04369606565355507,
        -0.48991434735247696,
        0.8708819880637945,
        -0.03934125974780168
      ],
      "cam_t_m2c": [
        30.824870813133636,
        95.25896046934294,
        727.2468928466626
      ],
      "obj_id": 11
    },
    {
      "cam_R_m2c": [
        -0.9923757714091465,
        -0.11999759380447829,
        -0.028119618979058323,
        -0.07731356131870444,
        0.4284177909506003,
        0.9002673874560334,
        -0.0959828908772363,
        0.8955770685065924,
        -0.43442861654036424
      ],
      "cam_t_m2c": [
        94.98785485782277,
        17.87041589502702,
        753.7472203330275
      ],
      "obj_id": 12
    },
    {
      "cam_R_m2c": [
        0.7551688124364361,
        0.653376646013911,
        0.05309225190625304,
        -0.6006000523162994,
        0.6571620720204528,
        0.45543182287789286,
        0.2626781337379436,
        -0.3758150472075933,
        0.8886858293432812
      ],
      "cam_t_m2c": [
        17.73266391412484,
        -103.54445799108417,
        809.526203219564
      ],
      "obj_id": 18
    }
  ],
  "117": [
    {
      "cam_R_m2c": [
        -0.9366413071705715,
        -0.018264038033264773,
        0.3498138898966527,
        -0.2794221561965563,
        -0.563294300225415,
        -0.7775750426962676,
        0.21125021523600512,
        -0.8260546310142753,
        0.5225015069921243
      ],
      "cam_t_m2c": [
        -52.85056859734506,
        -91.56224455241224,
        806.7142627798999
      ],
      "obj_id": 5
    },
    {
      "cam_R_m2c": [
        -0.9837537825623898,
        0.049673237943678936,
        0.1725146710590447,
        0.17428668213472143,
        0.4946758534845327,
        0.8514224339193658,
        -0.04304566887884136,
        0.8676570030569154,
        -0.4952969751801674
      ],
      "cam_t_m2c": [
        -65.4938990668056,
        -2.1988802866640667,
        739.3137992940266
      ],
      "obj_id": 8
    },
    {
      "cam_R_m2c": [
        -0.7935552571851742,
        0.23441330541599845,
        0.5615341802197678,
        0.5872832182481112,
        0.536595329614757,
        0.6059406713276742,
        -0.15927611606932437,
        0.8106269403859504,
        -0.5634854373904714
      ],
      "cam_t_m2c": [
        -47.454732737919954,
        90.3705068095615,
        726.0817263894977
      ],
      "obj_id": 11
    },
    {
      "cam_R_m2c": [
        -0.7913400706510906,
        -0.17717150405476417,
        -0.5851422954377778,
        -0.5615208073204306,
        0.5891793529191071,
        0.5810010041038347,
        0.24181736369794626,
        0.7883389068030009,
        -0.5657268127080328
      ],
      "cam_t_m2c": [
        58.479437729968815,
        75.12638593822453,
        729.3280717561097
      ],
      "obj_id": 12
    },
    {
      "cam_R_m2c": [
        0.9996677859408483,
        0.010445698148567628,
        -0.023569039883194687,
        4.514755402925721e-05,
        0.9135217353136357,
        0.4067901350903748,
        0.02577984067246473,
        -0.4066564689344204,
        0.9132177133385209
      ],
      "cam_t_m2c": [
        76.3815221968555,
        -63.63184490800656,
        792.1294759421032
      ],
      "obj_id": 18
    }
  ],
  "144": [
    {
      "cam_R_m2c": [
        0.8638585150783303,
        -0.024985818815635483,
        0.5031140741582051,
        -0.4068988935262192,
        -0.6233900299354874,
        0.6676960243575442,
        0.29695332074355046,
        -0.7815115326300605,
        -0.5486874714306166
      ],
      "cam_t_m2c": [
        88.88803463990007,
        9.723416274800318,
        756.0214162056385
      ],
      "obj_id": 5
    },
    {
      "cam_R_m2c": [
        0.6795993352281451,
        0.12945625815608036,
        -0.7220702148378492,
        -0.5982827073521623,
        0.6673978229717097,
        -0.4434385875586878,
        0.4245021539384263,
        0.7333627436043846,
        0.5310146052010688
      ],
      "cam_t_m2c": [
        17.23885361414567,
        -67.64411025002607,
        781.069253663146
      ],
      "obj_id": 8
    },
    {
      "cam_R_m2c": [
        0.07752187534853057,
        0.020094874483651413,
        -0.9967879072433834,
        -0.8314421595110061,
        0.5530280451198925,
        -0.053513931073424004,
        0.5501762796653501,
        0.8329200815672687,
        0.05957953482502249
      ],
      "cam_t_m2c": [
        -58.887565259669564,
        -95.03330117639206,
        837.4010231972194
      ],
      "obj_id": 11
    },
    {
      "cam_R_m2c": [
        0.9494370842578849,
        -0.021050157116004085,
        -0.31325024189527806,
        -0.22774908003405564,
        0.6405836968556343,
        -0.7333367105577756,
        0.21609980934656065,
        0.7675995669968765,
        0.603399761236973
      ],
      "cam_t_m2c": [
        -113.98042986773058,
        -26.539116504909387,
        773.2489376101734
      ],
      "obj_id": 12
    },
    {
      "cam_R_m2c": [
        -0.49509363436567294,
        -0.8683410962218329,
        -0.029421292744879788,
        0.588436822856487,
        -0.3600327553641375,
        0.7239602070402277,
        -0.6392370059403333,
        0.34111557115533714,
        0.6892138300809104
      ],
      "cam_t_m2c": [
        -16.570579010178175,
        67.9942037257691,
        698.5968482123259
      ],
      "obj_id": 18
    }
  ],
  "154": [
    {
      "cam_R_m2c": [
        0.8983491895452667,
        0.14043636030272216,
        -0.4162284006416103,
        0.3962095909500364,
        -0.6682179557848311,
        0.6296850279469585,
        -0.18970060865813232,
        -0.7305899156906651,
        -0.6559356056179422
      ],
      "cam_t_m2c": [
        29.955297360228926,
        60.78089024517878,
        711.1682448821264
      ],
      "obj_id": 5
    },
    {
      "cam_R_m2c": [
        0.9856324144130453,
        -0.10548623331756996,
        0.13191394785861857,
        0.16855914184230222,
        0.6641700402226355,
        -0.7283312203764524,
        -0.010784208638872143,
        0.740101369642663,
        0.6724084083043371
      ],
      "cam_t_m2c": [
        45.47065465730507,
        -39.91611484056325,
        756.7574280363744
      ],
      "obj_id": 8
    },
    {
      "cam_R_m2c": [
        0.7337475423858086,
        -0.05346931911678468,
        -0.6773147447573943,
        -0.6089184505335261,
        0.39046304141525234,
        -0.6904764977651335,
        0.30138574871551715,
        0.9190640882805835,
        0.25394289613189325
      ],
      "cam_t_m2c": [
        35.55823244268855,
        -91.8780189232696,
        835.4390002632844
      ],
      "obj_id": 11
    },
    {
      "cam_R_m2c": [
        0.8703873060009523,
        0.0978295416076554,
        0.4825504769320548,
        0.3619105744980508,
        0.5373860109581134,
        -0.7617334034969305,
        -0.3338358906709098,
        0.8376424252645106,
        0.43232865133718856
      ],
      "cam_t_m2c": [
        -69.80882129350859,
        -82.52118686369025,
        824.3035587677302
      ],
      "obj_id": 12
    },
    {
      "cam_R_m2c": [
        -0.991100598455624,
        -0.05137064493649192,
        0.12280248730627258,
        0.11966248558940175,
        -0.7479599292090624,
        0.6528686112052169,
        0.058312872869770625,
        0.6617534179464877,
        0.747449909029655
      ],
      "cam_t_m2c": [
        -97.09699410603346,
        30.083178665233383,
        727.6788691554955
      ],
      "obj_id": 18
    }
  ],
  "16": [
    {
      "cam_R_m2c": [
        0.31499199220675184,
        0.12033585835631297,
        -0.9414344138438618,
        0.9132960434915408,
        -0.3082930270856383,
        0.26617032530869317,
        -0.2582082435413903,
        -0.9436498823798614,
        -0.20701212598691873
      ],
      "cam_t_m2c": [
        -30.157439642330957,
        97.75525529793424,
        736.2556487444585
      ],
      "obj_id": 5
    },
    {
      "cam_R_m2c": [
        0.8487390699159404,
        0.12749940990650288,
        0.5132110416938566,
        0.44852968493756923,
        0.34050816567759856,
        -0.8263630543519308,
        -0.2801136601142369,
        0.9315570250067249,
        0.23181568200464625
      ],
      "cam_t_m2c": [
        42.4022619966938,
        18.629666099508583,
        730.9699031260368
      ],
      "obj_id": 8
    },
    {
      "cam_R_m2c": [
        0.989908843477266,
        0.06088700067180161,
        0.12795581502014083,
        0.11562681100509752,
        0.1749354198278323,
        -0.9777673221580478,
        -0.08191730304153247,
        0.9826957102324885,
        0.16613039124894788
      ],
      "cam_t_m2c": [
        90.61361903685976,
        -48.846949646287094,
        787.6656775246183
      ],
      "obj_id": 11
    },
    {
      "cam_R_m2c": [
        0.41632716039100254,
        0.019298180801371113,
        0.9090098998352899,
        0.8489214819598956,
        0.3497622586874235,
        -0.396231313009572,
        -0.3255843317834204,
        0.9366399318172477,
        0.1292327993714377
      ],
      "cam_t_m2c": [
        -8.807893107569448,
        -95.14138954566039,
        792.7614733264504
      ],
      "obj_id": 12
    },
    {
      "cam_R_m2c": [
        -0.9334435035664943,
        0.3467947158857581,
        0.09174068227606164,
        -0.32373210230750177,
        -0.9245458872509963,
        0.20103015792650888,
        0.1545348296637533,
        0.15795126998267606,
        0.975279922909225
      ],
      "cam_t_m2c": [
        -120.01951308642714,
        2.9545226865403817,
        756.1596642801082
      ],
      "obj_id": 18
    }
  ],
  "163": [
    {
      "cam_R_m2c": [
        0.22615278588650825,
        -0.15467568063659254,
        -0.9617333687312172,
        0.7607466156923391,
        -0.5885857243141243,
        0.27355296295286585,
        -0.6083743803950735,
        -0.793499344859842,
        -0.015441064700495232
      ],
      "cam_t_m2c": [
        -44.74009164916822,
        61.36227446104248,
        715.5793921002999
      ],
      "obj_id": 5
    },
    {
      "cam_R_m2c": [
        0.5904221891264999,
        -0.1041911502664234,
        0.8003415556497576,
        0.6498561345168421,
        0.6494395296647623,
        -0.3948607912455988,
        -0.47863234181367437,
        0.7532406141366447,
        0.4511526233746658
      ],
      "cam_t_m2c": [
        40.02132552160897,
        -2.1500380587679473,
        735.0583781024977
      ],
      "obj_id": 8
    },
    {
      "cam_R_m2c": [
        0.9768677075361475,
        -0.07483757737730337,
        0.20032373472480575,
        0.21378068808613884,
        0.3649662910214587,
        -0.9061441833490217,
        -0.005297699124382651,
        0.9280074428694971,
        0.3725225177602003
      ],
      "cam_t_m2c": [
        100.32292092453964,
        -45.00768069797286,
        804.2349496704594
      ],
      "obj_id": 11
    },
    {
      "cam_R_m2c": [
        0.1565277336082984,
        0.21512690981015056,
        0.9639606891407465,
        0.8139399526714147,
        0.5247504659508877,
        -0.24927604678338897,
        -0.559464612385538,
        0.8236238717582415,
        -0.09296248043704525
      ],
      "cam_t_m2c": [
        8.526534739223113,
        -101.63296477602931,
        830.382567403755
      ],
      "obj_id": 12
    },
    {
      "cam_R_m2c": [
        -0.7327688033969408,
        0.6804780072103517,
        0.0005711914333175709,
        -0.5950773232729347,
        -0.641212201198733,
        0.48448918087029563,
        0.3300504222654523,
        0.3546784224694383,
        0.8747964594015365
      ],
      "cam_t_m2c": [
        -112.07474698126315,
        -31.10796479072758,
        777.005586760725
      ],
      "obj_id": 18
    }
  ],
  "179": [
    {
      "cam_R_m2c": [
        -0.8161678109166461,
        -0.00613404218861404,
        -0.5777830638024715,
        0.44565984190217023,
        -0.6431382892542795,
        -0.622705000969756,
        -0.36777448490357373,
        -0.7657254219340485,
        0.5276423843019069
      ],
      "cam_t_m2c": [
        -110.14255690796678,
        -32.18367990272332,
        785.3019193272282
      ],
      "obj_id": 5
    },
    {
      "cam_R_m2c": [
        -0.5027461975664917,
        0.026668613957433248,
        0.8640230340748729,
        0.760041107549471,
        0.48979904941062413,
        0.42712486787248255,
        -0.41180655067353295,
        0.8714273287748467,
        -0.2665138181816828
      ],
      "cam_t_m2c": [
        -30.222783263936247,
        8.273498137819733,
        717.8511330290041
      ],
      "obj_id": 8
    },
    {
      "cam_R_m2c": [
        0.17889606530086619,
        0.19841793090247703,
        0.9636530999096471,
        0.8050416161508813,
        0.5335432753305489,
        -0.2593081641321152,
        -0.5656018144912776,
        0.8221689595117203,
        -0.06428589832680336
      ],
      "cam_t_m2c": [
        56.930040382841874,
        67.31079914665281,
        720.1459822683283
      ],
      "obj_id": 11
    },
    {
      "cam_R_m2c": [
        -0.9396796030339989,
        0.1320625763459548,
        0.31553516195194653,
        0.30775978260759607,
        0.7290199945094523,
        0.6114039399273817,
        -0.14928769852149523,
        0.6716318133960248,
        -0.7256886335289818
      ],
      "cam_t_m2c": [
        98.82464539492493,
        -17.408554892801902,
        772.2216559049546
      ],
      "obj_id": 12
    },
    {
      "cam_R_m2c": [
        0.44625363625892384,
        0.8918635798906417,
        0.07374115665631868,
        -0.8031404663630993,
        0.3627843713959007,
        0.47260361987500304,
        0.39474555317347754,
        -0.2701255843754875,
        0.878184469572178
      ],
      "cam_t_m2c": [
        -8.193226605761556,
        -102.83067823555342,
        836.4524669446353
      ],
      "obj_id": 18
    }
  ],
  "190": [
    {
      "cam_R_m2c": [
        -0.8882379923647649,
        -0.14356349541698535,
        0.43637477616471726,
        -0.2966365275745708,
        -0.5460776271984522,
        -0.7834577252136654,
        0.3507701551262206,
        -0.8253412503757698,
        0.4424610602029987
      ],
      "cam_t_m2c": [
        -50.3556412417385,
        -87.30313639804018,
        826.2680734514631
      ],
      "obj_id": 5
    },
    {
      "cam_R_m2c": [
        -0.9967851783868674,
        0.034479943150087254,
        -0.07232382037781517,
        -0.02531770524522444,
        0.7208677373810616,
        0.6926098757647647,
        0.07601655005668517,
        0.6922140404887908,
        -0.7176775390384504
      ],
      "cam_t_m2c": [
        -58.614440059976175,
        -19.25706887668925,
        745.5760194266492
      ],
      "obj_id": 8
    },
    {
      "cam_R_m2c": [
        -0.8642206566673549,
        -0.054866245805955775,
        0.5001126853291703,
        0.35211647539087654,
        0.644045125169602,
        0.6791315056379118,
        -0.35935702314819123,
        0.7630170353970858,
        -0.5372776631083013
      ],
      "cam_t_m2c": [
        -52.526884424150545,
        73.75710949110697,
        707.1243664361674
      ],
      "obj_id": 11
    },
    {
      "cam_R_m2c": [
        -0.7525249445690562,
        0.09940986990270154,
        -0.6510177857462721,
        -0.4203112566745339,
        0.6885307836503753,
        0.590985335086234,
        0.5069953087613982,
        0.7183609448633815,
        -0.4763538720335194
      ],
      "cam_t_m2c": [
        54.88019655472423,
        53.59021611663428,
        720.2413945628008
      ],
      "obj_id": 12
    },
    {
      "cam_R_m2c": [
        0.9716352177602364,
        0.17598610977586884,
        -0.1579683598291885,
        -0.06792508956120846,
        0.8475214761261648,
        0.5263966127178097,
        0.2265205737392971,
        -0.5007357147575563,
        0.8354352319262431
      ],
      "cam_t_m2c": [
        81.4078621336178,
        -63.4401474838664,
        804.7583337924311
      ],
      "obj_id": 18
    }
  ],
  "203": [
    {
      "cam_R_m2c": [
        0.21233439883897945,
        0.11243630072700864,
        0.9707070316868867,
        -0.7679673750630399,
        -0.595060928303343,
        0.23691255102029243,
        0.6042675005811476,
        -0.7957768322016121,
        -0.04000443616969475
      ],
      "cam_t_m2c": [
        64.94368730887736,
        -75.94359896439938,
        818.4371172828666
      ],
      "obj_id": 5
    },
    {
      "cam_R_m2c": [
        -0.4265366204582313,
        0.15451654232144524,
        -0.8911740690198724,
        -0.667457233381652,
        0.6111565526625287,
        0.4254261122468225,
        0.6103823127223746,
        0.7762812020242399,
        -0.15754751753439863
      ],
      "cam_t_m2c": [
        -35.4205095900614,
        -67.37222663244219,
        776.7297959734195
      ],
      "obj_id": 8
    },
    {
      "cam_R_m2c": [
        -0.808049305953074,
        -0.18834656606301758,
        -0.5581951792917994,
        -0.5018368265389035,
        0.716364900699445,
        0.4847474806390803,
        0.30857089179846636,
        0.6718235698294185,
        -0.673377584779443
      ],
      "cam_t_m2c": [
        -123.94245377024944,
        -5.596920690544791,
        767.7905256555067
      ],
      "obj_id": 11
    },
    {
      "cam_R_m2c": [
        0.21521711013751238,
        -0.25748781211280886,
        -0.9420093559711005,
        -0.7535141572495259,
        0.5698183109942039,
        -0.32790607368446123,
        0.6212061171420008,
        0.7803892022215122,
        -0.07138622976061156
      ],
      "cam_t_m2c": [
        -62.25821241642253,
        61.255475205594,
        715.1397383326012
      ],
      "obj_id": 12
    },
    {
      "cam_R_m2c": [
        0.6051010204180243,
        -0.7923398378055174,
        0.07778429312455815,
        0.5378343001053096,
        0.47885379562208913,
        0.6938532079162472,
        -0.5870148245168328,
        -0.37801625564556846,
        0.7159032915648295
      ],
      "cam_t_m2c": [
        87.01723985861058,
        28.549792245153704,
        738.2298270364238
      ],
      "obj_id": 18
    }
  ],
  "216": [
    {
      "cam_R_m2c": [
        0.9493332791610946,
        0.160594576129671,
        0.2701394577503031,
        -0.10049542965113183,
        -0.6593166078130216,
        0.7451194704536908,
        0.29776953978905496,
        -0.7345140875232167,
        -0.6097722708267564
      ],
      "cam_t_m2c": [
        91.2246738140377,
        1.832215747361066,
        747.6106289534524
      ],
      "obj_id": 5
    },
    {
      "cam_R_m2c": [
        0.7135674714657884,
        0.1466361532804678,
        -0.6850685323493447,
        -0.5272906203487743,
        0.7562561627249337,
        -0.38735241390071296,
        0.46128758895829985,
        0.6376318771277887,
        0.6169597482945065
      ],
      "cam_t_m2c": [
        19.70714009023311,
        -69.91402105935411,
        791.6169626736797
      ],
      "obj_id": 8
    },
    {
      "cam_R_m2c": [
        0.0552394596027551,
        -0.0975714227745723,
        -0.9936941242483791,
        -0.7939857741888534,
        0.5991534028934604,
        -0.10296894884670414,
        0.6054220623659601,
        0.7946665741475749,
        -0.044373337645526395
      ],
      "cam_t_m2c": [
        -57.03590190367763,
        -89.39414871300701,
        850.0541226771038
      ],
      "obj_id": 11
    },
    {
      "cam_R_m2c": [
        0.9751456758746756,
        0.11198981803113273,
        -0.19117738674700507,
        -0.21966507915876018,
        0.6013868703022616,
        -0.7681678561573363,
        0.02894461851756336,
        0.7910701686971081,
        0.6110401494806463
      ],
      "cam_t_m2c": [
        -111.57168569838058,
        -32.50770162262367,
        781.0503283713069
      ],
      "obj_id": 12
    },
    {
      "cam_R_m2c": [
        -0.6564417871790076,
        -0.7518133207721298,
        0.06213304171848914,
        0.4826474669364265,
        -0.3552621025150994,
        0.8005253708488167,
        -0.5797723183160891,
        0.5554867341919846,
        0.5960692558054644
      ],
      "cam_t_m2c": [
        -17.7506082731143,
        51.17744632621349,
        692.2758168934173
      ],
      "obj_id": 18
    }
  ],
  "225": [
    {
      "cam_R_m2c": [
        0.8486684547200685,
        0.10526415426911383,
        -0.5183453106773999,
        0.45748774203803183,
        -0.637924406045732,
        0.6194814457170559,
        -0.26545529216972114,
        -0.7628707240028513,
        -0.5895430871684744
      ],
      "cam_t_m2c": [
        38.39308463390612,
        43.67169318860769,
        709.3680406665259
      ],
      "obj_id": 5
    },
    {
      "cam_R_m2c": [
        0.9888601447238088,
        -0.0328262684367683,
        -0.14518368615676588,
        -0.05837180131215498,
        0.8117312704166688,
        -0.5811068566462201,
        0.13692629418144428,
        0.5831077252726289,
        0.8007720736101046
      ],
      "cam_t_m2c": [
        47.744911597487445,
        -51.44485191522586,
        770.1309888790394
      ],
      "obj_id": 8
    },
    {
      "cam_R_m2c": [
        0.7267762048734132,
        0.02322945779463359,
        -0.6864816703647374,
        -0.5723077501117496,
        0.5731270068897039,
        -0.5865060787941033,
        0.3798169037237899,
        0.8191370799619332,
        0.42982878647139805
      ],
      "cam_t_m2c": [
        27.89317743621711,
        -89.07638266578769,
        856.345411937465
      ],
      "obj_id": 11
    },
    {
      "cam_R_m2c": [
        0.7149767788900961,
        -0.023595934325484333,
        0.6987503510109839,
        0.47785765101795624,
        0.7460406760068,
        -0.46376212875184186,
        -0.5103525271179394,
        0.6654820338592229,
        0.5446770570909393
      ],
      "cam_t_m2c": [
        -70.55312339616914,
        -80.66306655310505,
        837.0261539939071
      ],
      "obj_id": 12
    },
    {
      "cam_R_m2c": [
        -0.9801296753880958,
        -0.19641531428664188,
        0.027699376634957317,
        0.17242465205361868,
        -0.7745985586051544,
        0.6084955202892665,
        -0.09806222703955911,
        0.6011799340506752,
        0.793073633117229
      ],
      "cam_t_m2c": [
        -92.02839820598578,
        21.697187243164542,
        718.7490411860115
      ],
      "obj_id": 18
    }
  ],
  "233": [
    {
      "cam_R_m2c": [
        0.37946422795183793,
        -0.11576396583996158,
        -0.9179356731086051,
        0.6707220385266135,
        -0.648975325247983,
        0.35911349945157384,
        -0.6372907620500715,
        -0.7519500426504481,
        -0.16861774313974795
      ],
      "cam_t_m2c": [
        -35.14547259730438,
        41.65898635512077,
        703.3272952379933
      ],
      "obj_id": 5
    },
    {
      "cam_R_m2c": [
        0.6980637233597332,
        -0.12227934603480414,
        0.705517601414238,
        0.5827380936548008,
        0.6695716157382738,
        -0.4605319248958235,
        -0.4160815484158812,
        0.7326122713039825,
        0.5386611012895083
      ],
      "cam_t_m2c": [
        45.186919679728675,
        -25.277882553708775,
        739.1427775118124
      ],
      "obj_id": 8
    },
    {
      "cam_R_m2c": [
        0.9827778265832058,
        -0.15419875431551663,
        0.10183688312270552,
        0.17677965447533242,
        0.6240027345152509,
        -0.7611628696444989,
        0.053823852592834474,
        0.7660565495631521,
        0.6405160997913735
      ],
      "cam_t_m2c": [
        87.73815431852255,
        -56.49334074157264,
        823.3237264651157
      ],
      "obj_id": 11
    },
    {
      "cam_R_m2c": [
        0.2119619532911242,
        -0.07603501051711649,
        0.9743157077460559,
        0.7583905191434804,
        0.6415895989756064,
        -0.11491806341583194,
        -0.6163738044678696,
        0.7632696931950832,
        0.1936570157619238
      ],
      "cam_t_m2c": [
        -5.617690491949878,
        -94.9071924643623,
        850.423040206566
      ],
      "obj_id": 12
    },
    {
      "cam_R_m2c": [
        -0.7863354588337538,
        0.6170509815611376,
        -0.030412863422376927,
        -0.3959042290036363,
        -0.46550431987280017,
        0.7915584607078231,
        0.47427505565587397,
        0.6344717453732209,
        0.6103354748871567
      ],
      "cam_t_m2c": [
        -117.11890885701365,
        -26.345288902213664,
        775.2115316815007
      ],
      "obj_id": 18
    }
  ],
  "238": [
    {
      "cam_R_m2c": [
        0.09917069227763804,
        -0.0064246172017476035,
        -0.9950501649580106,
        0.5834840480486116,
        -0.8096477921704743,
        0.0633798622652405,
        -0.8060468254390658,
        -0.5868804800607369,
        -0.07654394853934268
      ],
      "cam_t_m2c": [
        -69.66137270084397,
        32.39641186882189,
        714.8461722375962
      ],
      "obj_id": 5
    },
    {
      "cam_R_m2c": [
        0.5797141554180075,
        -0.03408338831527452,
        0.814107372838336,
        0.526430931521356,
        0.7782768102859333,
        -0.342280459266201,
        -0.6219346164854654,
        0.6269952581896401,
        0.4691197606468954
      ],
      "cam_t_m2c": [
        24.756242201785344,
        -7.282237846013798,
        726.5171444205703
      ],
      "obj_id": 8
    },
    {
      "cam_R_m2c": [
        0.9530676954210469,
        0.11773943231482674,
        0.27892703301113536,
        0.1491119529403487,
        0.6192575003405192,
        -0.7708994995403995,
        -0.26349335791322653,
        0.7763098048222683,
        0.5726372835424194
      ],
      "cam_t_m2c": [
        109.37852953111373,
        -24.71065543555595,
        784.5295357874794
      ],
      "obj_id": 11
    },
    {
      "cam_R_m2c": [
        -0.18213039384567067,
        -0.04707054864472165,
        0.9821475181904249,
        0.5403933163700068,
        0.8296880601617497,
        0.1399749624317141,
        -0.8214641487813933,
        0.556238773446213,
        -0.12567538271153728
      ],
      "cam_t_m2c": [
        39.80533405603409,
        -84.78002293149561,
        845.9478738802578
      ],
      "obj_id": 12
    },
    {
      "cam_R_m2c": [
        -0.6305785647546089,
        0.7724356582201193,
        -0.07559582733782391,
        -0.4721101391341543,
        -0.3044420793620593,
        0.8273011660612742,
        0.6160223962576508,
        0.557367058898251,
        0.556648511873783
      ],
      "cam_t_m2c": [
        -106.53246742424147,
        -62.373713787144325,
        810.7313130919766
      ],
      "obj_id": 18
    }
  ],
  "24": [
    {
      "cam_R_m2c": [
        -0.3671571840735033,
        0.11607258414338362,
        -0.9228881499808889,
        0.8924230236002926,
        -0.2357839925934023,
        -0.38469195147631857,
        -0.2622543806104483,
        -0.9648490561791695,
        -0.017015457232476428
      ],
      "cam_t_m2c": [
        -92.81829629458153,
        65.59740690243073,
        744.9128415616898
      ],
      "obj_id": 5
    },
    {
      "cam_R_m2c": [
        0.12458934583940688,
        -0.09354934587306925,
        0.9877883242445289,
        0.9224141278874215,
        0.377704884947787,
        -0.08057285996051104,
        -0.36555520609500947,
        0.9211884597545482,
        0.13334870791012668
      ],
      "cam_t_m2c": [
        14.119985277761884,
        49.71008898842967,
        726.1786519019331
      ],
      "obj_id": 8
    },
    {
      "cam_R_m2c": [
        0.859236003261961,
        0.029060388476182735,
        0.510753242827513,
        0.5078722326774856,
        0.07152627720373585,
        -0.8584582268207708,
        -0.061479903428113776,
        0.9970155631505406,
        0.046698707057908684
      ],
      "cam_t_m2c": [
        104.74623849563119,
        20.536101341886052,
        769.7955491005353
      ],
      "obj_id": 11
    },
    {
      "cam_R_m2c": [
        -0.35561039247918735,
        -0.10874064030869528,
        0.9282869495255499,
        0.8669066791380765,
        0.33282165999372326,
        0.37108401177032097,
        -0.3493057110328959,
        0.936699408292999,
        -0.024087503300179443
      ],
      "cam_t_m2c": [
        63.37100180061927,
        -73.292590435076,
        784.7865086436246
      ],
      "obj_id": 12
    },
    {
      "cam_R_m2c": [
        -0.41244895069400495,
        0.9047568678959222,
        -0.10630492340509709,
        -0.8438912554220525,
        -0.3355108677272615,
        0.4186654546531637,
        0.34312435155915433,
        0.2623873771492638,
        0.9018975174578794
      ],
      "cam_t_m2c": [
        -89.44670230872708,
        -65.82789504201337,
        778.8955635956345
      ],
      "obj_id": 18
    }
  ],
  "251": [
    {
      "cam_R_m2c": [
        -0.9657303142969003,
        -0.025386211496090386,
        -0.2583013437907477,
        0.20757665897594965,
        -0.67297478909523,
        -0.7099409530777047,
        -0.15580805539379716,
        -0.7392292022622622,
        0.6551828582188013
      ],
      "cam_t_m2c": [
        -103.9963073232522,
        -43.38208023375786,
        791.3969062896929
      ],
      "obj_id": 5
    },
    {
      "cam_R_m2c": [
        -0.5760107561702095,
        0.09002405538154093,
        0.8124692890018471,
        0.6575237715514208,
        0.6415429783868463,
        0.3950752232909646,
        -0.4856686165560575,
        0.7617858048414327,
        -0.428729405333879
      ],
      "cam_t_m2c": [
        -33.382855307801776,
        -7.445969120728274,
        726.141142615397
      ],
      "obj_id": 8
    },
    {
      "cam_R_m2c": [
        0.09707383593000414,
        0.1217138060326932,
        0.9878064144419622,
        0.7636338781884412,
        0.6274166010415484,
        -0.15235175276284352,
        -0.6383106561215898,
        0.7691121309063852,
        -0.03203919818134204
      ],
      "cam_t_m2c": [
        52.030712664699735,
        47.732320729403554,
        709.6413193355354
      ],
      "obj_id": 11
    },
    {
      "cam_R_m2c": [
        -0.9622075874722908,
        -0.16951279611189607,
        0.21312215588264855,
        -0.0009005643915893924,
        0.784606151558466,
        0.6199931890986324,
        -0.27231394063567665,
        0.5963705590996823,
        -0.7551079071761088
      ],
      "cam_t_m2c": [
        99.69910006233827,
        -18.84995613113992,
        776.7947953154087
      ],
      "obj_id": 12
    },
    {
      "cam_R_m2c": [
        0.44998356797816585,
        0.8898543184948539,
        -0.07532037364057104,
        -0.46579913026849656,
        0.30583094549789974,
        0.8303599587724388,
        0.761935746179145,
        -0.3385648692116137,
        0.5521127755484005
      ],
      "cam_t_m2c": [
        -6.232379327296508,
        -98.7152716562166,
        850.5600715007708
      ],
      "obj_id": 18
    }
  ],
  "261": [
    {
      "cam_R_m2c": [
        -0.8888096980694061,
        0.04496608476324653,
        0.45606503967303663,
        -0.38709743858603035,
        -0.6063529744428809,
        -0.694616012359203,
        0.24530247621180384,
        -0.7939226322624789,
        0.5563390344331233
      ],
      "cam_t_m2c": [
        -54.759927612832996,
        -87.8669650380317,
        845.3794689939783
      ],
      "obj_id": 5
    },
    {
      "cam_R_m2c": [
        -0.9815957070672715,
        -0.1710265094144867,
        0.0849689443243827,
        -0.07426433971242113,
        0.751764475593794,
        0.6552362428732924,
        -0.17593929396572186,
        0.6368666449909716,
        -0.7506304298342302
      ],
      "cam_t_m2c": [
        -60.235456462654696,
        -35.2339525182021,
        752.3626834848959
      ],
      "obj_id": 8
    },
    {
      "cam_R_m2c": [
        -0.6893828168775978,
        0.18986821239045684,
        0.6990718962742412,
        0.5621347705284523,
        0.7488938240128916,
        0.3509443821695915,
        -0.45689768410044884,
        0.6349072170279297,
        -0.6230064752123807
      ],
      "cam_t_m2c": [
        -47.285893543789655,
        55.49075737952113,
        696.3441247042708
      ],
      "obj_id": 11
    },
    {
      "cam_R_m2c": [
        -0.8763944740236365,
        0.05819568981882761,
        -0.47806498723722224,
        -0.26401416883515927,
        0.77215585494961,
        0.5779889300683636,
        0.4027775590582504,
        0.632761872608921,
        -0.6613489512747629
      ],
      "cam_t_m2c": [
        55.84605042731548,
        32.648242596994955,
        713.9226658446369
      ],
      "obj_id": 12
    },
    {
      "cam_R_m2c": [
        0.9812620856275585,
        0.12245465622868253,
        -0.14875956386426342,
        0.04203672010588453,
        0.6174100550738452,
        0.7855172098449362,
        0.18803580828712427,
        -0.7770521991506921,
        0.6006931993136547
      ],
      "cam_t_m2c": [
        78.50297510118897,
        -69.62701201111491,
        818.9793321380179
      ],
      "obj_id": 18
    }
  ],
  "269": [
    {
      "cam_R_m2c": [
        -0.4955220512477098,
        0.13297220339733792,
        0.8583565020431152,
        -0.5905600183561445,
        -0.7762351320716563,
        -0.22067493658733447,
        0.6369432700501628,
        -0.6162602697620503,
        0.4631699056538954
      ],
      "cam_t_m2c": [
        17.113254941707208,
        -86.33030298728313,
        848.3072907608997
      ],
      "obj_id": 5
    },
    {
      "cam_R_m2c": [
        -0.7963497992578028,
        -0.008163071249485199,
        -0.6047809012189136,
        -0.3328201653379891,
        0.8408278358015818,
        0.4268943307393507,
        0.5050321654330702,
        0.5412404547807659,
        -0.6723103269871694
      ],
      "cam_t_m2c": [
        -54.61383481771353,
        -61.37892677223993,
        774.1003650701807
      ],
      "obj_id": 8
    },
    {
      "cam_R_m2c": [
        -0.9886932061101834,
        0.05548248597039382,
