{
  "105": [
    {
      "cam_R_m2c": [
        0.9985082828547943,
        0.01991406499490137,
        0.05084802802930734,
        0.03784478090761643,
        0.4189249195420004,
        -0.9072317653924616,
        -0.03936845030964185,
        0.9078028733263285,
        0.41754549522954804
      ],
      "cam_t_m2c": [
        22.737246861379017,
        -9.756620605334742,
        700.6465785334732
      ],
      "obj_id": 6
    },
    {
      "cam_R_m2c": [
        0.7659526129506775,
        0.6426445986239655,
        -0.018039001812669018,
        -0.562774733306922,
        0.6837943526740342,
        0.4644455731613591,
        0.3108076428034804,
        -0.3455909341988601,
        0.8854183636724485
      ],
      "cam_t_m2c": [
        2.615739933648445,
        31.46190612932526,
        743.7449309395557
      ],
      "obj_id": 7
    },
    {
      "cam_R_m2c": [
        -0.997667851854007,
        0.05311680533649572,
        -0.04287593794211599,
        -0.06708665300725242,
        -0.8790059682428545,
        0.4720674386120781,
        -0.012613229507120825,
        0.47384206774212934,
        0.8805196088781894
      ],
      "cam_t_m2c": [
        55.527526692940974,
        -68.07232278956381,
        800.4634129813808
      ],
      "obj_id": 11
    },
    {
      "cam_R_m2c": [
        0.785773859292591,
        -0.618099917464565,
        0.022645733991229006,
        -0.5435417661106117,
        -0.7075359089836507,
        -0.45161385892725786,
        0.29516442416471583,
        0.3425569826072549,
        -0.8919264877647566
      ],
      "cam_t_m2c": [
        -25.890071694668983,
        -80.95314005930591,
        803.1842708125464
      ],
      "obj_id": 11
    },
    {
      "cam_R_m2c": [
        0.9994908181977165,
        0.02754060102612968,
        0.01614038751429186,
        0.03188210114523533,
        -0.8863772590248885,
        -0.4618643599380473,
        0.0015861988932183721,
        0.46214292166033677,
        -0.886804131321822
      ],
      "cam_t_m2c": [
        -93.38632100665922,
        -25.04314673348331,
        773.0113227940409
      ],
      "obj_id": 12
    }
  ],
  "11": [
    {
      "cam_R_m2c": [
        -0.26595614598903383,
        -0.059123141626124254,
        -0.9621700730620826,
        -0.9333672077125713,
        0.2653530970777535,
        0.24168909817728385,
        0.2410248849321229,
        0.9623371764800296,
        -0.12575570439941766
      ],
      "cam_t_m2c": [
        4.449095704363851,
        -46.86908143286542,
        716.959386411767
      ],
      "obj_id": 6
    },
    {
      "cam_R_m2c": [
        -0.8345286073265618,
        0.5509253852697054,
        -0.00653334141316493,
        -0.5308244121169737,
        -0.8007898683591883,
        0.27741891251525364,
        0.14760506253788677,
        0.23498159162691296,
        0.9607271880811667
      ],
      "cam_t_m2c": [
        26.829066298816667,
        -16.75413997506359,
        767.2111754740057
      ],
      "obj_id": 7
    },
    {
      "cam_R_m2c": [
        0.28317432714440216,
        -0.9589677760493479,
        0.013877391442779259,
        0.9145590426720849,
        0.2743609470865183,
        0.297166709904753,
        -0.28878023350052234,
        -0.07145806257256856,
        0.9547251169393965
      ],
      "cam_t_m2c": [
        -97.75883430074931,
        -29.440511841625746,
        774.3935539832561
      ],
      "obj_id": 11
    },
    {
      "cam_R_m2c": [
        -0.8276316305716783,
        -0.5612542562300736,
        -0.0043599607360274685,
        -0.5378440128734017,
        0.7952832161598786,
        -0.2797295954165478,
        0.1604665899510973,
        -0.22916761626228602,
        -0.9600692757045316
      ],
      "cam_t_m2c": [
        -85.85986646714267,
        47.956703105192204,
        749.058416628065
      ],
      "obj_id": 11
    },
    {
      "cam_R_m2c": [
        -0.2798122901720156,
        -0.960027982481639,
        0.007129545180727276,
        -0.9224287195377805,
        0.26677980205873525,
        -0.2792024614746658,
        0.26613966174435055,
        -0.08470056410782459,
        -0.960206136750517
      ],
      "cam_t_m2c": [
        -3.6501834240610114,
        91.05099077707132,
        735.0756858550977
      ],
      "obj_id": 12
    }
  ],
  "119": [
    {
      "cam_R_m2c": [
        0.3084124922816328,
        0.04444193351177117,
        0.9502138037116109,
        0.8455261103376549,
        0.4448797440606723,
        -0.29524082097814136,
        -0.4358519975575745,
        0.8944873806227962,
        0.09962926200264374
      ],
      "cam_t_m2c": [
        -19.21734486268798,
        3.546635166319491,
        693.7712535717068
      ],
      "obj_id": 6
    },
    {
      "cam_R_m2c": [
        0.8672563767934477,
        -0.49786090486770196,
        -0.0007125358968669182,
        0.4420924207284359,
        0.7694494197650192,
        0.46097875246700665,
        -0.22895530212407741,
        -0.40010152435020774,
        0.8874113166437877
      ],
      "cam_t_m2c": [
        -42.977686056336694,
        17.387163874417283,
        750.6830496392264
      ],
      "obj_id": 7
    },
    {
      "cam_R_m2c": [
        -0.31068032938902557,
        0.9492379788008897,
        -0.049240407372006766,
        -0.8576820957512596,
        -0.2576316705397323,
        0.44497965766622616,
        0.40970570260646,
        0.18047869106588907,
        0.8941863714680525
      ],
      "cam_t_m2c": [
        82.24179238845878,
        28.494837754009925,
        750.0092100609992
      ],
      "obj_id": 11
    },
    {
      "cam_R_m2c": [
        0.8522361290088631,
        0.5231381346184636,
        0.0044393781672041055,
        0.4685844541661314,
        -0.7595346880763807,
        -0.4511487423050329,
        -0.2326414971899663,
        0.3865652232160042,
        -0.8924381606458459
      ],
      "cam_t_m2c": [
        64.94177608035095,
        -44.64368310865576,
        786.4176418308168
      ],
      "obj_id": 11
    },
    {
      "cam_R_m2c": [
        0.30004713952630546,
        0.9538704686011047,
        -0.010121865016437828,
        0.848808962813075,
        -0.27181101303174726,
        -0.4534772779253543,
        -0.435309850585102,
        0.12747268480952892,
        -0.8912107902134404
      ],
      "cam_t_m2c": [
        -16.640396052544165,
        -82.56422953865548,
        804.7283860301559
      ],
      "obj_id": 12
    }
  ],
  "128": [
    {
      "cam_R_m2c": [
        -0.45853142582800915,
        0.006340481092987343,
        0.888655026346,
        0.7753721389535856,
        0.49145513157551246,
        0.3965724685708733,
        -0.43421971160706146,
        0.8708794832286915,
        -0.23026397481967245
      ],
      "cam_t_m2c": [
        -43.34742349786949,
        -15.2088767845507,
        701.291536829792
      ],
      "obj_id": 6
    },
    {
      "cam_R_m2c": [
        0.24831454616026652,
        -0.9684295303783462,
        -0.02198073768762074,
        0.8595558454940707,
        0.20982211119473523,
        0.46598096216318763,
        -0.44665782658043035,
        -0.1346035091301704,
        0.8845213464834146
      ],
      "cam_t_m2c": [
        -51.372989207029406,
        -11.355865233262579,
        765.0859393198658
      ],
      "obj_id": 7
    },
    {
      "cam_R_m2c": [
        0.45399799490559933,
        0.8909194082810885,
        -0.012142343953159917,
        -0.8092150707263709,
        0.4179893669748386,
        0.4128627991992152,
        0.3729029251175388,
        -0.17761321479371878,
        0.910711961052093
      ],
      "cam_t_m2c": [
        29.793719034853066,
        74.92972574520448,
        725.0079986048019
      ],
      "obj_id": 11
    },
    {
      "cam_R_m2c": [
        0.21013122445326404,
        0.9773750508236217,
        0.02412242591950361,
        0.8711608279762977,
        -0.17598286509926353,
        -0.4583761073429198,
        -0.4437603751934955,
        0.11733362305769679,
        -0.8884305651676186
      ],
      "cam_t_m2c": [
        76.90664515339952,
        14.798416836479634,
        754.8409039143387
      ],
      "obj_id": 11
    },
    {
      "cam_R_m2c": [
        -0.4599438169702048,
        0.8876608732199381,
        0.022558086467187037,
        0.7810341944939391,
        0.4165190412868271,
        -0.46529269585542044,
        -0.42241809649551315,
        -0.19638997271610298,
        -0.8848690616456641
      ],
      "cam_t_m2c": [
        47.20290717878805,
        -64.16521817517402,
        795.4793757886695
      ],
      "obj_id": 12
    }
  ],
  "134": [
    {
      "cam_R_m2c": [
        -0.8370432659722117,
        -0.01969069313231739,
        0.5467824913818137,
        0.4666981816887565,
        0.4959065551749029,
        0.7323041900676444,
        -0.2855723540833324,
        0.868152360375671,
        -0.40590479969583787
      ],
      "cam_t_m2c": [
        -47.96428334204936,
        -32.5096350473956,
        711.7776162345918
      ],
      "obj_id": 6
    },
    {
      "cam_R_m2c": [
        -0.26988078084338857,
        -0.9628912154706535,
        0.002263833911366389,
        0.8628849972355347,
        -0.24080598616416898,
        0.4443443310812578,
        -0.4273093740242272,
        0.12187300271413233,
        0.8958529246031876
      ],
      "cam_t_m2c": [
        -43.4635845137614,
        -28.3627687355948,
        774.4468519226308
      ],
      "obj_id": 7
    },
    {
      "cam_R_m2c": [
        0.8342753376696473,
        0.5513434720448882,
        -0.002296735806408078,
        -0.49420311383005683,
        0.7496458466254668,
        0.44022080609630443,
        0.2444343708542913,
        -0.3661295007167458,
        0.8978863012417907
      ],
      "cam_t_m2c": [
        -20.073453397103766,
        81.91581286137391,
        721.0040823565175
      ],
      "obj_id": 11
    },
    {
      "cam_R_m2c": [
        -0.3123677696623737,
        0.9499377041470402,
        0.006707803661719053,
        0.8492691696702933,
        0.28241465548105077,
        -0.44607595799561406,
        -0.42563803186581306,
        -0.13364257234238752,
        -0.8949696782518798
      ],
      "cam_t_m2c": [
        55.426566349642606,
        50.06368060208636,
        736.8893313997047
      ],
      "obj_id": 11
    },
    {
      "cam_R_m2c": [
        -0.8417709122235968,
        0.5398136449045366,
        0.00481824901280686,
        0.4745141700800559,
        0.7441412335426898,
        -0.47020217412478027,
        -0.25740676213848684,
        -0.39351537398830466,
        -0.8825452848702569
      ],
      "cam_t_m2c": [
        74.8849524633201,
        -30.38520732794829,
        777.7013259442626
      ],
      "obj_id": 12
    }
  ],
  "139": [
    {
      "cam_R_m2c": [
        -0.9910270695422331,
        -0.016939991535505645,
        0.13258706822440636,
        0.10567411531934892,
        0.5081097946385624,
        0.8547846464912275,
        -0.08184893510547671,
        0.8611252705090541,
        -0.5017604438731881
      ],
      "cam_t_m2c": [
        -44.695589573422005,
        -46.42578646243164,
        719.5025512199007
      ],
      "obj_id": 6
    },
    {
      "cam_R_m2c": [
        -0.6550768898265069,
        -0.755562834623362,
        -1.2340980842249677e-05,
        0.6687687170123323,
        -0.5798336706414481,
        0.46533934342850014,
        -0.35160036603236733,
        0.30482474099230894,
        0.8851319606429492
      ],
      "cam_t_m2c": [
        -27.64063380122327,
        -38.91648475028465,
        778.9040163910056
      ],
      "obj_id": 7
    },
    {
      "cam_R_m2c": [
        0.991890719204525,
        0.12621653203203967,
        0.014937177939937618,
        -0.11968639818916357,
        0.8880378331658983,
        0.44391818256087595,
        0.04276516615843329,
        -0.4421061397199538,
        0.8959424216920112
      ],
      "cam_t_m2c": [
        -59.31128193080032,
        69.93297074728856,
        726.9623288914439
      ],
      "obj_id": 11
    },
    {
      "cam_R_m2c": [
        -0.6784755372472738,
        0.7344117620378778,
        0.017642309904604383,
        0.6540982899563703,
        0.6148627067992474,
        -0.44056631169234717,
        -0.33440479330253925,
        -0.2873735972983392,
        -0.8975462999478306
      ],
      "cam_t_m2c": [
        23.640882892884584,
        68.73457557717417,
        728.1549476095968
      ],
      "obj_id": 11
    },
    {
      "cam_R_m2c": [
        -0.9902823609786321,
        0.13858073087727393,
        0.011711971416318157,
        0.11943896699979302,
        0.8905869283124555,
        -0.4388492252469703,
        -0.07124670634146459,
        -0.43318580963642517,
        -0.8984839864308584
      ],
      "cam_t_m2c": [
        79.92680921603638,
        2.755316442880705,
        760.8764964030548
      ],
      "obj_id": 12
    }
  ],
  "145": [
    {
      "cam_R_m2c": [
        -0.9438772852823062,
        -0.042199876491176326,
        -0.3275880660035998,
        -0.27674109129429,
        0.6424520927954017,
        0.714611572379114,
        0.18030296600177673,
        0.7651627349091129,
        -0.6180740457598581
      ],
      "cam_t_m2c": [
        -30.183650009325646,
        -75.54671701486734,
        739.9118787549818
      ],
      "obj_id": 6
    },
    {
      "cam_R_m2c": [
        -0.9267699659372198,
        -0.374850298427011,
        -0.024161317940971448,
        0.282292535116856,
        -0.7374790849943884,
        0.6135434281855539,
        -0.2478053007908565,
        0.5617927080476229,
        0.7892909382179818
      ],
      "cam_t_m2c": [
        -8.468771344001794,
        -48.78810475679836,
        792.5768383963688
      ],
      "obj_id": 7
    },
    {
      "cam_R_m2c": [
        0.94406328802724,
        -0.3296311327467387,
        0.009322373527456277,
        0.2569324407974114,
        0.752987111568637,
        0.605802067864929,
        -0.2067106918914061,
        -0.5695199440511981,
        0.7955604411442815
      ],
      "cam_t_m2c": [
        -90.23086802766582,
        27.89474142347084,
        737.2421185062789
      ],
      "obj_id": 11
    },
    {
      "cam_R_m2c": [
        -0.9421604778378357,
        0.3351416533900498,
        0.0035782296462524054,
        0.26371599753844327,
        0.7478709450104994,
        -0.6092150239067294,
        -0.20684929157891327,
        -0.5730343244114053,
        -0.7929966824628473
      ],
      "cam_t_m2c": [
        -16.961140177664273,
        56.69466967406418,
        716.609421707861
      ],
      "obj_id": 11
    },
    {
      "cam_R_m2c": [
        -0.9412491823700928,
        -0.33770258584877727,
        -0.002458063753898016,
        -0.26701219649262603,
        0.7486369607428033,
        -0.6068337513097294,
        0.2067693637996729,
        -0.5705250933546131,
        -0.7948246622193497
      ],
      "cam_t_m2c": [
        66.61177059996895,
        23.683242524018787,
        739.7694627634088
      ],
      "obj_id": 12
    }
  ],
  "156": [
    {
      "cam_R_m2c": [
        -0.2560502541270239,
        -0.05224185294172828,
        -0.9652508459550786,
        -0.7856954387598765,
        0.5929522383232081,
        0.17632736056537018,
        0.5631357614601623,
        0.8035416748659158,
        -0.19287130606709574
      ],
      "cam_t_m2c": [
        4.208257130728628,
        -79.16412946681446,
        743.5944891912728
      ],
      "obj_id": 6
    },
    {
      "cam_R_m2c": [
        -0.8408122175228044,
        0.5405920377261616,
        -0.02820000615349697,
        -0.4437998962218675,
        -0.658562961315178,
        0.607731421139573,
        0.30996342503674706,
        0.523502657876547,
        0.793642275406243
      ],
      "cam_t_m2c": [
        27.192344293434086,
        -33.040934850920486,
        780.9669054906602
      ],
      "obj_id": 7
    },
    {
      "cam_R_m2c": [
        0.2584448701613003,
        -0.9655793332505549,
        0.029375998148926333,
        0.7522559459599872,
        0.2202386740075525,
        0.6209725614978674,
        -0.6060677850905889,
        -0.13838846161110924,
        0.7832821533791888
      ],
      "cam_t_m2c": [
        -97.89085409075707,
        -43.52999455628253,
        792.1805556735924
      ],
      "obj_id": 11
    },
    {
      "cam_R_m2c": [
        -0.8299303628716415,
        -0.5578409726840745,
        0.00540542419347518,
        -0.44892073515927694,
        0.6620678909211783,
        -0.6001143848433624,
        0.3311897564991554,
        -0.5004792618675583,
        -0.7998964280787865
      ],
      "cam_t_m2c": [
        -85.51826252492496,
        20.60733310823375,
        740.7773884564298
      ],
      "obj_id": 11
    },
    {
      "cam_R_m2c": [
        -0.26470912438528926,
        -0.964326744073852,
        0.0017803730398107836,
        -0.7600018866875791,
        0.20748404833137554,
        -0.6159127463951768,
        0.5935715133858339,
        -0.16439035475075003,
        -0.7878128637307402
      ],
      "cam_t_m2c": [
        -5.021521568129799,
        56.869662920802575,
        714.1316332441975
      ],
      "obj_id": 12
    }
  ],
  "170": [
    {
      "cam_R_m2c": [
        0.8097975469519415,
        -0.009523495428984131,
        -0.5866323514242975,
        -0.47738046469474976,
        0.5705724767659051,
        -0.668247250979409,
        0.34107993945778875,
        0.8211920637397241,
        0.4575022959541791
      ],
      "cam_t_m2c": [
        32.45570416303473,
        -50.82009355173572,
        720.5599797492256
      ],
      "obj_id": 6
    },
    {
      "cam_R_m2c": [
        0.22296705042186038,
        0.9748059159457046,
        -0.006278179987700489,
        -0.7830241903010724,
        0.1829297092840294,
        0.5944823683063699,
        0.5806534118698217,
        -0.12763459333845864,
        0.8040841374087982
      ],
      "cam_t_m2c": [
        26.212965671383234,
        4.9790858686790305,
        751.1024824469848
      ],
      "obj_id": 7
    },
    {
      "cam_R_m2c": [
        -0.8177929714922577,
        -0.5754291999513271,
        -0.00980639209801974,
        0.44442301492350417,
        -0.6422514099386352,
        0.6245004062728253,
        -0.3656535692311365,
        0.5063543083466093,
        0.7809629133275401
      ],
      "cam_t_m2c": [
        -0.9089533983395719,
        -89.37254638050737,
        827.6654726230594
      ],
      "obj_id": 11
    },
    {
      "cam_R_m2c": [
        0.24240269771022863,
        -0.9701611209147036,
        0.00534983398989838,
        -0.7729152208597962,
        -0.19644628928994545,
        -0.6033327093175398,
        0.5863808941365035,
        0.1421150874543964,
        -0.7974716473473383
      ],
      "cam_t_m2c": [
        -74.01321294230189,
        -59.03808513725912,
        802.7855439962173
      ],
      "obj_id": 11
    },
    {
      "cam_R_m2c": [
        0.8219655492120845,
        -0.5687554200755117,
        0.02983632772169338,
        -0.43756111670686,
        -0.6641621524156847,
        -0.6061586975907314,
        0.36457182125118126,
        0.4851867879335484,
        -0.7947838914209522
      ],
      "cam_t_m2c": [
        -88.93548828021059,
        11.720621321204032,
        744.7316952741934
      ],
      "obj_id": 12
    }
  ],
  "177": [
    {
      "cam_R_m2c": [
        0.9999712761837269,
        -0.007552302413533049,
        -0.00011902366933375354,
        0.004230424796625339,
        0.5729920036480642,
        -0.8195500038833974,
        0.00625807793107064,
        0.8195262058653804,
        0.5730075152663842
      ],
      "cam_t_m2c": [
        27.238549367753297,
        -31.846176969350328,
        707.9285712233137
      ],
      "obj_id": 6
    },
    {
      "cam_R_m2c": [
        0.7460148446203017,
        0.6652459014131241,
        -0.03015537822145161,
        -0.5207556523615946,
        0.6110089376218196,
        0.5962227346183725,
        0.4150602570333199,
        -0.42908718852094646,
        0.8022525462112523
      ],
      "cam_t_m2c": [
        5.929958577212166,
        18.401740702507574,
        741.6500963620116
      ],
      "obj_id": 7
    },
    {
      "cam_R_m2c": [
        -0.9989596510028618,
        0.0097373104865905,
        -0.0445468219740232,
        -0.03529429507234688,
        -0.7836798910269062,
        0.6201613261133038,
        -0.028872152174491607,
        0.6210884318823067,
        0.7832084819746771
      ],
      "cam_t_m2c": [
        52.364469969741776,
        -72.06402242741171,
        815.2802320906801
      ],
      "obj_id": 11
    },
    {
      "cam_R_m2c": [
        0.7619905667084669,
        -0.6475878543791331,
        2.4006276889563412e-05,
        -0.5174263331635808,
        -0.6088577119316744,
        -0.6013004048316649,
        0.3894097911276846,
        0.45817258019324747,
        -0.7990230704819071
      ],
      "cam_t_m2c": [
        -28.07996301863193,
        -81.64770890433195,
        820.1781939198714
      ],
      "obj_id": 11
    },
    {
      "cam_R_m2c": [
        0.9994992808373911,
        -0.013748412038881446,
        0.02849179605913539,
        0.006442737032398388,
        -0.7933003849175218,
        -0.6087962822221006,
        0.030972933513190706,
        0.6086750532953816,
        -0.7928148263618896
      ],
      "cam_t_m2c": [
        -94.9365085762998,
        -29.918704709635083,
        777.6021575808055
      ],
      "obj_id": 12
    }
  ],
  "194": [
    {
      "cam_R_m2c": [
        0.10264817609065666,
        0.04896459240596378,
        0.9935119820004096,
        0.7849506020824162,
        0.6095079413078609,
        -0.11113845665118673,
        -0.610995438181722,
        0.7912656982628468,
        0.02412952440814604
      ],
      "cam_t_m2c": [
        -26.02597704713249,
        -21.054906981954854,
        698.5081046613652
      ],
      "obj_id": 6
    },
    {
      "cam_R_m2c": [
        0.7235489789371744,
        -0.6898896692652137,
        -0.023006996206728983,
        0.5587914670965817,
        0.5658346590570141,
        0.6062857387841737,
        -0.4052526099330086,
        -0.45153320395346985,
        0.7949132972835982
      ],
      "cam_t_m2c": [
        -48.01220836317396,
        -1.3187355499809141,
        755.3209831778518
      ],
      "obj_id": 7
    },
    {
      "cam_R_m2c": [
        -0.10086006405100795,
        0.9946778245261512,
        -0.021059393294226167,
        -0.8116124669274981,
        -0.07001713835130476,
        0.5799844247335422,
        0.575423285152136,
        0.07558875536138965,
        0.81435463256793
      ],
      "cam_t_m2c": [
        73.59516482625119,
        30.73763957787235,
        738.454230537871
      ],
      "obj_id": 11
    },
    {
      "cam_R_m2c": [
        0.7067682275196615,
        0.7074449803604546,
        0.0006935814576090236,
        0.567565566719201,
        -0.5664358650522142,
        -0.5975105681139954,
        -0.4223134784550449,
        0.42269478879935063,
        -0.8018600378662489
      ],
      "cam_t_m2c": [
        73.99546083970252,
        -35.8511880699963,
        787.2946217690813
      ],
      "obj_id": 11
    },
    {
      "cam_R_m2c": [
        0.09163452566305588,
        0.9956717747977654,
        0.015525918221017848,
        0.8041640695957966,
        -0.06479523580572025,
        -0.5908645184941107,
        -0.5873012535663491,
        0.06662841385607061,
        -0.8066206958900366
      ],
      "cam_t_m2c": [
        2.0704687042299263,
        -84.28921912315286,
        820.4243802847055
      ],
      "obj_id": 12
    }
  ],
  "2": [
    {
      "cam_R_m2c": [
        -0.865015750901094,
        -0.05389851622013552,
        -0.4988412964004054,
        -0.487864646585476,
        0.32258363543179563,
        0.8111274635461028,
        0.11719943673571688,
        0.9450055517992281,
        -0.3053348405791366
      ],
      "cam_t_m2c": [
        -25.902811613164,
        -43.80225817061171,
        714.45883469128
      ],
      "obj_id": 6
    },
    {
      "cam_R_m2c": [
        -0.9753859210616962,
        -0.21910951759257505,
        -0.02476410798221709,
        0.20309755330865084,
        -0.9364386224523092,
        0.28606637287666054,
        -0.08586975747230681,
        0.273995358532615,
        0.9578901274804963
      ],
      "cam_t_m2c": [
        -1.5395316832405532,
        -34.69887139248957,
        771.8126355184799
      ],
      "obj_id": 7
    },
    {
      "cam_R_m2c": [
        0.8652623443790163,
        -0.501168194930669,
        0.012306357790701489,
        0.47769839468053144,
        0.8316914103617277,
        0.2830079836147421,
        -0.1520696838131618,
        -0.23899713244418466,
        0.9590389790991062
      ],
      "cam_t_m2c": [
        -98.88418004000121,
        40.36143972225066,
        751.7921684999524
      ],
      "obj_id": 11
    },
    {
      "cam_R_m2c": [
        -0.9813380045064187,
        0.19223812954192435,
        0.004488717194566787,
        0.18358228715789915,
        0.9435860232654086,
        -0.27557726874849287,
        -0.05721178570811219,
        -0.26961017441918866,
        -0.9612688239197055
      ],
      "cam_t_m2c": [
        -32.26878286478236,
        88.36444174599804,
        737.2791510913456
      ],
      "obj_id": 11
    },
    {
      "cam_R_m2c": [
        -0.8648468521339876,
        -0.5020277857149845,
        0.002818709242877993,
        -0.4797958655487461,
        0.8248692237689028,
        -0.29897585857311876,
        0.14776909254510584,
        -0.25992045281451065,
        -0.9542568953597225
      ],
      "cam_t_m2c": [
        58.04911719719173,
        62.999259074772915,
        745.2472378857135
      ],
      "obj_id": 12
    }
  ],
  "206": [
    {
      "cam_R_m2c": [
        -0.8104922097479784,
        0.007416387877487149,
        0.5857026794261365,
        0.4553953991613893,
        0.6368625818501863,
        0.6221104570134682,
        -0.3683981947392471,
        0.7709423537324358,
        -0.5195492106540949
      ],
      "cam_t_m2c": [
        -46.40395983671492,
        -48.34235573837506,
        719.4416056758672
      ],
      "obj_id": 6
    },
    {
      "cam_R_m2c": [
        -0.23030483399161814,
        -0.9731015615913897,
        -0.0057681385392623265,
        0.7790571549066928,
        -0.18792617448911225,
        0.5981254548779621,
        -0.5831204764749984,
        0.13325728273554194,
        0.8013823908603198
      ],
      "cam_t_m2c": [
        -43.564990452576595,
        -34.461365990256304,
        779.6235293877303
      ],
      "obj_id": 7
    },
    {
      "cam_R_m2c": [
        0.8079113434536886,
        0.5888773751875884,
        -0.022426001917245125,
        -0.47248689913479536,
        0.6700342514893582,
        0.5725474384180707,
        0.35218628551165293,
        -0.45197122326262823,
        0.8195654787149231
      ],
      "cam_t_m2c": [
        -12.495821752326576,
        64.70169767902406,
        710.356419000043
      ],
      "obj_id": 11
    },
    {
      "cam_R_m2c": [
        -0.24272856215930355,
        0.9700941775405126,
        0.0006357445307506609,
        0.7741192489149956,
        0.19408886027892205,
        -0.602552264373337,
        -0.584655506248691,
        -0.14576431341068993,
        -0.7980798383919656
      ],
      "cam_t_m2c": [
        58.99987802925006,
        32.166586589524954,
        733.5709515247892
      ],
      "obj_id": 11
    },
    {
      "cam_R_m2c": [
        -0.822183098548266,
        0.5688683875605687,
        0.020098257397596377,
        0.4409588766133115,
        0.6588502283429416,
        -0.6094850388906595,
        -0.3599583842860889,
        -0.4922454356516839,
        -0.792543444448518
      ],
      "cam_t_m2c": [
        74.15718195327354,
        -39.90611309004459,
        788.9549721017805
      ],
      "obj_id": 12
    }
  ],
  "214": [
    {
      "cam_R_m2c": [
        -0.9976483493519692,
        -0.02594150952718675,
        -0.06344791416256873,
        -0.06552556461295812,
        0.6326893950643396,
        0.771628056335109,
        0.020125330236503598,
        0.7739708869224121,
        -0.6329012024984343
      ],
      "cam_t_m2c": [
        -37.17978289083254,
        -68.96625665857638,
        734.8964338585245
      ],
      "obj_id": 6
    },
    {
      "cam_R_m2c": [
        -0.7885171925227736,
        -0.6149335733670711,
        -0.00990721095430976,
        0.4814979050437266,
        -0.627277634506133,
        0.612112627634797,
        -0.38262329395955896,
        0.47789070739754635,
        0.7907084063935018
      ],
      "cam_t_m2c": [
        -19.71409470156454,
        -48.374236607242004,
        791.3099686793807
      ],
      "obj_id": 7
    },
    {
      "cam_R_m2c": [
        0.9958774185726498,
        -0.08880537182781877,
        0.018508878002835093,
        0.06118182124908509,
        0.808180106901761,
        0.5857482736100584,
        -0.06697580219240684,
        -0.5822009133007128,
        0.8102815673587455
      ],
      "cam_t_m2c": [
        -74.94833876840114,
        42.57993733919005,
        725.9075393840727
      ],
      "obj_id": 11
    },
    {
      "cam_R_m2c": [
        -0.8214920031256789,
        0.5698958523713534,
        0.01924590021835904,
        0.4493503532758588,
        0.6677699822589896,
        -0.593436478445442,
        -0.35104895534921243,
        -0.4788548590402112,
        -0.8046505793924885
      ],
      "cam_t_m2c": [
        7.290742312032982,
        56.16538123632324,
        716.8969917222659
      ],
      "obj_id": 11
    },
    {
      "cam_R_m2c": [
        -0.9976920010880586,
        -0.06421361700820388,
        0.02209283507500647,
        -0.06434947127213089,
        0.790038558266019,
        -0.6096700439913414,
        0.021694609828677224,
        -0.6096844235603386,
        -0.7923472456187088
      ],
      "cam_t_m2c": [
        76.48497947540207,
        8.044335538274941,
        753.9288623273793
      ],
      "obj_id": 12
    }
  ],
  "23": [
    {
      "cam_R_m2c": [
        0.6910744981711988,
        -0.0349771059489855,
        -0.7219367731822338,
        -0.6915559939380275,
        0.2584262419366803,
        -0.6745122671343945,
        0.21015941407800007,
        0.9653980898241169,
        0.15440284975884253
      ],
      "cam_t_m2c": [
        30.84765622080005,
        -18.1737117085006,
        706.9091445854144
      ],
      "obj_id": 6
    },
    {
      "cam_R_m2c": [
        0.042699823546688206,
        0.9990635836956074,
        -0.006981559881710402,
        -0.9599733782317854,
        0.042962775179661156,
        0.2767776768911455,
        0.27681789740651097,
        -0.005116335350951416,
        0.9609091536665717
      ],
      "cam_t_m2c": [
        31.50434088916146,
        22.687823194984464,
        754.9052288416744
      ],
      "obj_id": 7
    },
    {
      "cam_R_m2c": [
        -0.7025662781292028,
        -0.711028025557519,
        -0.028980273616836878,
        0.6675675631301363,
        -0.6726341793402323,
        0.3192450079571724,
        -0.2464848037699097,
        0.20494420240612263,
        0.9472295585778905
      ],
      "cam_t_m2c": [
        -20.411672343889197,
        -85.71142789366868,
        791.2082282798602
      ],
      "obj_id": 11
    },
    {
      "cam_R_m2c": [
        0.09350801905892846,
        -0.9956183982933289,
        0.0005878435232416004,
        -0.9540973882270674,
        -0.08977658509149175,
        -0.2857252316168316,
        0.2845255110311442,
        0.02615680353299059,
        -0.9583119423130394
      ],
      "cam_t_m2c": [
        -83.38040677722572,
        -37.85830484831674,
        774.6105473338904
      ],
      "obj_id": 11
    },
    {
      "cam_R_m2c": [
        0.7012420426207457,
        -0.7126515390756369,
        0.019684177579609583,
        -0.6808620642474531,
        -0.6776370406854866,
        -0.2779126822079576,
        0.21139315322482702,
        0.18148155896954363,
        -0.960405178319694
      ],
      "cam_t_m2c": [
        -83.39279829964792,
        51.836783421432926,
        746.6057447401159
      ],
      "obj_id": 12
    }
  ],
  "231": [
    {
      "cam_R_m2c": [
        0.03608968065970843,
        -0.06153021706683858,
        -0.9974525044720995,
        -0.6808453492302398,
        0.7291118865280249,
        -0.0696111213824057,
        0.7315370873852909,
        0.6816237386053228,
        -0.015578853667294053
      ],
      "cam_t_m2c": [
        16.041043907259176,
        -88.65347591416659,
        755.9135093970789
      ],
      "obj_id": 6
    },
    {
      "cam_R_m2c": [
        -0.6493045424276218,
        0.7604896071713814,
        -0.007687629705771523,
        -0.5150390298754597,
        -0.4322569960181427,
        0.7401951854609483,
        0.559587515487717,
        0.48457090438877115,
        0.6723488576340853
      ],
      "cam_t_m2c": [
        32.637661793479616,
        -33.063758471870166,
        780.6298583246079
      ],
      "obj_id": 7
    },
    {
      "cam_R_m2c": [
        -0.04687697735338988,
        -0.9989001316704023,
        0.0010012579858159438,
        0.6636083313583,
        -0.03039287972121133,
        0.7474626767696753,
        -0.7466095950827853,
        0.03570356845247525,
        0.6643037948555084
      ],
      "cam_t_m2c": [
        -82.21759640175671,
        -65.07257353180769,
        818.3267998259014
      ],
      "obj_id": 11
    },
    {
      "cam_R_m2c": [
        -0.6160713242932564,
        -0.7872928213332804,
        0.02502135853348038,
        -0.5526408237184394,
        0.4093802764125919,
        -0.7259449654396659,
        0.5612877950727481,
        -0.4610610955705001,
        -0.687298215608757
      ],
      "cam_t_m2c": [
        -94.20434783067871,
        -11.701673025603428,
        758.8092100915247
      ],
      "obj_id": 11
    },
    {
      "cam_R_m2c": [
        0.025858848022130405,
        -0.9994982519708234,
        0.018289683605047534,
        -0.666876658341248,
        -0.030877214609287964,
        -0.744528281631696,
        0.7447188756736128,
        0.007056001763319321,
        -0.6673410850031797
      ],
      "cam_t_m2c": [
        -30.096067497983217,
        34.25894651956477,
        708.7947417502676
      ],
      "obj_id": 12
    }
  ],
  "248": [
    {
      "cam_R_m2c": [
        0.9987268502628757,
        -0.013818575023670208,
        -0.04852618443040158,
        -0.02466488853233555,
        0.7052951729081642,
        -0.7084850826235375,
        0.044014891620844834,
        0.7087790004657745,
        0.7040558858676035
      ],
      "cam_t_m2c": [
        27.111591624910062,
        -51.14596725245032,
        718.5590699178027
      ],
      "obj_id": 6
    },
    {
      "cam_R_m2c": [
        0.7152367261163205,
        0.698868742079098,
        -0.004469221195102355,
        -0.46603714520134065,
        0.4816985884531216,
        0.7421432307137807,
        0.520812668095615,
        -0.5287253069153542,
        0.6702263828126314
      ],
      "cam_t_m2c": [
        9.006860193298044,
        4.018329755903338,
        742.0644047252609
      ],
      "obj_id": 7
    },
    {
      "cam_R_m2c": [
        -0.9967256310320096,
        -0.06481678721500889,
        -0.04835180305731699,
        0.007697388293397762,
        -0.6712710629651601,
        0.741172486205017,
        -0.0804969010156876,
        0.7383728401707839,
        0.669571086913582
      ],
      "cam_t_m2c": [
        49.726331510604815,
        -73.15719575926568,
        832.9117456446788
      ],
      "obj_id": 11
    },
    {
      "cam_R_m2c": [
        0.7389354232152244,
        -0.6737693951432006,
        0.003208745133302876,
        -0.45714048679923996,
        -0.5048422219444613,
        -0.7322278594806778,
        0.49497177368761747,
        0.539602268744001,
        -0.6810521445727736
      ],
      "cam_t_m2c": [
        -32.72003010358023,
        -80.01156273639556,
        834.6863904432774
      ],
      "obj_id": 11
    },
    {
      "cam_R_m2c": [
        0.9989434369430569,
        -0.038319008867927655,
        0.025391535220693838,
        -0.007821419948153717,
        -0.6860096823844427,
        -0.7275508865623692,
        0.045297212078149185,
        0.726583030030181,
        -0.6855836457162661
      ],
      "cam_t_m2c": [
        -96.00829031441164,
        -34.08572371307325,
        781.8448290952571
      ],
      "obj_id": 12
    }
  ],
  "259": [
    {
      "cam_R_m2c": [
        0.6084885111681688,
        0.03585243393095132,
        0.7927523998246274,
        0.5367654102839055,
        0.7171886000027234,
        -0.4444368117776793,
        -0.5844872246208864,
        0.695956664244777,
        0.41715596201588323
      ],
      "cam_t_m2c": [
        -5.396924151740637,
        -38.72326624864286,
        702.7903154091966
      ],
      "obj_id": 6
    },
    {
      "cam_R_m2c": [
        0.980310802069627,
        -0.1966561177938691,
        -0.01780843258119543,
        0.14523769417504548,
        0.6570040001097642,
        0.7397651197960432,
        -0.1337796777555901,
        -0.7277857216869629,
        0.672629929105663
      ],
      "cam_t_m2c": [
        -31.378307625888052,
        -0.4196168762374234,
        744.7964464810575
      ],
      "obj_id": 7
    },
    {
      "cam_R_m2c": [
        -0.6262530155723265,
        0.7775636259257256,
        -0.056586572633720765,
        -0.5606151621703579,
        -0.39870402535576815,
        0.7257729834660847,
        0.5417734645472139,
        0.48624007173303063,
        0.6856034917485252
      ],
      "cam_t_m2c": [
        88.96159666680603,
        -17.665601152458624,
        774.0359706671095
      ],
      "obj_id": 11
    },
    {
      "cam_R_m2c": [
        0.978854108252131,
        0.20241809119695175,
        0.029523299522787278,
        0.15931167728603568,
        -0.663820194775171,
        -0.7307278646869105,
        -0.12831491661047537,
        0.7199788682486774,
        -0.6820306162558657
      ],
      "cam_t_m2c": [
        46.490931936115,
        -67.86111634716364,
        825.426712964019
      ],
      "obj_id": 11
    },
    {
      "cam_R_m2c": [
        0.6033529397170988,
        0.797379684484818,
        0.012284078176598262,
        0.5395816980300742,
        -0.39684559759746446,
        -0.7425401277179594,
        -0.5872116306408203,
        0.45464131993399554,
        -0.66968937508886
      ],
      "cam_t_m2c": [
        -45.54403237933392,
        -77.70897781231588,
        829.9202136282415
      ],
      "obj_id": 12
    }
  ],
  "273": [
    {
      "cam_R_m2c": [
        -0.5347465704367541,
        -7.34172204765887e-05,
        0.8450125957426619,
        0.5518652587309567,
        0.7572539940083914,
        0.34930136817870355,
        -0.6399147815725883,
        0.6531203676454126,
        -0.40489872852657166
      ],
      "cam_t_m2c": [
        -44.1562915294803,
        -56.22256000801302,
        719.770499000751
      ],
      "obj_id": 6
    },
    {
      "cam_R_m2c": [
        0.16109724832454206,
        -0.9864490102301693,
        -0.031083944235495847,
        0.6652729049999665,
        0.0852733469367946,
        0.7417147189005956,
        -0.7290133060318652,
        -0.14016727466724876,
        0.6699946778176697
      ],
      "cam_t_m2c": [
        -50.83479680688645,
        -31.190481889967508,
        777.8872493523173
      ],
