{
    "2": [
        {
            "cam_R_m2c": [
                -0.9748456983637237,
                0.1112307202645137,
                -0.19314111796900701,
                -0.031426414409771924,
                0.7893124271785379,
                0.6131873868763954,
                0.22065383641625846,
                0.6038330597122454,
                -0.7659618156997371
            ],
            "cam_t_m2c": [
                -27.70290267087256,
                -33.59870832432093,
                726.4089375950119
            ],
            "obj_id": 6
        },
        {
            "cam_R_m2c": [
                -0.8809553844128465,
                -0.3140923584911717,
                -0.3539261174653774,
                -0.056197527670073875,
                -0.6732043164011318,
                0.7373182134964097,
                -0.4698503750892103,
                0.6694338425369484,
                0.5754119241742488
            ],
            "cam_t_m2c": [
                12.412002395869793,
                -33.10872872993825,
                781.3413445343881
            ],
            "obj_id": 7
        },
        {
            "cam_R_m2c": [
                0.7456629913545627,
                -0.26544615763387214,
                -0.6111672325521178,
                0.5087595216000711,
                0.8191238712729251,
                0.26495224538463125,
                0.43029097378529246,
                -0.508501929105837,
                0.7458388902326281
            ],
            "cam_t_m2c": [
                -97.14171653809397,
                46.88645810745212,
                767.243726973193
            ],
            "obj_id": 11
        },
        {
            "cam_R_m2c": [
                -0.6437753465788744,
                0.761216745079746,
                -0.0781166092047214,
                0.7320921747537954,
                0.5829824462182536,
                -0.35238128667535845,
                -0.22269771995281987,
                -0.28404271212887927,
                -0.9325909905420925
            ],
            "cam_t_m2c": [
                -34.8689500773137,
                76.16937761177219,
                727.2791151797171
            ],
            "obj_id": 11
        },
        {
            "cam_R_m2c": [
                -0.3950241687998043,
                -0.872399374597204,
                0.28788064880389763,
                -0.8973793497213048,
                0.2993591172618292,
                -0.3241825338040406,
                0.1966368828911132,
                -0.38639775601953047,
                -0.9011277092030543
            ],
            "cam_t_m2c": [
                56.753553546222015,
                68.79465473423329,
                729.896329004882
            ],
            "obj_id": 12
        }
    ],
    "11": [
        {
            "cam_R_m2c": [
                -0.42909272170984714,
                -0.626465579691017,
                -0.6507074278947091,
                -0.8891074530369941,
                0.4199666910857072,
                0.18197904988350325,
                0.15927141711164222,
                0.6566349892299175,
                -0.7371993187389589
            ],
            "cam_t_m2c": [
                -7.35866708878494,
                -44.06080791843884,
                705.6218490998339
            ],
            "obj_id": 6
        },
        {
            "cam_R_m2c": [
                -0.49332780854326114,
                0.7134962655598149,
                0.4975442293626814,
                -0.4738550711003171,
                -0.7001092082771051,
                0.5341432823892934,
                0.7294442078342742,
                0.027743779890632286,
                0.6834774035736657
            ],
            "cam_t_m2c": [
                32.58304085717922,
                -12.742904575424244,
                781.3562480087209
            ],
            "obj_id": 7
        },
        {
            "cam_R_m2c": [
                0.3038611434777933,
                -0.7233832728748337,
                -0.6199878920232964,
                0.9507764600830435,
                0.18874090925484,
                0.24576652738941518,
                -0.060765893261811435,
                -0.6641482433857812,
                0.7451271785026187
            ],
            "cam_t_m2c": [
                -93.93533635144557,
                -27.507665521039144,
                789.2528274742778
            ],
            "obj_id": 11
        },
        {
            "cam_R_m2c": [
                -0.7094221728553441,
                -0.5898512563423638,
                0.38573996077715017,
                -0.6439877016079213,
                0.32014052964541617,
                -0.6948313789246028,
                0.28635615138491666,
                -0.7413400481931345,
                -0.6069717517996421
            ],
            "cam_t_m2c": [
                -88.75963845123013,
                32.020645635226515,
                746.8488549125863
            ],
            "obj_id": 11
        },
        {
            "cam_R_m2c": [
                -0.49002166253717055,
                -0.6713325034323413,
                -0.5560499915370267,
                -0.665841549467269,
                0.6999550943593624,
                -0.25829780719961576,
                0.5626133496106792,
                0.24366967642710322,
                -0.7899945061004484
            ],
            "cam_t_m2c": [
                -11.553769614929227,
                89.9467319741535,
                721.6791654597694
            ],
            "obj_id": 12
        }
    ],
    "23": [
        {
            "cam_R_m2c": [
                0.22258447599050019,
                0.3291809264006726,
                -0.9176578805914577,
                -0.9087293908240889,
                0.4109533087443347,
                -0.07300251693490632,
                0.35308310551527444,
                0.8501519205555054,
                0.39060771844751213
            ],
            "cam_t_m2c": [
                17.91258166667478,
                -15.384657634948724,
                699.5084562350607
            ],
            "obj_id": 6
        },
        {
            "cam_R_m2c": [
                -0.222670355175804,
                0.9590455535282484,
                -0.1750698757269932,
                -0.6029681266938975,
                0.005628216276974011,
                0.7977461790645886,
                0.7660598287903886,
                0.2831959933411966,
                0.5770204490350693
            ],
            "cam_t_m2c": [
                35.14053990650308,
                17.284098518391986,
                740.5600930202927
            ],
            "obj_id": 7
        },
        {
            "cam_R_m2c": [
                -0.08400618053622985,
                -0.995331883815387,
                0.047509197964411304,
                0.9133506644249944,
                -0.05784889083345131,
                0.4030447856877057,
                -0.39841449574965937,
                0.07725066559367451,
                0.9139468501214263
            ],
            "cam_t_m2c": [
                -31.936035717283037,
                -76.08593105782093,
                793.544309482813
            ],
            "obj_id": 11
        },
        {
            "cam_R_m2c": [
                0.24614286333224028,
                -0.7545377355272032,
                0.6083480859217492,
                -0.812985110672786,
                -0.5024586696015166,
                -0.29426286228338844,
                0.5277018504160599,
                -0.42214701186871084,
                -0.7371044746563554
            ],
            "cam_t_m2c": [
                -97.36753593882344,
                -45.2970807943213,
                774.4734068151861
            ],
            "obj_id": 11
        },
        {
            "cam_R_m2c": [
                0.6033497792298896,
                -0.49590504725848794,
                0.624538247202394,
                -0.35875157972154553,
                -0.8682058056349591,
                -0.34280642332502254,
                0.7122267658906767,
                -0.017221918220183145,
                -0.7017383887395335
            ],
            "cam_t_m2c": [
                -69.18116795483444,
                50.257140623187915,
                755.3134943581845
            ],
            "obj_id": 12
        }
    ],
    "32": [
        {
            "cam_R_m2c": [
                0.9864666449941738,
                -0.10216147848468159,
                -0.12824349781004457,
                -0.15930369996760113,
                -0.4120901659309667,
                -0.8971085423949232,
                0.038802205982396615,
                0.9053980689055224,
                -0.42278785826854964
            ],
            "cam_t_m2c": [
                16.921051856636463,
                0.7869930588786609,
                689.6634445577296
            ],
            "obj_id": 6
        },
        {
            "cam_R_m2c": [
                0.9115771337431368,
                0.1398482906936503,
                0.3866125149729882,
                -0.29538340485680237,
                0.8768636530350409,
                0.3792874291937763,
                -0.28596356357928954,
                -0.4599485130820934,
                0.8406383014021023
            ],
            "cam_t_m2c": [
                -0.8493792997846663,
                33.973136883829696,
                757.9659589617158
            ],
            "obj_id": 7
        },
        {
            "cam_R_m2c": [
                -0.9685230377668649,
                -0.021742856438175202,
                -0.24797204478967005,
                -0.1937537247172218,
                -0.5595627510618933,
                0.8058223686048457,
                -0.1562765160067296,
                0.828502549719312,
                0.5377370232333897
            ],
            "cam_t_m2c": [
                56.97822695112638,
                -74.94248788200284,
                773.971473792033
            ],
            "obj_id": 11
        },
        {
            "cam_R_m2c": [
                0.9432958054187571,
                -0.2574082691415706,
                -0.20960335251264917,
                -0.22596595014646254,
                -0.9604701224005483,
                0.16259298724092436,
                -0.24317033503843394,
                -0.10601014600946675,
                -0.9641736840034012
            ],
            "cam_t_m2c": [
                -21.704317753049345,
                -72.38038358078038,
                773.3502247940064
            ],
            "obj_id": 11
        },
        {
            "cam_R_m2c": [
                0.852267310195867,
                0.3088113323691334,
                -0.4222271718480962,
                -0.04201868178611598,
                -0.7641308652978196,
                -0.6436914812050658,
                -0.5214159448222893,
                0.5663384762862687,
                -0.6382683057980759
            ],
            "cam_t_m2c": [
                -104.27755389781512,
                -24.062492289005995,
                769.9330205711644
            ],
            "obj_id": 12
        }
    ],
    "39": [
        {
            "cam_R_m2c": [
                0.763568568329877,
                0.030167254359560896,
                0.6450212746637075,
                0.35114372324086385,
                0.8189019725347052,
                -0.4539791570214875,
                -0.5419047345568626,
                0.5731399708832002,
                0.61469466137073
            ],
            "cam_t_m2c": [
                6.331741663886084,
                17.25863343953472,
                708.6810208407003
            ],
            "obj_id": 6
        },
        {
            "cam_R_m2c": [
                0.7384824757207492,
                0.22146815117673932,
                -0.6368636372274575,
                -0.02725316661204298,
                0.9535513301530906,
                0.29999369256255487,
                0.6737212696308112,
                -0.20418356071242974,
                0.7102171569420881
            ],
            "cam_t_m2c": [
                -9.584764977739258,
                35.12563203405256,
                754.698199720968
            ],
            "obj_id": 7
        },
        {
            "cam_R_m2c": [
                -0.2664453576374011,
                0.9619634826303363,
                -0.06026841243494354,
                -0.9361816687679518,
                -0.24341573329512387,
                0.2535982516535836,
                0.2292822324376079,
                0.12399243659906942,
                0.9654302505571749
            ],
            "cam_t_m2c": [
                76.8033462574547,
                -16.790289257020167,
                786.1340204526877
            ],
            "obj_id": 11
        },
        {
            "cam_R_m2c": [
                0.9803948990511401,
                0.14655139456443067,
                0.13171152824548124,
                0.09038451784628906,
                -0.928452581019314,
                0.36028595511025285,
                0.17508841289625462,
                -0.34131756411665826,
                -0.9234966295335857
            ],
            "cam_t_m2c": [
                19.541715013825556,
                -72.7523316169777,
                771.1609794194692
            ],
            "obj_id": 11
        },
        {
            "cam_R_m2c": [
                0.33332819935921537,
                0.8664320933890145,
                0.37173505632085313,
                0.9394936553462828,
                -0.33829159087338573,
                -0.053943577353072224,
                0.0790162665440022,
                0.3672237649157906,
                -0.9267702300175839
            ],
            "cam_t_m2c": [
                -74.67457582291752,
                -67.12814799486384,
                770.3145549893018
            ],
            "obj_id": 12
        }
    ],
    "45": [
        {
            "cam_R_m2c": [
                0.021416585720359614,
                0.12854873208420883,
                0.9914721586139007,
                0.6338939859199813,
                0.7651356919088995,
                -0.11289504171217885,
                -0.7731235186963513,
                0.6309064802526907,
                -0.0650998333889557
            ],
            "cam_t_m2c": [
                -3.517461429546934,
                23.42693217701218,
                705.6859355030219
            ],
            "obj_id": 6
        },
        {
            "cam_R_m2c": [
                0.6965380007352432,
                -0.6505280144712158,
                0.30273563531811826,
                0.27225860633433985,
                0.6299855801113665,
                0.727318790252585,
                -0.6638606583805253,
                -0.42418286848035797,
                0.6159211572256638
            ],
            "cam_t_m2c": [
                -31.17235881224582,
                20.729657193835568,
                751.1807118219995
            ],
            "obj_id": 7
        },
        {
            "cam_R_m2c": [
                -0.11787783557103469,
                0.8418514514278457,
                0.5266800341111936,
                -0.9722604339646801,
                -0.20574421143861873,
                0.11125963419634687,
                0.20202629115119553,
                -0.49895476153935525,
                0.8427513365619229
            ],
            "cam_t_m2c": [
                84.7308787231861,
                17.699507692314953,
                769.2924239670857
            ],
            "obj_id": 11
        },
        {
            "cam_R_m2c": [
                0.7218080383325659,
                0.6667051704691712,
                -0.1857365373886258,
                0.6900089062611058,
                -0.6724182023795353,
                0.2678468696339421,
                0.05368205361563477,
                -0.32149281088402715,
                -0.9453889981169707
            ],
            "cam_t_m2c": [
                59.223856002169065,
                -30.285535631238325,
                780.9844857036683
            ],
            "obj_id": 11
        },
        {
            "cam_R_m2c": [
                0.45303960148792827,
                0.7955452211040621,
                0.4023227936058928,
                0.7087155218229331,
                -0.04762357638786638,
                -0.7038848050696482,
                -0.5408119962510886,
                0.6040200083225419,
                -0.5853912500128795
            ],
            "cam_t_m2c": [
                -19.364516172305084,
                -64.9642899265063,
                778.7332136520206
            ],
            "obj_id": 12
        }
    ],
    "58": [
        {
            "cam_R_m2c": [
                -0.9299656038564498,
                -0.05318022681091273,
                0.3637805862206558,
                0.367632251684673,
                -0.14329036134830947,
                0.9188658286712675,
                0.0032603922685563755,
                0.9882510672928463,
                0.15280570009738514
            ],
            "cam_t_m2c": [
                -32.47795862514876,
                4.306939822074731,
                693.4223055119132
            ],
            "obj_id": 6
        },
        {
            "cam_R_m2c": [
                -0.5536432869671541,
                -0.8327523364645432,
                -0.0017473636245311,
                0.8324703703508912,
                -0.5533992436917874,
                -0.027246711038557345,
                0.021722470819988272,
                -0.016539662391852263,
                0.9996274387942196
            ],
            "cam_t_m2c": [
                -60.89044542965085,
                -3.6807132024463396,
                772.5214503193662
            ],
            "obj_id": 7
        },
        {
            "cam_R_m2c": [
                0.19046826925333413,
                0.8701245223613716,
                0.4545388949454803,
                -0.9447664701824332,
                0.036673624361691415,
                0.32568592762768345,
                0.2667175661111527,
                -0.4914658270955324,
                0.8290497814307792
            ],
            "cam_t_m2c": [
                4.3865704091408055,
                106.62177651682732,
                724.1474689708494
            ],
            "obj_id": 11
        },
        {
            "cam_R_m2c": [
                -0.6264870053375663,
                0.7689824175455517,
                0.1272020019469405,
                0.7411444925409911,
                0.6382471832885516,
                -0.20819566600945633,
                -0.24128521146008072,
                -0.03615676451127949,
                -0.969780734279213
            ],
            "cam_t_m2c": [
                57.377657761369804,
                46.841977227462664,
                759.8925634489185
            ],
            "obj_id": 11
        },
        {
            "cam_R_m2c": [
                -0.9763059822907945,
                0.18852118156765524,
                -0.10623922885690715,
                0.21428051202812873,
                0.910698681832853,
                -0.353145496915024,
                0.030176471961826833,
                -0.36754314412566624,
                -0.9295170474413529
            ],
            "cam_t_m2c": [
                66.87821202006847,
                -39.45782476526243,
                763.7224403958364
            ],
            "obj_id": 12
        }
    ],
    "65": [
        {
            "cam_R_m2c": [
                -0.6162844893075383,
                -0.5077819830437953,
                0.6019563691917348,
                0.42431697713226374,
                0.429826638022397,
                0.7969970979006509,
                -0.6634374684905113,
                0.7465966991198787,
                -0.04943468466266623
            ],
            "cam_t_m2c": [
                -31.799563247705546,
                -31.276014091445997,
                709.7119077339971
            ],
            "obj_id": 6
        },
        {
            "cam_R_m2c": [
                -0.9169428588093343,
                -0.351779706037237,
                0.18832712390034684,
                0.3759022117129079,
                -0.9198673046122812,
                0.11198888884812185,
                0.13384126372609761,
                0.1734803299297325,
                0.9757004973152036
            ],
            "cam_t_m2c": [
                -24.673018678823507,
                -21.7938206045823,
                782.1948857927688
            ],
            "obj_id": 7
        },
        {
            "cam_R_m2c": [
                0.618338650323323,
                0.7857527386586913,
                0.01581498681355649,
                -0.7846281825253183,
                0.6183527996762095,
                -0.04470618410367481,
                -0.044907920053070885,
                0.015234907447485936,
                0.99887500369578
            ],
            "cam_t_m2c": [
                -53.893005437092214,
                90.91777628085688,
                751.7095024677164
            ],
            "obj_id": 11
        },
        {
            "cam_R_m2c": [
                -0.38738512546500264,
                0.679055992821112,
                -0.6235508366224071,
                0.904285525235288,
                0.4115275287888496,
                -0.11363392581709958,
                0.17944537869961835,
                -0.6078883680110085,
                -0.7734802858088433
            ],
            "cam_t_m2c": [
                25.884626738143805,
                76.20592681467514,
                753.6564830181144
            ],
            "obj_id": 11
        },
        {
            "cam_R_m2c": [
                -0.6648035208254931,
                0.5916191127582503,
                0.4560961426493547,
                0.293120726785738,
                0.768182941606348,
                -0.5691884323588885,
                -0.6871079113295204,
                -0.24470686242386275,
                -0.6841059162244179
            ],
            "cam_t_m2c": [
                91.66241515506574,
                8.525846648452422,
                772.5916668373574
            ],
            "obj_id": 12
        }
    ],
    "72": [
        {
            "cam_R_m2c": [
                -0.756298585998649,
                -0.3600955581851032,
                -0.5462087705239257,
                -0.57181174737719,
                0.7694929714198183,
                0.2844501661447693,
                0.3178744941195443,
                0.5274576919232724,
                -0.7878728020587024
            ],
            "cam_t_m2c": [
                -22.40300389774133,
                -69.33805408474107,
                723.1923076790852
            ],
            "obj_id": 6
        },
        {
            "cam_R_m2c": [
                -0.6830287445322059,
                -0.7236787011024941,
                0.09879899251471988,
                0.7133309214507636,
                -0.6900084248266523,
                -0.12266568677815015,
                0.15694283668074424,
                -0.013307917550383637,
                0.9875179695776165
            ],
            "cam_t_m2c": [
                -12.912359216739368,
                -57.345402018540554,
                775.0667955818524
            ],
            "obj_id": 7
        },
        {
            "cam_R_m2c": [
                0.640245659609144,
                -0.5674123094640315,
                0.517811649894981,
                0.48959167272412596,
                0.8208477554228418,
                0.29412339611155,
                -0.5919340440772916,
                0.06520535741570108,
                0.8033444870109179
            ],
            "cam_t_m2c": [
                -100.97837355557188,
                53.08733512748263,
                732.0599825136389
            ],
            "obj_id": 11
        },
        {
            "cam_R_m2c": [
                -0.8312797446627234,
                0.5557608184526995,
                -0.010216724965994569,
                0.5427824018455045,
                0.8155553113657319,
                0.20063942566704598,
                0.11983990907082177,
                0.16124211419931833,
                -0.9796118048313519
            ],
            "cam_t_m2c": [
                0.31307661029308775,
                75.88480165271451,
                730.5098051149117
            ],
            "obj_id": 11
        },
        {
            "cam_R_m2c": [
                -0.8304913686595252,
                -0.33682282481612347,
                -0.44366070656643114,
                -0.3874650163333777,
                0.9215262251400845,
                0.025684265757581336,
                0.40019416012931985,
                0.19323378874692304,
                -0.8958266264782715
            ],
            "cam_t_m2c": [
                67.3666450855596,
                20.369396934330794,
                749.3115020593269
            ],
            "obj_id": 12
        }
    ],
    "80": [
        {
            "cam_R_m2c": [
                -0.7571145265182886,
                -0.035882116315136936,
                -0.6522958815479161,
                -0.6413671688919408,
                -0.14900055897885367,
                0.7526265145480352,
                -0.12419799742970586,
                0.9881853067163624,
                0.08979664701706393
            ],
            "cam_t_m2c": [
                -7.215566773255659,
                -82.0906518739762,
                732.1503762123116
            ],
            "obj_id": 6
        },
        {
            "cam_R_m2c": [
                -0.7064975819506683,
                0.39802017018383684,
                -0.5851841895116283,
                -0.5655282612296936,
                -0.8146265431693157,
                0.12868811600497346,
                -0.4254865572371492,
                0.4218567014356557,
                0.8006233376197859
            ],
            "cam_t_m2c": [
                29.302153814857306,
                -35.43648726682024,
                788.1932262630746
            ],
            "obj_id": 7
        },
        {
            "cam_R_m2c": [
                0.6118647110881684,
                -0.755123895775451,
                0.23539203510226095,
                0.7909595456421873,
                0.5833885332969128,
                -0.18450036903698808,
                0.0019953126685587287,
                0.2990747386549972,
                0.9542269716737699
            ],
            "cam_t_m2c": [
                -94.96033249465574,
                -20.149066014225944,
                778.4080731905212
            ],
            "obj_id": 11
        },
        {
            "cam_R_m2c": [
                -0.7676102916286979,
                -0.15058123417067804,
                0.6229760772703823,
                -0.5386730015003446,
                0.6782631409865356,
                -0.49978939977558257,
                -0.34728328187745205,
                -0.7192245536846894,
                -0.6017559857661355
            ],
            "cam_t_m2c": [
                -65.61924837009629,
                37.63034432359393,
                735.3202565160296
            ],
            "obj_id": 11
        },
        {
            "cam_R_m2c": [
                -0.1129293540495887,
                -0.9405763426797635,
                0.3202543164576402,
                -0.6962667203939582,
                -0.15503124624596093,
                -0.7008401918403888,
                0.708843436839575,
                -0.3021281934603861,
                -0.6373845791011742
            ],
            "cam_t_m2c": [
                8.432530076762042,
                62.765186223576784,
                733.2191804886769
            ],
            "obj_id": 12
        }
    ],
    "87": [
        {
            "cam_R_m2c": [
                -0.34055293918958063,
                -0.42742731790743765,
                -0.8374536424850008,
                -0.9396507851709568,
                0.12359570417219158,
                0.3190303600745991,
                -0.03285698336078246,
                0.8955614441825589,
                -0.44372277007630884
            ],
            "cam_t_m2c": [
                4.7228670302724485,
                -48.44837707420757,
                719.8817232055704
            ],
            "obj_id": 6
        },
        {
            "cam_R_m2c": [
                -0.5328042145610362,
                0.8330803345848434,
                0.14864644069287164,
                -0.8425396709576226,
                -0.5058242979386686,
                -0.18511565931376828,
                -0.07902740740095611,
                -0.2238716965584389,
                0.9714096629765182
            ],
            "cam_t_m2c": [
                17.82615767085634,
                -9.741338588505041,
                772.5943940774622
            ],
            "obj_id": 7
        },
        {
            "cam_R_m2c": [
                0.543572926581358,
                -0.7904566547870362,
                -0.2823217929592748,
                0.7811502228266394,
                0.35332436431165265,
                0.5147491496289436,
                -0.3071355289495852,
                -0.5003389899499078,
                0.8095233464131922
            ],
            "cam_t_m2c": [
                -75.68650295272687,
                -72.45359236511439,
                802.1352418999451
            ],
            "obj_id": 11
        },
        {
            "cam_R_m2c": [
                -0.09949509245001496,
                -0.9434295264060747,
                0.31629326465078694,
                -0.7866012662279642,
                -0.12009901405941874,
                -0.6056682555621922,
                0.6093914734650658,
                -0.30905748426702395,
                -0.7301539872276854
            ],
            "cam_t_m2c": [
                -107.61432515711799,
                6.205304712494714,
                746.8473511564143
            ],
            "obj_id": 11
        },
        {
            "cam_R_m2c": [
                -0.021373414005725604,
                -0.9881644630685259,
                0.15189867289568154,
                -0.9789666424501274,
                0.05151979756339035,
                0.19740649721724304,
                -0.20289638769902643,
                -0.14448392576396174,
                -0.9684822033226208
            ],
            "cam_t_m2c": [
                -43.78764437626435,
                60.85299321712216,
                727.2201300139617
            ],
            "obj_id": 12
        }
    ],
    "96": [
        {
            "cam_R_m2c": [
                0.4558472732930115,
                0.3242806865494424,
                -0.828881621429094,
                -0.8451648875006599,
                -0.13432352841324627,
                -0.5173527319262091,
                -0.27910590521291767,
                0.936375115615338,
                0.2128393707057571
            ],
            "cam_t_m2c": [
                43.46457818892144,
                -46.25226182612471,
                716.0608111503137
            ],
            "obj_id": 6
        },
        {
            "cam_R_m2c": [
                -0.5524796074576969,
                0.8227259045305813,
                -0.1337440156702211,
                -0.7512998989321771,
                -0.4220342940601672,
                0.5073811598656401,
                0.36099155374770026,
                0.38080007842576313,
                0.8512790571132341
            ],
            "cam_t_m2c": [
                14.564399209007519,
                17.044005278303764,
                747.2539307954252
            ],
            "obj_id": 7
        },
        {
            "cam_R_m2c": [
                -0.6134725862578789,
                -0.5995483463404135,
                0.5139969331345804,
                0.7228619561224311,
                -0.6884020736088329,
                0.05977683540088293,
                0.31799765332268737,
                0.40821994727978694,
                0.8557061553828483
            ],
            "cam_t_m2c": [
                -31.573159120031534,
                -90.33568880734666,
                809.7456220907239
            ],
            "obj_id": 11
        },
        {
            "cam_R_m2c": [
                -0.34167249605366906,
                -0.8317590145223936,
                0.43753382340616365,
                -0.9176874600070741,
                0.1948293070279237,
                -0.34625352425579564,
                0.2027555494228855,
                -0.5198249730393582,
                -0.8298625109576943
            ],
            "cam_t_m2c": [
                -84.70929003815195,
                -46.65314188524869,
                770.3298585239443
            ],
            "obj_id": 11
        },
        {
            "cam_R_m2c": [
                0.8427796277391657,
                -0.2447260011435846,
                0.47940752446729734,
                -0.2202658506699885,
                -0.9694781464020298,
                -0.10767751769195408,
                0.49112725721915684,
                -0.01484873026457269,
                -0.8709610292342711
            ],
            "cam_t_m2c": [
                -99.72706971860372,
                37.22213573097338,
                749.4414274810039
            ],
            "obj_id": 12
        }
    ],
    "105": [
        {
            "cam_R_m2c": [
                0.7599775640316593,
                0.6273894119074254,
                0.16975582046090196,
                -0.18369111497416626,
                0.45786738006658645,
                -0.8698362125354988,
                -0.6234521390607387,
                0.6298735612127606,
                0.46321394998383253
            ],
            "cam_t_m2c": [
                8.108658255261577,
                -8.003725989415681,
                703.9413657636302
            ],
            "obj_id": 6
        },
        {
            "cam_R_m2c": [
                0.3714486866304361,
                0.9132690249150901,
                -0.16723074811800906,
                -0.45629988249099795,
                0.3364309247383481,
                0.8237750398861573,
                0.8085891954502785,
                -0.22968197948520178,
                0.5416911807371688
            ],
            "cam_t_m2c": [
                5.95971521479496,
                47.716809911897045,
                744.3242460769009
            ],
            "obj_id": 7
        },
        {
            "cam_R_m2c": [
                -0.9519310590425667,
                -0.14647232833117496,
                -0.2690242792381513,
                -0.18146334799621744,
                -0.4379001165850776,
                0.8805198175577905,
                -0.24677756656026198,
                0.8870110130690992,
                0.39027116513979426
            ],
            "cam_t_m2c": [
                56.220209626865156,
                -52.92279365474751,
                804.9058189187912
            ],
            "obj_id": 11
        },
        {
            "cam_R_m2c": [
                0.9260499661087731,
                -0.26377167374199295,
                -0.2699192405556956,
                -0.3619483833247625,
                -0.41816603218553283,
                -0.8331453294373911,
                0.10688814164927082,
                0.8692304242613492,
                -0.4827144394298169
            ],
            "cam_t_m2c": [
                -14.6590999507101,
                -76.48335390357667,
                814.1141030189717
            ],
            "obj_id": 11
        },
        {
            "cam_R_m2c": [
                0.7784826153946377,
                -0.08000662022517786,
                -0.6225466276075848,
                -0.3830013328102601,
                -0.8463362235224774,
                -0.3701688506557342,
                -0.49726821400104937,
                0.5266053052675811,
                -0.6895008954875844
            ],
            "cam_t_m2c": [
                -97.04689501097201,
                -22.998603743409262,
                789.0739256002433
            ],
            "obj_id": 12
        }
    ],
    "119": [
        {
            "cam_R_m2c": [
                0.8165211307575908,
                -0.13087231351551312,
                0.5622861188736623,
                0.571192526208644,
                0.32460656582317954,
                -0.753902508802187,
                -0.08385686294366619,
                0.936751707339124,
                0.33980101931408063
            ],
            "cam_t_m2c": [
                -6.406891634957219,
                10.440825903435648,
                690.0424138266508
            ],
            "obj_id": 6
        },
        {
            "cam_R_m2c": [
                0.5182639631926572,
                -0.6376759809992092,
                0.5698872557078364,
                0.484906924939199,
                0.7680017235168765,
                0.418375586471942,
                -0.7044626324561187,
                0.05951315729798685,
                0.7072419297998052
            ],
            "cam_t_m2c": [
                -50.13939702185857,
                3.28655153317985,
                750.338800603468
            ],
            "obj_id": 7
        },
        {
            "cam_R_m2c": [
                0.3076964334890315,
                0.9143354323590583,
                -0.26327353251709756,
                -0.7562615327831078,
                0.40292735472586366,
                0.5154783474246796,
                0.577400213058909,
                0.04049246767411953,
                0.8154568662942296
            ],
            "cam_t_m2c": [
                87.69581927474009,
                14.448565266531922,
                754.3247891255193
            ],
            "obj_id": 11
        },
        {
            "cam_R_m2c": [
                0.42319976260386105,
                0.8769162796278518,
                0.22785774149162089,
                0.9031222726081235,
                -0.4284346910592917,
                -0.028524240628091422,
                0.0726085266352776,
                0.2178547132930248,
                -0.9732769306203622
            ],
            "cam_t_m2c": [
                66.84392589495816,
                -28.160632313635965,
                785.3962101308822
            ],
            "obj_id": 11
        },
        {
            "cam_R_m2c": [
                0.3651862659076071,
                0.8641872924649951,
                -0.3461487917212095,
                0.3414828935757372,
                -0.47026221737997753,
                -0.8137831840152694,
                -0.8660415878546194,
                0.17897808104366483,
                -0.46683906192903524
            ],
            "cam_t_m2c": [
                -8.161454198271624,
                -93.54613499834382,
                811.4664989219916
            ],
            "obj_id": 12
        }
    ],
    "128": [
        {
            "cam_R_m2c": [
                -0.6028191086811305,
                -0.4617637493945571,
                0.6506787383036052,
