{
  "105": [
    {
      "cam_R_m2c": [
        0.9914817918380537,
        0.07063483199747037,
        -0.10943215592121205,
        -0.12992763077485125,
        0.47739845779404927,
        -0.8690279140572674,
        -0.009141141405449815,
        0.8758436778455292,
        0.48250836937590025
      ],
      "cam_t_m2c": [
        21.920021494893806,
        -9.92461182292222,
        704.4642177642306
      ],
      "obj_id": 6
    },
    {
      "cam_R_m2c": [
        0.7875438674583116,
        0.6047541404508847,
        -0.11852443921523159,
        -0.5434955079670424,
        0.7722498120799747,
        0.3290021719949706,
        0.2904952430043479,
        -0.19468576743012178,
        0.9368619444055157
      ],
      "cam_t_m2c": [
        5.078255158562806,
        31.42539592783576,
        747.4309545397233
      ],
      "obj_id": 7
    },
    {
      "cam_R_m2c": [
        -0.9873091737078218,
        0.14242782680541688,
        -0.07025519822559091,
        -0.15658417330689617,
        -0.7991754061473952,
        0.5803447646470632,
        0.026511268839450187,
        0.5839796030157918,
        0.8113352916890844
      ],
      "cam_t_m2c": [
        52.05585163518357,
        -68.55128549614993,
        802.0908746845882
      ],
      "obj_id": 11
    },
    {
      "cam_R_m2c": [
        0.7536885536700852,
        -0.6381874361243813,
        -0.15707049041090723,
        -0.6284390162159519,
        -0.6298234710193729,
        -0.45649386506483663,
        0.1924011790788336,
        0.442762971046708,
        -0.8757528068009767
      ],
      "cam_t_m2c": [
        -24.70823114274252,
        -81.99541007036497,
        800.5970883313053
      ],
      "obj_id": 11
    },
    {
      "cam_R_m2c": [
        0.9892563570145482,
        -0.09033266288237334,
        0.11494689793426002,
        -0.021648313003148362,
        -0.8681058779420268,
        -0.4959066658451969,
        0.14458247028020657,
        0.4880895458429625,
        -0.8607348928939363
      ],
      "cam_t_m2c": [
        -94.83571734207936,
        -20.94499145506493,
        773.6189540896303
      ],
      "obj_id": 12
    }
  ],
  "11": [
    {
      "cam_R_m2c": [
        -0.30790891411815224,
        -0.1675679828434862,
        -0.9365428833205681,
        -0.9460949882361573,
        0.157888580519007,
        0.28279947753485657,
        0.10048076940415532,
        0.9731355612182262,
        -0.2071503079182955
      ],
      "cam_t_m2c": [
        1.9976898205268565,
        -45.870070241192664,
        718.9052443613077
      ],
      "obj_id": 6
    },
    {
      "cam_R_m2c": [
        -0.804917050212949,
        0.5671301602205173,
        -0.17456063942066383,
        -0.5931920002574387,
        -0.7615027430357626,
        0.26122223146140755,
        0.015218427632921507,
        0.3138096485484095,
        0.9493641010934025
      ],
      "cam_t_m2c": [
        25.2500402818612,
        -21.07874591682328,
        768.778324629467
      ],
      "obj_id": 7
    },
    {
      "cam_R_m2c": [
        0.3994589402207328,
        -0.9108666316336056,
        0.10370197141166758,
        0.879669103519591,
        0.4126877014581761,
        0.23637089181367468,
        -0.2580984090194074,
        -0.003196863382324485,
        0.9661135476807879
      ],
      "cam_t_m2c": [
        -95.4206411667138,
        -33.39722230547335,
        772.9526121520653
      ],
      "obj_id": 11
    },
    {
      "cam_R_m2c": [
        -0.8877220808548757,
        -0.4490798636628281,
        -0.10137229325000177,
        -0.40247127009342537,
        0.8639253229201752,
        -0.3027376487724584,
        0.22353122490852773,
        -0.22794701764918632,
        -0.9476677920760567
      ],
      "cam_t_m2c": [
        -88.20670036750174,
        45.49668667478903,
        751.2742156494237
      ],
      "obj_id": 11
    },
    {
      "cam_R_m2c": [
        -0.2733892301652285,
        -0.960540655715272,
        -0.05118059417141739,
        -0.8563724368855603,
        0.2672810704695255,
        -0.4418003114456918,
        0.4380462967371891,
        -0.07695358069113933,
        -0.895652667917703
      ],
      "cam_t_m2c": [
        -7.190300552894713,
        88.02047652588242,
        735.6461808871776
      ],
      "obj_id": 12
    }
  ],
  "119": [
    {
      "cam_R_m2c": [
        0.14733301985635222,
        0.10491217849692741,
        0.9835069391046278,
        0.8633631814381804,
        0.47152476554871886,
        -0.1796330194617069,
        -0.4825936495955696,
        0.8755904159482557,
        -0.021106492727173017
      ],
      "cam_t_m2c": [
        -18.098504332890023,
        0.165368582252869,
        695.9611452475033
      ],
      "obj_id": 6
    },
    {
      "cam_R_m2c": [
        0.7782331322658367,
        -0.6221131686049478,
        -0.08560335454803335,
        0.570561154496477,
        0.6435377953837378,
        0.5102144044013718,
        -0.2623223641790885,
        -0.44590742460820426,
        0.855776892695976
      ],
      "cam_t_m2c": [
        -43.98444074871743,
        14.1539850215194,
        749.3049911243571
      ],
      "obj_id": 7
    },
    {
      "cam_R_m2c": [
        -0.1528134898542511,
        0.9873505325674754,
        0.0422662812019282,
        -0.8869345432913162,
        -0.15588431135670303,
        0.4347951138637302,
        0.43588388410789897,
        0.028954849395517127,
        0.8995374093431026
      ],
      "cam_t_m2c": [
        83.70367649272654,
        31.026038232904916,
        748.2956415383801
      ],
      "obj_id": 11
    },
    {
      "cam_R_m2c": [
        0.8700937817960938,
        0.4708619336097182,
        0.1456901069144679,
        0.48830309257662374,
        -0.7832708297855075,
        -0.38476792697497497,
        -0.06705801330824557,
        0.40592483142553537,
        -0.9114432519128639
      ],
      "cam_t_m2c": [
        68.13724905499983,
        -41.183832398593125,
        787.4095096404789
      ],
      "obj_id": 11
    },
    {
      "cam_R_m2c": [
        0.3342348222363158,
        0.9396564082318266,
        -0.07302420007012782,
        0.8866030723787701,
        -0.3397539299521488,
        -0.31384970985430827,
        -0.3197212582224302,
        0.04015575423420749,
        -0.9466607587553998
      ],
      "cam_t_m2c": [
        -17.083786779807713,
        -81.70901585888257,
        799.870572019679
      ],
      "obj_id": 12
    }
  ],
  "128": [
    {
      "cam_R_m2c": [
        -0.5359067592473701,
        -0.11959378534599661,
        0.8357633701156382,
        0.6925219211961161,
        0.5039637914058248,
        0.5161720653604812,
        -0.4829255784707067,
        0.8554047263252346,
        -0.1872564148236494
      ],
      "cam_t_m2c": [
        -42.04727504006612,
        -15.284590465767488,
        705.4602504929439
      ],
      "obj_id": 6
    },
    {
      "cam_R_m2c": [
        0.23615695694266153,
        -0.9707164285489595,
        -0.044028902073588165,
        0.9303539178987139,
        0.21279436128904755,
        0.2985966469072354,
        -0.28048361545989514,
        -0.11147804032155763,
        0.9533629532085904
      ],
      "cam_t_m2c": [
        -52.84113222188169,
        -7.880826109345357,
        761.8275741757254
      ],
      "obj_id": 7
    },
    {
      "cam_R_m2c": [
        0.3109981943860456,
        0.9471365923130105,
        -0.07881224259444419,
        -0.8616803788492801,
        0.3159785029734848,
        0.39706976831575175,
        0.4009823555033153,
        -0.055577137256650685,
        0.9143979620436316
      ],
      "cam_t_m2c": [
        27.881233779178647,
        79.23154539250015,
        723.9221602528035
      ],
      "obj_id": 11
    },
    {
      "cam_R_m2c": [
        0.3007805681123955,
        0.9459343543656028,
        -0.12140089431159609,
        0.7961695656205205,
        -0.31913516708510825,
        -0.5140687256283011,
        -0.5250187262451357,
        0.05796619912810128,
        -0.849113999725822
      ],
      "cam_t_m2c": [
        76.77037859507625,
        13.594148284840408,
        751.7660193344338
      ],
      "obj_id": 11
    },
    {
      "cam_R_m2c": [
        -0.42402467410662664,
        0.9044967325383289,
        -0.04569138966213121,
        0.7406886430091453,
        0.31731676267889497,
        -0.5921910542599474,
        -0.5211364368865895,
        -0.2849468229933174,
        -0.8045007573050377
      ],
      "cam_t_m2c": [
        50.914721697474924,
        -63.228357759652845,
        792.6510579046055
      ],
      "obj_id": 12
    }
  ],
  "134": [
    {
      "cam_R_m2c": [
        -0.8813124181336712,
        0.13171008805390197,
        0.4538074109366379,
        0.44770443322756737,
        0.539956602673526,
        0.7127465131748879,
        -0.15116002589798083,
        0.8313235685468181,
        -0.5348368609440403
      ],
      "cam_t_m2c": [
        -47.99702375147795,
        -34.640803843624745,
        713.9532385155247
      ],
      "obj_id": 6
    },
    {
      "cam_R_m2c": [
        -0.2761309960758231,
        -0.9600104839779993,
        -0.0461713071963966,
        0.9137240791896172,
        -0.2771101506447068,
        0.2971834146048143,
        -0.2980929981852017,
        0.039873295018157374,
        0.9537031511449
      ],
      "cam_t_m2c": [
        -41.8591849986489,
        -25.02576691664332,
        774.744051295816
      ],
      "obj_id": 7
    },
    {
      "cam_R_m2c": [
        0.9049873848161424,
        0.4208566223118341,
        0.062272282493725434,
        -0.41455182745698416,
        0.839429945434385,
        0.35143130578082826,
        0.0956286259117827,
        -0.3438552035213636,
        0.9341400554645496
      ],
      "cam_t_m2c": [
        -23.05619404338082,
        83.32493325676363,
        722.9221085596603
      ],
      "obj_id": 11
    },
    {
      "cam_R_m2c": [
        -0.3605459916030462,
        0.9324933943372672,
        0.021515997376531447,
        0.8858226609365578,
        0.3495424215820662,
        -0.3051852079747988,
        -0.29210320360648256,
        -0.09097352122913255,
        -0.9520496471362269
      ],
      "cam_t_m2c": [
        51.52482088461423,
        48.09983977790851,
        736.643972750095
      ],
      "obj_id": 11
    },
    {
      "cam_R_m2c": [
        -0.8359548311712073,
        0.5462621814109363,
        0.05270091312174453,
        0.5086954584021592,
        0.8073212014006182,
        -0.299100529618748,
        -0.20593362598095924,
        -0.223225005718311,
        -0.9527649063960433
      ],
      "cam_t_m2c": [
        72.45168836789225,
        -33.59677603524794,
        780.3083535666798
      ],
      "obj_id": 12
    }
  ],
  "139": [
    {
      "cam_R_m2c": [
        -0.9854272167775681,
        -0.16043176777630613,
        0.056530536375887085,
        -0.04043787881547013,
        0.543757287005164,
        0.8382673813349033,
        -0.16522378092397855,
        0.8237650872348923,
        -0.5423207182288662
      ],
      "cam_t_m2c": [
        -45.286631150491466,
        -46.15752487485154,
        722.4973410515361
      ],
      "obj_id": 6
    },
    {
      "cam_R_m2c": [
        -0.7384892598417913,
        -0.6710019265575436,
        -0.06626387234196032,
        0.6127497107026033,
        -0.7088762758754963,
        0.3493303832131754,
        -0.2813743964282895,
        0.2173735159848262,
        0.9346532378549721
      ],
      "cam_t_m2c": [
        -29.281871034258344,
        -39.077179732058454,
        775.5488212057999
      ],
      "obj_id": 7
    },
    {
      "cam_R_m2c": [
        0.9626968958691758,
        0.25151603911631915,
        0.09977625133919987,
        -0.2705315020729966,
        0.901930814858541,
        0.3366495998287157,
        -0.005318389051657766,
        -0.35108422372146614,
        0.9363284902661931
      ],
      "cam_t_m2c": [
        -58.94508104264929,
        70.63405077644379,
        731.318683875953
      ],
      "obj_id": 11
    },
    {
      "cam_R_m2c": [
        -0.6068497357768539,
        0.7945375479451843,
        -0.02108149734138328,
        0.7578132556767192,
        0.5703945427621518,
        -0.3168100317640337,
        -0.23969284732497284,
        -0.20823188840491139,
        -0.9482543228957762
      ],
      "cam_t_m2c": [
        24.27232527075644,
        67.85003249253367,
        731.2570781894598
      ],
      "obj_id": 11
    },
    {
      "cam_R_m2c": [
        -0.9987513433139661,
        -0.020320062203476496,
        0.04564795440369054,
        -0.036244763548084744,
        0.9234833649889208,
        -0.3819218146889613,
        -0.03439456078786754,
        -0.38309947948626305,
        -0.9230662372606091
      ],
      "cam_t_m2c": [
        79.91868711605572,
        6.952021207824263,
        760.204827364661
      ],
      "obj_id": 12
    }
  ],
  "145": [
    {
      "cam_R_m2c": [
        -0.9597324540088666,
        -0.1762472609850328,
        -0.2187455064516614,
        -0.2809097629156825,
        0.5978014424617527,
        0.7508149737426241,
        -0.001562898736961631,
        0.7820293283455402,
        -0.6232386742004674
      ],
      "cam_t_m2c": [
        -29.068700894218345,
        -74.6531579350692,
        743.0114689669996
      ],
      "obj_id": 6
    },
    {
      "cam_R_m2c": [
        -0.9296140210687082,
        -0.33685612390383957,
        -0.1494818306174541,
        0.2198950543943264,
        -0.8324978785686707,
        0.5085207548802833,
        -0.29574152419199967,
        0.4398572811919849,
        0.8479748326917433
      ],
      "cam_t_m2c": [
        -9.65517041066342,
        -50.31485557548641,
        789.0248007177469
      ],
      "obj_id": 7
    },
    {
      "cam_R_m2c": [
        0.9730873300167744,
        -0.213909088003514,
        -0.08569136681818451,
        0.22585797249415046,
        0.8116160987685251,
        0.5387647357024299,
        -0.04569798134271326,
        -0.5436188470111399,
        0.8380865210750111
      ],
      "cam_t_m2c": [
        -92.94606747542029,
        26.402153897389507,
        734.3645877976488
      ],
      "obj_id": 11
    },
    {
      "cam_R_m2c": [
        -0.9737720167639624,
        0.21618951845148196,
        -0.07091719437489674,
        0.20833790403122182,
        0.7219635127406253,
        -0.6598212335921401,
        -0.09144670521859322,
        -0.6572898854877373,
        -0.7480682981660829
      ],
      "cam_t_m2c": [
        -13.601062729224079,
        57.514925361208114,
        717.3751815644177
      ],
      "obj_id": 11
    },
    {
      "cam_R_m2c": [
        -0.9764134975997381,
        -0.2069239727518696,
        -0.06163009519352426,
        -0.1156090627125076,
        0.7421533519980886,
        -0.6601840498439265,
        0.18234673706454996,
        -0.6374873247720673,
        -0.748570797704712
      ],
      "cam_t_m2c": [
        70.57057473599181,
        25.411027584277598,
        739.7692802501443
      ],
      "obj_id": 12
    }
  ],
  "156": [
    {
      "cam_R_m2c": [
        -0.17754262601547224,
        -0.11916490380558004,
        -0.976871742685395,
        -0.8757963798330998,
        0.47186539600525895,
        0.10161107515221206,
        0.44884324432999084,
        0.8735808864274767,
        -0.1881400067879859
      ],
      "cam_t_m2c": [
        8.175443303787052,
        -78.52299058027094,
        745.4429030763503
      ],
      "obj_id": 6
    },
    {
      "cam_R_m2c": [
        -0.9087036981533505,
        0.40704822045736605,
        -0.09257265461208265,
        -0.37738104357769,
        -0.7062455402549684,
        0.5990005876586938,
        0.1784432537063406,
        0.5792486004863616,
        0.7953800233234379
      ],
      "cam_t_m2c": [
        23.823455090688192,
        -34.92587500174344,
        779.078928330512
      ],
      "obj_id": 7
    },
    {
      "cam_R_m2c": [
        0.2183134768775425,
        -0.9701652181318529,
        0.105445619353801,
        0.6546761299292754,
        0.22572931974721877,
        0.7214197440748733,
        -0.7236983556592649,
        -0.08846249131644907,
        0.6844235365772023
      ],
      "cam_t_m2c": [
        -97.19259436873955,
        -43.479735402705444,
        787.67684453917
      ],
      "obj_id": 11
    },
    {
      "cam_R_m2c": [
        -0.8942445868650432,
        -0.44757403387508066,
        0.0021074793723296088,
        -0.3287515562780661,
        0.6536285571320415,
        -0.6816839837691882,
        0.30372672188908206,
        -0.6102844648651162,
        -0.7316442400259189
      ],
      "cam_t_m2c": [
        -82.85894063613503,
        23.472329463567018,
        741.0791361501844
      ],
      "obj_id": 11
    },
    {
      "cam_R_m2c": [
        -0.39694358141379066,
        -0.9125332611809229,
        0.09858588619106329,
        -0.7744889653373833,
        0.2753679358478038,
        -0.5695087986975905,
        0.49254803374866724,
        -0.30241599747460374,
        -0.8160522902423534
      ],
      "cam_t_m2c": [
        -3.366577269805047,
        60.258001501579,
        713.5696608401493
      ],
      "obj_id": 12
    }
  ],
  "170": [
    {
      "cam_R_m2c": [
        0.7763565290522043,
        -0.08349814713140963,
        -0.6247391297735629,
        -0.5363131632838982,
        0.43319495174156225,
        -0.7243685367142642,
        0.3311169444599874,
        0.8974242290958714,
        0.2915330131060452
      ],
      "cam_t_m2c": [
        35.342748628900296,
        -52.161097777074325,
        718.8977611903539
      ],
      "obj_id": 6
    },
    {
      "cam_R_m2c": [
        0.058674139494308046,
        0.9982268440441262,
        -0.010046478388732056,
        -0.8186479652224586,
        0.05387318313866038,
        0.5717627315297042,
        0.571290142815601,
        -0.025323698117952174,
        0.8203575128620664
      ],
      "cam_t_m2c": [
        27.77038808406782,
        6.869958685838983,
        747.5113285901604
      ],
      "obj_id": 7
    },
    {
      "cam_R_m2c": [
        -0.7253319557712696,
        -0.6851317644327896,
        0.06699504682481344,
        0.5406060293675987,
        -0.5066542249219433,
        0.6715996381509035,
        -0.42619053022765196,
        0.5233510151322147,
        0.7378791123825497
      ],
      "cam_t_m2c": [
        -0.30042680938627897,
        -87.09870261625476,
        825.2261764177548
      ],
      "obj_id": 11
    },
    {
      "cam_R_m2c": [
        0.1633740760491789,
        -0.9859590512994514,
        -0.03455397338947493,
        -0.6993548818847241,
        -0.09103749749189262,
        -0.7089530273138639,
        0.69585287235259,
        0.13999059398235636,
        -0.7044087131520642
      ],
      "cam_t_m2c": [
        -70.59823894018686,
        -60.33365374594671,
        800.5209896067449
      ],
      "obj_id": 11
    },
    {
      "cam_R_m2c": [
        0.8449010828918945,
        -0.5335671895191875,
        0.0380589212278366,
        -0.34269153092016763,
        -0.5945343674213966,
        -0.7273863424578128,
        0.41073639059544886,
        0.6015274324379698,
        -0.6851719743975659
      ],
      "cam_t_m2c": [
        -88.48035954932531,
        11.074528117871056,
        749.2094186198319
      ],
      "obj_id": 12
    }
  ],
  "177": [
    {
      "cam_R_m2c": [
        0.9933482634454498,
        0.0890904192276013,
        0.07295083069797213,
        -0.005348874531984541,
        0.6685637644856437,
        -0.7436355591759344,
        -0.1150227380869244,
        0.7382990353746302,
        0.664593234251777
      ],
      "cam_t_m2c": [
        24.898331147207113,
        -32.4109074483173,
        704.0640925645747
      ],
      "obj_id": 6
    },
    {
      "cam_R_m2c": [
        0.6740202525528377,
        0.735128589166472,
        -0.07267900068951973,
        -0.48551139368725094,
        0.5149960869576565,
        0.7064401143503609,
        0.556753985686174,
        -0.44086827325396116,
        0.704031371253688
      ],
      "cam_t_m2c": [
        9.788371664733507,
        15.403252484921829,
        742.4398012108811
      ],
      "obj_id": 7
    },
    {
      "cam_R_m2c": [
        -0.9840212746993193,
        -0.17759320695402,
        -0.01274667806471378,
        0.1284702486826883,
        -0.7577585580656137,
        0.6397633535777808,
        -0.12327691961650808,
        0.6279032151180524,
        0.7684662579507971
      ],
      "cam_t_m2c": [
        52.80341958012735,
        -72.84553322098714,
        819.9723160854859
      ],
      "obj_id": 11
    },
    {
      "cam_R_m2c": [
        0.7746636023643303,
        -0.6135096085690369,
        -0.15330393921600394,
        -0.5733293862235528,
        -0.5790987827469831,
        -0.5796014629909301,
        0.2668133008197854,
        0.5368895750276871,
        -0.8003499802642523
      ],
      "cam_t_m2c": [
        -28.941238759926886,
        -85.30223650787936,
        819.8645233497781
      ],
      "obj_id": 11
    },
    {
      "cam_R_m2c": [
        0.9927638141380658,
        0.07243453691983726,
        -0.09577574052914493,
        -0.013419857852556219,
        -0.7256611818875449,
        -0.6879212759548722,
        -0.11932963009496166,
        0.6842287095780145,
        -0.7194382323758409
      ],
      "cam_t_m2c": [
        -93.7463513338838,
        -26.358951781333786,
        776.1795591425665
      ],
      "obj_id": 12
    }
  ],
  "194": [
    {
      "cam_R_m2c": [
        0.22982189529644537,
        -0.0015716344742250036,
        0.9732316677461444,
        0.8276550669438383,
        0.5264211601164956,
        -0.19459423939473333,
        -0.5120239328856617,
        0.8502218294191826,
        0.12228348933440099
      ],
      "cam_t_m2c": [
        -23.49609398795429,
        -22.82047605499894,
        701.8049107459418
      ],
      "obj_id": 6
    },
    {
      "cam_R_m2c": [
        0.8394199430921723,
        -0.542397374060057,
        -0.03434756559339574,
        0.4493286709638902,
        0.657054232516893,
        0.6052953556685863,
        -0.3057427203834154,
        -0.5235300140067525,
        0.7952588548828972
      ],
      "cam_t_m2c": [
        -50.59101406990009,
        -2.550007167672909,
        756.2689837339682
      ],
      "obj_id": 7
    },
    {
      "cam_R_m2c": [
        -0.0524566768764859,
        0.9980026723697163,
        -0.0352008864479656,
        -0.8972603559516635,
        -0.03162837187534878,
        0.440366635933818,
        0.4383738778444252,
        0.05468405836700321,
        0.8971270936237944
      ],
      "cam_t_m2c": [
        76.48493032057442,
        31.256922886838787,
        735.7808346814395
      ],
      "obj_id": 11
    },
    {
      "cam_R_m2c": [
        0.7874601955881412,
        0.6092683685133269,
        -0.0932678344497238,
        0.4147636199931292,
        -0.6357268183451021,
        -0.6510157358109586,
        -0.45593667755057055,
        0.4739644939219645,
        -0.7533116905860316
      ],
      "cam_t_m2c": [
        73.52956841338751,
        -38.30012297786778,
        784.0607402783402
      ],
      "obj_id": 11
    },
    {
      "cam_R_m2c": [
        0.10927822692677543,
        0.9764873471375973,
        0.18582509205045586,
        0.7944659921650117,
        0.026552436339654543,
        -0.6067273085813916,
        -0.5973956444233378,
        0.2139333546916722,
        -0.7728841365793648
      ],
      "cam_t_m2c": [
        6.826250461547019,
        -83.95093745333742,
        820.7909284570778
      ],
      "obj_id": 12
    }
  ],
  "2": [
    {
      "cam_R_m2c": [
        -0.8240114779307667,
        -0.20556001143323901,
        -0.5279679590700455,
        -0.5657884570615029,
        0.34757038911459764,
        0.7477152804693092,
        0.029805649807400535,
        0.9148446049142899,
        -0.4027051769381306
      ],
      "cam_t_m2c": [
        -29.244805401224966,
        -42.98412413352604,
        715.4567643043214
      ],
      "obj_id": 6
    },
    {
      "cam_R_m2c": [
        -0.9730126191317896,
        -0.18830741215262842,
        -0.13336693871306107,
        0.12207321757601776,
        -0.91053090200278,
        0.3950083219686283,
        -0.19581751447360296,
        0.36806728439760816,
        0.9089457697208343
      ],
      "cam_t_m2c": [
        1.077339440408486,
        -38.0366002666635,
        773.2031377633278
      ],
      "obj_id": 7
    },
    {
      "cam_R_m2c": [
        0.9225978537174828,
        -0.37714922809428947,
        -0.08106548809976279,
        0.38563190766271893,
        0.8962129746123759,
        0.21929473098237973,
        -0.010054935304090351,
        -0.23358200889710296,
        0.9722854191366461
      ],
      "cam_t_m2c": [
        -96.45386742998555,
        39.263089472494855,
        749.6934507272698
      ],
      "obj_id": 11
    },
    {
      "cam_R_m2c": [
        -0.993779514758924,
        0.03910417685253975,
        0.10427417311812787,
        0.004827940811288993,
        0.9505724022520636,
        -0.31046526971161165,
        -0.11126046334487501,
        -0.30803035456165245,
        -0.9448486358122832
      ],
      "cam_t_m2c": [
        -33.57625974494331,
        88.89587598751204,
        741.586068252244
      ],
      "obj_id": 11
    },
    {
      "cam_R_m2c": [
        -0.9171153575146727,
        -0.3983123796338498,
        0.015703075187626935,
        -0.36791379867898893,
        0.8306462439544733,
        -0.4179309176862977,
        0.15342331213890673,
        -0.3890679135794268,
        -0.9083434884141826
      ],
      "cam_t_m2c": [
        53.72601461467445,
        61.46035541386629,
        745.6573671194573
      ],
      "obj_id": 12
    }
  ],
  "206": [
    {
      "cam_R_m2c": [
        -0.8202663588364658,
        -0.14661733348035166,
        0.5528712080291444,
        0.3927376214746113,
        0.5583493894317386,
        0.73075542529975,
        -0.4158366058517328,
        0.8165478434193912,
        -0.40041274633948776
      ],
      "cam_t_m2c": [
        -48.58415359307471,
        -52.2164450931618,
        720.1168287390494
      ],
      "obj_id": 6
    },
    {
      "cam_R_m2c": [
        -0.13992481542385873,
        -0.9870481317711283,
        -0.07846833583923292,
        0.8581560158494882,
        -0.16042311077054394,
        0.4876811103479993,
        -0.493952584511488,
        0.0009004052426576639,
        0.8694888857579165
      ],
      "cam_t_m2c": [
        -44.630530489622416,
        -33.9564372835234,
        783.7613866861483
      ],
      "obj_id": 7
    },
    {
      "cam_R_m2c": [
        0.7664998450379236,
        0.6324063902373422,
        -0.11198373427883211,
        -0.5179388700138459,
        0.7117771281555076,
        0.4744606015186925,
        0.37975926970025803,
        -0.30567290566210986,
        0.8731253343969559
      ],
      "cam_t_m2c": [
        -11.061684987880056,
        67.16191821804343,
        707.8332135061282
      ],
      "obj_id": 11
    },
    {
      "cam_R_m2c": [
        -0.09378607499034124,
        0.9915926559752737,
        0.08915430078145672,
        0.7912716115077401,
        0.12858748956904398,
        -0.5977915555208906,
        -0.6042294567260049,
        0.01448089046632738,
        -0.7966792520960826
      ],
      "cam_t_m2c": [
        58.7065201396641,
        28.991924586377838,
        734.4449975347167
      ],
      "obj_id": 11
    },
    {
      "cam_R_m2c": [
        -0.7391509879106833,
        0.6735213490460041,
        0.005014650155168668,
        0.5818386838739598,
        0.642250352974988,
        -0.4989772955050046,
        -0.3392924694696776,
        -0.3659015047194772,
        -0.8666011630355815
      ],
      "cam_t_m2c": [
        74.99703400037895,
        -38.67085675973454,
        785.6834443944161
      ],
      "obj_id": 12
    }
  ],
  "214": [
    {
      "cam_R_m2c": [
        -0.9957907438209082,
        0.05009172386821951,
        0.07676261352282912,
        0.09075884975467725,
        0.6560118139716438,
        0.7492733746363536,
        -0.01282510083759524,
        0.7530863731846686,
        -0.6577965783471652
      ],
      "cam_t_m2c": [
        -36.94312207427741,
        -66.53662468660808,
        737.71110859517
      ],
      "obj_id": 6
    },
    {
      "cam_R_m2c": [
        -0.8671331752860155,
        -0.4968668844429021,
        -0.034699932997246476,
        0.34062877082662885,
        -0.6424105662565025,
        0.6864984978745812,
        -0.3633899797042974,
        0.5834655277979459,
        0.7263026454214182
      ],
      "cam_t_m2c": [
        -22.760355904826213,
        -48.492731754534844,
        791.0250855349301
      ],
      "obj_id": 7
    },
    {
      "cam_R_m2c": [
        0.9790655243929306,
        -0.19812146300504244,
        -0.046682659898834335,
        0.19486048077633927,
        0.8460110498136273,
        0.4962802982164047,
        -0.05882939852153597,
        -0.4949874465028268,
        0.8669062416838623
      ],
      "cam_t_m2c": [
        -71.8337946314245,
        44.790905618749754,
        723.1672535940764
      ],
      "obj_id": 11
    },
    {
      "cam_R_m2c": [
        -0.7179497427698595,
        0.6884779855303527,
        0.10269841183277123,
        0.4819415959995681,
        0.5980887325036277,
        -0.6403291945534497,
        -0.5022755072093745,
        -0.4102291302125371,
        -0.7612038966999359
      ],
      "cam_t_m2c": [
        5.80623741120734,
        52.729616712219446,
        714.8084703606622
      ],
      "obj_id": 11
    },
    {
      "cam_R_m2c": [
        -0.9915891387496762,
        -0.12569536250315144,
        0.03086160576891183,
        -0.1257334158271117,
        0.878919303222509,
        -0.4600992491185028,
        0.030707126889992678,
        -0.4601097073052129,
        -0.8873308603849885
      ],
      "cam_t_m2c": [
        76.96604423792523,
        8.54031391086739,
        756.8872601396606
      ],
      "obj_id": 12
    }
  ],
  "23": [
    {
      "cam_R_m2c": [
        0.6676061468594133,
        -0.18653064654531032,
        -0.7207693748253121,
        -0.6980479481065903,
        0.1798368383495311,
        -0.6931004858861041,
        0.25890486461150564,
        0.9658498960863271,
        -0.010147304054945181
      ],
      "cam_t_m2c": [
        35.15327360000112,
        -18.723093592304078,
        706.3400580418399
      ],
      "obj_id": 6
    },
    {
      "cam_R_m2c": [
        0.075094425377369,
        0.9805149510977517,
        -0.18152538913211133,
        -0.9516777443599762,
        0.12483050863594569,
        0.28058386823384274,
        0.2977761043743722,
        0.1516832093302893,
        0.9425084891878787
      ],
      "cam_t_m2c": [
        34.29671746059649,
        23.330748729744418,
        752.9957640246196
      ],
      "obj_id": 7
    },
    {
      "cam_R_m2c": [
        -0.6547377214412051,
        -0.74311662340647,
        -0.13818937966894412,
        0.7117060016111196,
        -0.667671690743074,
        0.21837939220550562,
        -0.25454600446679876,
        0.04463088439707524,
        0.9660306436210051
      ],
      "cam_t_m2c": [
        -19.218083412900757,
        -82.57374290796629,
        789.0331296092
      ],
      "obj_id": 11
    },
    {
      "cam_R_m2c": [
        0.20198099336705366,
        -0.9792016284064873,
        0.01918462572175761,
        -0.9644814815441229,
        -0.20227257935798082,
        -0.16988701952816915,
        0.17023364049000828,
        0.01581085664599062,
        -0.9852773127673454
      ],
      "cam_t_m2c": [
        -84.09271243658455,
        -34.15846003533866,
        771.8345637211523
      ],
      "obj_id": 11
    },
    {
      "cam_R_m2c": [
        0.6299755859098147,
        -0.7746096079578499,
        -0.05577356605566382,
        -0.7213496736042333,
        -0.5570269827345399,
        -0.41155368390862535,
        0.2877256117366084,
        0.29950062949335277,
        -0.9096779138315736
      ],
      "cam_t_m2c": [
        -81.09633919301888,
        55.06246787684846,
        745.1608059272677
      ],
      "obj_id": 12
    }
  ],
  "231": [
    {
      "cam_R_m2c": [
        -0.02605523733642844,
        0.0707841806097394,
        -0.9971512468714872,
        -0.7615309971206619,
        0.6447930235638679,
        0.06567009927833985,
        0.6476040687568866,
        0.7610733133265273,
        0.037104400046056
      ],
      "cam_t_m2c": [
        18.427837228319166,
        -88.372397822505,
        758.5637570908643
      ],
      "obj_id": 6
    },
    {
      "cam_R_m2c": [
        -0.7169524099624137,
        0.6965413220721152,
        0.0284493544534113,
        -0.5220621533810231,
        -0.5635103173552456,
        0.6402399929319726,
        0.4619849872649218,
        0.44416868809347915,
        0.767648607289541
      ],
      "cam_t_m2c": [
        29.273215689075307,
        -30.58425052516234,
        781.9735933293061
      ],
      "obj_id": 7
    },
    {
      "cam_R_m2c": [
        -0.12655521040324957,
        -0.9881929969985996,
        -0.08636163056240627,
        0.7289890854935961,
        -0.15169521216543203,
        0.6675054197566017,
        -0.6727243476154388,
        0.021519950700348237,
        0.7395804019191131
      ],
      "cam_t_m2c": [
        -78.03105057964328,
        -65.59733029774199,
        819.1509822818182
      ],
      "obj_id": 11
    },
    {
      "cam_R_m2c": [
        -0.7211468109317036,
        -0.6913581623591876,
        -0.04439704769368905,
        -0.48535450600867697,
        0.5499170268396641,
        -0.6797222811442809,
        0.49434605908652257,
        -0.4686306498922023,
        -0.7321253451978966
      ],
      "cam_t_m2c": [
        -92.4843680086571,
        -13.982107773551004,
        757.2739986143354
      ],
      "obj_id": 11
    },
    {
      "cam_R_m2c": [
        -0.11775331938061585,
        -0.9893598645721952,
        0.08544734120352641,
        -0.7024252370410458,
        0.022160601163747625,
        -0.7114125871411101,
        0.7019489321800186,
        -0.14379120753854321,
        -0.6975613816342476
      ],
      "cam_t_m2c": [
        -29.608836739631244,
        37.655858997455724,
        706.1285963694266
      ],
      "obj_id": 12
    }
  ],
  "248": [
    {
      "cam_R_m2c": [
        0.9828277617666163,
        -0.11097702892972439,
        -0.14742759930250096,
        -0.010037504151116445,
        0.7656056986745073,
        -0.6432323507585952,
        0.18425479113974538,
        0.6336654627258415,
        0.7513440218713016
      ],
      "cam_t_m2c": [
        29.417888359982236,
        -51.27714960371623,
        720.9579994315314
      ],
      "obj_id": 6
    },
    {
      "cam_R_m2c": [
        0.7863459560989695,
        0.6022579985514953,
        -0.1376454015574337,
        -0.34943520910554315,
        0.6173348333056653,
        0.7048358990867383,
        0.5094655064928771,
        -0.506146723504064,
        0.6958879592572101
      ],
      "cam_t_m2c": [
        11.171049736730748,
        4.406486384916646,
        739.628028736182
      ],
      "obj_id": 7
    },
    {
      "cam_R_m2c": [
        -0.9793742463213793,
        -0.16815856157891532,
        -0.11202688271865908,
        0.00490307097738196,
        -0.5740467051668549,
        0.8188082778441245,
        -0.2019975988799062,
        0.8013698181463472,
        0.563030170842677
      ],
      "cam_t_m2c": [
        51.14754603611147,
        -73.07396054896772,
        835.6814762230982
      ],
      "obj_id": 11
    },
    {
      "cam_R_m2c": [
        0.7679066286957514,
        -0.6400699732878075,
        0.025116363057553263,
        -0.3341981963594342,
        -0.4337797241747468,
        -0.836748077747856,
        0.546471423091822,
        0.6341506567948614,
        -0.5470116822922423
      ],
      "cam_t_m2c": [
        -31.331939687224637,
        -75.90105009845276,
        836.0637810011898
      ],
      "obj_id": 11
    },
    {
      "cam_R_m2c": [
        0.996139280200889,
        0.05795539913067519,
        -0.06594382863826198,
        -0.01870984982758602,
        -0.593735341231852,
        -0.8044432494805348,
        -0.08577574368053482,
        0.8025708981626255,
        -0.5903578810364822
      ],
      "cam_t_m2c": [
        -95.99735934110265,
        -37.68871900582188,
        783.3031164912566
      ],
      "obj_id": 12
    }
  ],
  "259": [
    {
      "cam_R_m2c": [
        0.6022078055949713,
        -0.0931772890222162,
        0.7928832605345335,
        0.5206361729597573,
        0.7987472116771636,
        -0.30156524356464065,
        -0.6052143619679208,
        0.5944084859318409,
        0.5295225045020631
      ],
      "cam_t_m2c": [
        -2.5840567492078064,
        -36.48828541176143,
        700.9329322846794
      ],
      "obj_id": 6
    },
    {
      "cam_R_m2c": [
        0.9702334489239085,
        -0.24100626393963914,
        -0.023728130571040017,
        0.20458108727050694,
        0.7632552956975892,
        0.612852798175354,
        -0.12959124956764514,
        -0.5994641572678413,
        0.7898411345674426
      ],
      "cam_t_m2c": [
        -30.360999321413626,
        -2.4678549058130876,
        746.9908218486269
      ],
      "obj_id": 7
    },
    {
      "cam_R_m2c": [
        -0.5565492051025693,
        0.8295748830035056,
        -0.04537026648178716,
        -0.6738669645890688,
        -0.41879651687468494,
        0.6086981455640038,
        0.48595985718105705,
        0.36934332334556863,
        0.7921039818961759
      ],
      "cam_t_m2c": [
        89.95370315811658,
        -15.306844918256349,
        775.702600460419
      ],
      "obj_id": 11
    },
    {
      "cam_R_m2c": [
        0.9928437352888134,
        0.07151714391637952,
        0.09563930993544245,
        0.11936983353961442,
        -0.6179857086629065,
        -0.777074768805298,
        0.003528983564632283,
        0.7829296694941753,
        -0.622100092457978
      ],
      "cam_t_m2c": [
        45.8659722039921,
        -64.07129259668393,
        823.0763043665075
      ],
      "obj_id": 11
    },
    {
      "cam_R_m2c": [
        0.7232995627156164,
        0.6871181487059086,
        -0.06860447117403524,
        0.42512265512005,
        -0.5213810263650372,
        -0.7398872641031033,
        -0.5441591206193379,
        0.5059940655960575,
        -0.6692240745131002
      ],
      "cam_t_m2c": [
        -49.44717222785427,
        -76.86843167491757,
        829.0236120237735
      ],
      "obj_id": 12
    }
  ],
  "273": [
    {
      "cam_R_m2c": [
        -0.5924845024395172,
        -0.06510655509044654,
        0.8029466713276318,
        0.5725528295388641,
        0.6671288751691126,
        0.4765740458248269,
        -0.5666969717752053,
        0.7420916600157134,
        -0.3579867804650498
      ],
      "cam_t_m2c": [
        -46.56304993689091,
        -58.125583288072384,
        719.4219818919672
      ],
      "obj_id": 6
    },
    {
      "cam_R_m2c": [
        0.3270904206417278,
        -0.9437485889128381,
        -0.04848507564041028,
        0.6184101477807565,
        0.17497218925044722,
        0.7661291135924776,
        -0.714549863734186,
        -0.2805768919270795,
        0.6408550404523446
      ],
      "cam_t_m2c": [
        -52.281773525394286,
        -34.2197151684825,
        777.899505645843
      ],
      "obj_id": 7
    },
    {
      "cam_R_m2c": [
