{
  "1": [
    {
      "cam_R_m2c": [
        -0.3388721572393531,
        -0.9407260546683954,
        0.014180110536638958,
        -0.9051213612224328,
        0.3218592853518102,
        -0.27777920721684063,
        0.2567505469947819,
        -0.10696651020205775,
        -0.960539962526212
      ],
      "cam_t_m2c": [
        -28.41712573779502,
        6.6933276497272525,
        726.9046243074706
      ],
      "obj_id": 25
    },
    {
      "cam_R_m2c": [
        0.7249993763928438,
        0.02291041069436956,
        -0.6883690502212615,
        0.6596701013114811,
        -0.3104437911365942,
        0.684440911142742,
        -0.19801936918455848,
        -0.9503152836404768,
        -0.24018517575960832
      ],
      "cam_t_m2c": [
        -103.67592108728654,
        43.379401996768436,
        715.9660427560308
      ],
      "obj_id": 26
    },
    {
      "cam_R_m2c": [
        0.10954105196902619,
        -0.9939495885600931,
        0.008117891531350457,
        -0.9529145066444155,
        -0.10733503992929291,
        -0.2836062591435896,
        0.28276209349879694,
        0.023330916777319185,
        -0.9589061334241057
      ],
      "cam_t_m2c": [
        80.98127062797214,
        -13.939326717332975,
        770.5988298159981
      ],
      "obj_id": 27
    },
    {
      "cam_R_m2c": [
        -0.998977852004283,
        -0.016643380735680703,
        -0.04203777821377158,
        -0.03805781790160396,
        0.8114980038686033,
        0.5831140187539056,
        0.02440862062037482,
        0.5841172502492273,
        -0.8113020264084863
      ],
      "cam_t_m2c": [
        -34.850909057855276,
        127.33633206697785,
        708.5138546151096
      ],
      "obj_id": 28
    },
    {
      "cam_R_m2c": [
        0.9461735584439721,
        -0.32356446859898297,
        -0.007909375600902857,
        -0.313213490930898,
        -0.9091994494738538,
        -0.27432287717072484,
        0.08157006534937336,
        0.26203480443297034,
        -0.9616047961325296
      ],
      "cam_t_m2c": [
        -59.71713409762021,
        -86.95783338767144,
        757.1716829547596
      ],
      "obj_id": 29
    },
    {
      "cam_R_m2c": [
        0.06333329786155362,
        -0.9979920756957411,
        -0.0012817640212678982,
        -0.9537168986401998,
        -0.06014519140375282,
        -0.294628556487543,
        0.29396030289708974,
        0.01988227661013907,
        -0.9556106706654991
      ],
      "cam_t_m2c": [
        76.95304465667728,
        -27.933303846089583,
        717.583698595743
      ],
      "obj_id": 30
    }
  ],
  "103": [
    {
      "cam_R_m2c": [
        0.7392116588614631,
        0.673401641402963,
        0.009802493951373512,
        0.6082009865810495,
        -0.6612470533373339,
        -0.4391403781561246,
        -0.28923645128772046,
        0.3305798362792652,
        -0.8983653795918614
      ],
      "cam_t_m2c": [
        9.834556296655146,
        -17.706482608081007,
        734.3900695700088
      ],
      "obj_id": 25
    },
    {
      "cam_R_m2c": [
        -0.9650367104563432,
        0.014643639665971217,
        0.26170489801175234,
        -0.2430335495789292,
        -0.4239580670408757,
        -0.87246468911495,
        0.09817614363253062,
        -0.9055638284997193,
        0.4126944336344052
      ],
      "cam_t_m2c": [
        60.97172869652675,
        -77.95677092481431,
        765.6084388727235
      ],
      "obj_id": 26
    },
    {
      "cam_R_m2c": [
        0.3903253252694914,
        0.9205124590485421,
        0.017398194610532658,
        0.8251671579908936,
        -0.34138995409013767,
        -0.45005825836251334,
        -0.4083452044936563,
        0.19002558083438661,
        -0.8928300973690321
      ],
      "cam_t_m2c": [
        -71.54615187029191,
        66.92519676164446,
        729.9603192831714
      ],
      "obj_id": 27
    },
    {
      "cam_R_m2c": [
        0.9032456820600743,
        -0.2625793274592693,
        -0.3394098594618495,
        -0.38124561253211325,
        -0.12797488437106727,
        -0.9155733670523601,
        0.19697477333410127,
        0.9563867855546794,
        -0.21569975491079837
      ],
      "cam_t_m2c": [
        -39.845760248415374,
        -107.45928610505607,
        799.9335997766309
      ],
      "obj_id": 28
    },
    {
      "cam_R_m2c": [
        -0.6839862782736595,
        0.7292142486620351,
        0.020225668864126755,
        0.6427826269504494,
        0.6155621004081883,
        -0.4559760587903731,
        -0.3449546445414287,
        -0.2988811352050614,
        -0.8897625930510885
      ],
      "cam_t_m2c": [
        83.4984176880695,
        48.523948385363894,
        704.4561646224586
      ],
      "obj_id": 29
    },
    {
      "cam_R_m2c": [
        0.3934031006460531,
        0.9193429095347314,
        0.006507564664037585,
        0.826989372674209,
        -0.3507735958813762,
        -0.4393709643201065,
        -0.40165042927400146,
        0.1782316343684912,
        -0.8982825408403322
      ],
      "cam_t_m2c": [
        -68.44704644207248,
        41.963608360626665,
        682.3465007429239
      ],
      "obj_id": 30
    }
  ],
  "112": [
    {
      "cam_R_m2c": [
        0.041567864559509345,
        0.9991357199613223,
        -0.00020977674683809194,
        0.8975758837494514,
        -0.037434181734918,
        -0.43926847579468425,
        -0.43889660959731935,
        0.01807093582960952,
        -0.8983555149763491
      ],
      "cam_t_m2c": [
        10.060855077782783,
        -3.094982219194322,
        727.3986716124297
      ],
      "obj_id": 25
    },
    {
      "cam_R_m2c": [
        -0.48096561698114204,
        0.003061047938403915,
        0.8767341663927842,
        -0.7887618405354286,
        -0.43811380501673863,
        -0.43117473498807035,
        0.382789528806728,
        -0.8989140080500746,
        0.21313189413794614
      ],
      "cam_t_m2c": [
        94.94930745160431,
        -15.09520572017364,
        735.3657507832963
      ],
      "obj_id": 26
    },
    {
      "cam_R_m2c": [
        -0.3749355839919747,
        0.9269371660482981,
        0.014523315423135707,
        0.8233081785579514,
        0.3401389195134457,
        -0.4543893855914234,
        -0.4261301890182654,
        -0.15840976867589726,
        -0.8906844720172565
      ],
      "cam_t_m2c": [
        -102.77928190304061,
        8.78179954317682,
        759.3338812760267
      ],
      "obj_id": 27
    },
    {
      "cam_R_m2c": [
        0.938690086079162,
        0.19185231728485264,
        0.28645019984498765,
        0.31640634576813936,
        -0.149411756770002,
        -0.936783718872074,
        -0.13692528112621308,
        0.9699836283473948,
        -0.20095434191435013
      ],
      "cam_t_m2c": [
        55.096074455893934,
        -96.52689619578908,
        796.3449919751015
      ],
      "obj_id": 28
    },
    {
      "cam_R_m2c": [
        -0.999686985226713,
        0.024960038199409937,
        0.001747086325643648,
        0.02163519187966672,
        0.897393951706241,
        -0.4407000981184016,
        -0.012567494572294518,
        -0.44052427307710723,
        -0.897652405070856
      ],
      "cam_t_m2c": [
        11.157061034241979,
        88.66771766400959,
        682.6305668511427
      ],
      "obj_id": 29
    },
    {
      "cam_R_m2c": [
        -0.3786224250917401,
        0.9255269828455788,
        -0.006706161836448207,
        0.8257299971625552,
        0.33450643758961246,
        -0.45417615385988414,
        -0.41810888438249677,
        -0.17749894479930356,
        -0.8908863663678753
      ],
      "cam_t_m2c": [
        -98.18744439335454,
        -13.61537072625256,
        711.5409165780637
      ],
      "obj_id": 30
    }
  ],
  "12": [
    {
      "cam_R_m2c": [
        0.5875250497006959,
        -0.8091655697704705,
        -0.008092564683373951,
        -0.7770081235709325,
        -0.5613269681208359,
        -0.28490432190876513,
        0.22599142607823186,
        0.17367650257403575,
        -0.9585223199857881
      ],
      "cam_t_m2c": [
        -19.223627958489427,
        -8.973500828022798,
        730.4503842095447
      ],
      "obj_id": 25
    },
    {
      "cam_R_m2c": [
        -0.1530547547752038,
        0.016599476217580733,
        -0.9880783358340356,
        0.9480809807791296,
        -0.27959457700532364,
        -0.15155655945288604,
        -0.2787764607954118,
        -0.9599751747984684,
        0.02705605075307027
      ],
      "cam_t_m2c": [
        -93.80927620058684,
        -47.62778824390512,
        743.3678563497017
      ],
      "obj_id": 26
    },
    {
      "cam_R_m2c": [
        0.8752744074071956,
        -0.48355071509970327,
        -0.008574471109516027,
        -0.46632984625131324,
        -0.8391391606975915,
        -0.2799678457740892,
        0.128182750502422,
        0.24904697506295348,
        -0.9599716057958139
      ],
      "cam_t_m2c": [
        67.41902710645226,
        69.64055095200133,
        745.2763208138787
      ],
      "obj_id": 27
    },
    {
      "cam_R_m2c": [
        -0.5238510225910735,
        -0.5233733548873069,
        -0.6720569573070153,
        -0.8126804093431932,
        0.5434634715310285,
        0.21023344679883058,
        0.2552075899639248,
        0.6562993291463165,
        -0.7100288181126216
      ],
      "cam_t_m2c": [
        -124.03265976741241,
        57.86562454885508,
        729.950900087901
      ],
      "obj_id": 28
    },
    {
      "cam_R_m2c": [
        0.7961462768418042,
        0.6050256820610882,
        0.009754560116803456,
        0.5802502494110983,
        -0.7587729336606914,
        -0.2959279920913089,
        -0.17164260148573532,
        0.24126126189424546,
        -0.95516096664914
      ],
      "cam_t_m2c": [
        42.102591049099516,
        -88.16987536018013,
        756.6305116323119
      ],
      "obj_id": 29
    },
    {
      "cam_R_m2c": [
        0.8628812777438183,
        -0.5050755152999256,
        -0.01829568937800775,
        -0.48766719300655825,
        -0.822542813994327,
        -0.29258177479233255,
        0.13272616504028056,
        0.26138530145325467,
        -0.9560659877675484
      ],
      "cam_t_m2c": [
        66.15913207295858,
        51.442536090162704,
        694.4308882180738
      ],
      "obj_id": 30
    }
  ],
  "126": [
    {
      "cam_R_m2c": [
        -0.9292681258832364,
        0.36906898584455655,
        0.01575718093656675,
        0.32404470079725456,
        0.8348979935717628,
        -0.4449038470861464,
        -0.1773561979018734,
        -0.4083297370127731,
        -0.8954395007734018
      ],
      "cam_t_m2c": [
        -6.096851686119244,
        6.860679938739675,
        721.9935098656453
      ],
      "obj_id": 25
    },
    {
      "cam_R_m2c": [
        0.6608774078759612,
        -0.0021852352948354067,
        0.7504903307320937,
        -0.6640287618216254,
        -0.4676908286337375,
        0.5833782000995684,
        0.34972330258896034,
        -0.8838891998862201,
        -0.31053792054655177
      ],
      "cam_t_m2c": [
        34.15174431996643,
        74.23149254977233,
        687.9024903112575
      ],
      "obj_id": 26
    },
    {
      "cam_R_m2c": [
        -0.9979209647922705,
        -0.0644451688128746,
        -0.0001965920635273788,
        -0.05734909554002879,
        0.8894214151445153,
        -0.4534751127641951,
        0.029399160600889877,
        -0.4525219180351827,
        -0.8912687052194198
      ],
      "cam_t_m2c": [
        -42.142293066848225,
        -72.34357436335536,
        801.0817191301032
      ],
      "obj_id": 27
    },
    {
      "cam_R_m2c": [
        -0.0031684989362330274,
        0.6153282982646588,
        0.7882642371798064,
        0.8848629336837326,
        0.3689337768776242,
        -0.28443712377571084,
        -0.4658403879578292,
        0.6966050264480352,
        -0.5456505097759765
      ],
      "cam_t_m2c": [
        113.78824915783642,
        18.136524548458276,
        737.5855203772387
      ],
      "obj_id": 28
    },
    {
      "cam_R_m2c": [
        -0.3552467845386401,
        -0.934427793194313,
        0.025374843281303357,
        -0.8401225157257703,
        0.30725625387622846,
        -0.446975171018662,
        0.40987024964964996,
        -0.18010479936971036,
        -0.89418618602041
      ],
      "cam_t_m2c": [
        -103.64955403435758,
        39.292348592007116,
        705.5848046873457
      ],
      "obj_id": 29
    },
    {
      "cam_R_m2c": [
        -0.9993903001453902,
        -0.034901218165519415,
        0.0006308245263726315,
        -0.031153739521740338,
        0.8836357891720209,
        -0.4671362336746416,
        0.01574621740919153,
        -0.4668719430905574,
        -0.8841849143121181
      ],
      "cam_t_m2c": [
        -41.76171746517702,
        -93.4098053117907,
        750.5124280295727
      ],
      "obj_id": 30
    }
  ],
  "144": [
    {
      "cam_R_m2c": [
        -0.3701463066725589,
        -0.9289719158908477,
        0.001741641154172542,
        -0.735360874592218,
        0.2918558145806021,
        -0.611607388971225,
        0.5676582252593033,
        -0.22766519691768913,
        -0.7911595570851311
      ],
      "cam_t_m2c": [
        -24.439286371488134,
        -26.039557021985406,
        737.0446438622213
      ],
      "obj_id": 25
    },
    {
      "cam_R_m2c": [
        0.7621551214651667,
        0.021048328711492675,
        -0.6470523049532645,
        0.525499220417638,
        -0.6038593776475749,
        0.5993358337421278,
        -0.3781138808021803,
        -0.7968129521035597,
        -0.47129584207199743
      ],
      "cam_t_m2c": [
        -100.80709741740877,
        6.679092613343855,
        711.1764205972752
      ],
      "obj_id": 26
    },
    {
      "cam_R_m2c": [
        0.05963996337054966,
        -0.9979730653036442,
        0.022203000715817944,
        -0.8008197322478262,
        -0.06111287627279509,
        -0.5957784812023136,
        0.5959282929948971,
        0.0177515730064285,
        -0.8028418925421916
      ],
      "cam_t_m2c": [
        81.22415019697745,
        -30.836072094627742,
        787.4916152284528
      ],
      "obj_id": 27
    },
    {
      "cam_R_m2c": [
        -0.9994168377110095,
        -0.031715956708465755,
        0.012658213678071444,
        -0.027265884743043013,
        0.9643055170613583,
        0.26338274539925627,
        -0.020559876441832197,
        0.2628841771616638,
        -0.9646087037319035
      ],
      "cam_t_m2c": [
        -27.21715514513889,
        81.48208329929662,
        677.4260530198844
      ],
      "obj_id": 28
    },
    {
      "cam_R_m2c": [
        0.9355001617750365,
        -0.35332544331745475,
        0.0008533190634284797,
        -0.27812130561210685,
        -0.7378674956211173,
        -0.6149789591430197,
        0.21791758069475436,
        0.575076043827249,
        -0.7885431047084199
      ],
      "cam_t_m2c": [
        -62.532452250707564,
        -101.50567339629112,
        796.346355163309
      ],
      "obj_id": 29
    },
    {
      "cam_R_m2c": [
        0.03596731861886843,
        -0.9991994783729652,
        0.017518441731212878,
        -0.7844672381430962,
        -0.03908933844836546,
        -0.6189363428991147,
        0.6191261557909757,
        0.008518799640405122,
        -0.7852458111720366
      ],
      "cam_t_m2c": [
        78.20033406225996,
        -63.280270721929135,
        744.5583639725908
      ],
      "obj_id": 30
    }
  ],
  "149": [
    {
      "cam_R_m2c": [
        0.05444329710335042,
        -0.9981783208749029,
        0.025990082456119425,
        -0.7932695046088016,
        -0.05904588858503543,
        -0.6060008557981416,
        0.6064314633377312,
        0.01237548527461025,
        -0.7950391452801832
      ],
      "cam_t_m2c": [
        -24.608507342482252,
        -31.323594166473338,
        742.0156498807793
      ],
      "obj_id": 25
    },
    {
      "cam_R_m2c": [
        0.4163415295031606,
        0.045536608295544415,
        -0.9080669937244588,
        0.7310369476885293,
        -0.6105990587847775,
        0.3045549796919176,
        -0.5405963645631567,
        -0.7906294824019455,
        -0.28750671872341854
      ],
      "cam_t_m2c": [
        -110.26824675920756,
        -27.341965892936432,
        736.8095087134362
      ],
      "obj_id": 26
    },
    {
      "cam_R_m2c": [
        0.458577190258487,
        -0.8886520869424959,
        0.0019880996321783753,
        -0.7006686421938032,
        -0.3629452065788575,
        -0.6142753401620957,
        0.5465986092787739,
        0.2802995771775975,
        -0.7890891065466524
      ],
      "cam_t_m2c": [
        87.48993133317536,
        -0.343225398836524,
        763.7523673428647
      ],
      "obj_id": 27
    },
    {
      "cam_R_m2c": [
        -0.9008064019421953,
        -0.2858287319904284,
        -0.3268780738140725,
        -0.3621130439814913,
        0.9099289148967287,
        0.20224608199634816,
        0.23962798515422176,
        0.30055145928417654,
        -0.9231721257616853
      ],
      "cam_t_m2c": [
        -78.7658089412667,
        65.74685888606435,
        689.4256026844444
      ],
      "obj_id": 28
    },
    {
      "cam_R_m2c": [
        0.997882020237793,
        0.06086202089000005,
        0.02295206962976632,
        0.0621497944646507,
        -0.7879977828939169,
        -0.6125331438274993,
        -0.019193767631814365,
        0.6126622212460859,
        -0.7901114569189023
      ],
      "cam_t_m2c": [
        -17.171795321863485,
        -113.59203000769278,
        804.5146628590569
      ],
      "obj_id": 29
    },
    {
      "cam_R_m2c": [
        0.456878602541682,
        -0.8890941926452196,
        0.027802329538495766,
        -0.701020654363708,
        -0.3791212887260352,
        -0.6040174282963754,
        0.5475688158807426,
        0.25647255183597206,
        -0.7964858698862561
      ],
      "cam_t_m2c": [
        83.63336327819387,
        -33.9166756022213,
        721.4758650427734
      ],
      "obj_id": 30
    }
  ],
  "156": [
    {
      "cam_R_m2c": [
        0.6198248671368697,
        -0.7844849049610815,
        0.020033194416779185,
        -0.6113837286382692,
        -0.4987463851487425,
        -0.6143800921977469,
        0.4919630659228805,
        0.3685592519375804,
        -0.7887562168792316
      ],
      "cam_t_m2c": [
        -17.391998676742737,
        -38.906273833820094,
        747.0400095350049
      ],
      "obj_id": 25
    },
    {
      "cam_R_m2c": [
        -0.17106966357024334,
        0.025551030478759628,
        -0.9849279606214141,
        0.7895293957170555,
        -0.594450889130348,
        -0.15255281322408415,
        -0.5893885145398517,
        -0.8037262350520186,
        0.0815186272389567
      ],
      "cam_t_m2c": [
        -89.797821017705,
        -75.21740974336426,
        771.5952775199581
      ],
      "obj_id": 26
    },
    {
      "cam_R_m2c": [
        0.8831360221266391,
        -0.4691087381181344,
        0.0029192733995509054,
        -0.37135290620894307,
        -0.702878335702248,
        -0.6066794565599579,
        0.28665059522769926,
        0.5346955108534233,
        -0.7949415771388629
      ],
      "cam_t_m2c": [
        68.03257650926592,
        41.927887806357774,
        730.5788074866674
      ],
      "obj_id": 27
    },
    {
      "cam_R_m2c": [
        -0.4997647172678394,
        -0.5271307339575008,
        -0.6872912050199698,
        -0.6854364172249439,
        0.725799421881934,
        -0.05824959026644215,
        0.5295398094742504,
        0.4419829132574654,
        -0.7240432586797811
      ],
      "cam_t_m2c": [
        -123.54087515191188,
        18.35334510987047,
        724.9738723391517
      ],
      "obj_id": 28
    },
    {
      "cam_R_m2c": [
        0.7755250889896281,
        0.6313172950953728,
        0.00030419185595065805,
        0.4957867893276653,
        -0.6087374725862997,
        -0.6193827988247986,
        -0.39084105300070093,
        0.48049740677387914,
        -0.7850894549160394
      ],
      "cam_t_m2c": [
        48.176131477937055,
        -102.01769045758955,
        796.271314038643
      ],
      "obj_id": 29
    },
    {
      "cam_R_m2c": [
        0.8848292966210315,
        -0.46524679221228865,
        0.02496578959418603,
        -0.35853332741224303,
        -0.7141388011920522,
        -0.6012158721066058,
        0.29754284951387394,
        0.523021453182519,
        -0.7986969266938007
      ],
      "cam_t_m2c": [
        64.93888944701774,
        6.3651653759785045,
        689.7214215062957
      ],
      "obj_id": 30
    }
  ],
  "159": [
    {
      "cam_R_m2c": [
        0.7868407790143936,
        -0.616719046500147,
        0.023221577257518108,
        -0.4777008189056326,
        -0.632435013206903,
        -0.6097774518034144,
        0.39074751733638546,
        0.4687046577474401,
        -0.7922322878844423
      ],
      "cam_t_m2c": [
        -11.858619514922626,
        -41.030985091221375,
        748.4816882885569
      ],
      "obj_id": 25
    },
    {
      "cam_R_m2c": [
        -0.44071044592806563,
        0.020022856446064552,
        -0.8974260046567416,
        0.7159561572260047,
        -0.595209573816159,
        -0.36487396501702973,
        -0.5414623119604955,
        -0.8033208620041671,
        0.24797946161572818
      ],
      "cam_t_m2c": [
        -71.68080401531202,
        -89.11340449265269,
        783.7327770610372
      ],
      "obj_id": 26
    },
    {
      "cam_R_m2c": [
        0.9777688941510683,
        -0.20958320879428452,
        -0.006551134863901306,
        -0.1702797433885712,
        -0.7754002642880683,
        -0.6080788555475769,
        0.12236343866759285,
        0.5956759917059166,
        -0.7938494620598758
      ],
      "cam_t_m2c": [
        48.87536317722417,
        55.430596521186956,
        719.4164887644715
      ],
      "obj_id": 27
    },
    {
      "cam_R_m2c": [
        -0.2558362477314273,
        -0.6098911087489947,
        -0.7500537934522319,
        -0.7796521838466639,
        0.5889031535812815,
        -0.21292305574981626,
        0.571568784636034,
        0.5303071534969157,
        -0.6261654106603908
      ],
      "cam_t_m2c": [
        -130.21330353780274,
        -6.205484971129618,
        743.0465161871041
      ],
      "obj_id": 28
    },
    {
      "cam_R_m2c": [
        0.6002661765241005,
        0.7997922779028951,
        0.003589593306695183,
        0.6363979128567778,
        -0.47490582228376094,
        -0.6078345362250583,
        -0.4844365014343688,
        0.3671469322420916,
        -0.7940554588545884
      ],
      "cam_t_m2c": [
        70.74703471305136,
        -86.99006043776534,
        786.9998123249363
      ],
      "obj_id": 29
    },
    {
      "cam_R_m2c": [
        0.9772881274422915,
        -0.21191496559390924,
        0.00010186337799755875,
        -0.1674803296310371,
        -0.7726643612406126,
        -0.612324089360337,
        0.12983942035460036,
        0.5983998804703828,
        -0.7906067161096574
      ],
      "cam_t_m2c": [
        48.01914649387803,
        20.64666714352266,
        678.24630163913
      ],
      "obj_id": 30
    }
  ],
  "164": [
    {
      "cam_R_m2c": [
        0.9799600580096516,
        -0.198371690072846,
        0.018108743402844983,
        -0.1464010581732774,
        -0.7788922111503958,
        -0.6098299452136455,
        0.13507792427058987,
        0.5949581640122212,
        -0.7923251964127179
      ],
      "cam_t_m2c": [
        -4.594838971781586,
        -40.95029278076803,
        747.9332655358074
      ],
      "obj_id": 25
    },
    {
      "cam_R_m2c": [
        -0.7665400078065246,
        0.04016074552939509,
        -0.6409403273273633,
        0.49720272813331895,
        -0.5945619245950631,
        -0.6318896204758606,
        -0.40645618070205636,
        -0.8030460584212789,
        0.4357876633635494
      ],
      "cam_t_m2c": [
        -31.894986790728304,
        -104.52662353372256,
        796.8060997061795
      ],
      "obj_id": 26
    },
    {
      "cam_R_m2c": [
        0.9743463231987134,
        0.22505535038907498,
        0.0005359063341407878,
        0.17685230531995025,
        -0.7641822553434613,
        -0.6202803151521462,
        -0.13918784831765038,
        0.6044629599164442,
        -0.7843798499301949
      ],
      "cam_t_m2c": [
        12.92251311644392,
        68.19131288563082,
        708.1692819142995
      ],
      "obj_id": 27
    },
    {
      "cam_R_m2c": [
        0.19284248972110482,
        -0.6113393766322022,
        -0.7675134592359787,
        -0.7843377469971241,
        0.3739637508219152,
        -0.49493870856146505,
        0.5895980974038092,
        0.697435047791979,
        -0.4073805409419043
      ],
      "cam_t_m2c": [
        -123.34242269805974,
        -48.532569488068376,
        774.7313871788996
      ],
      "obj_id": 28
    },
    {
      "cam_R_m2c": [
        0.17728247046621634,
        0.9841537244574728,
        0.0036525848747297348,
        0.7847093854491881,
        -0.13911360171203907,
        -0.6040509193324212,
        -0.5939711640762186,
        0.10995401075227933,
        -0.7969371687998683
      ],
      "cam_t_m2c": [
        96.59970196432299,
        -53.979985231004115,
        761.5988939498068
      ],
      "obj_id": 29
    },
    {
      "cam_R_m2c": [
        0.9784765981955346,
        0.20574140726718806,
        0.01596809414579677,
        0.17445640351674163,
        -0.7833921521781985,
        -0.5965405544200526,
        -0.11022378955424363,
        0.5864870814181056,
        -0.8024238857604673
      ],
      "cam_t_m2c": [
        14.200450945781823,
        32.94888823009151,
        668.5106116290888
      ],
      "obj_id": 30
    }
  ],
  "175": [
    {
      "cam_R_m2c": [
        0.7459672559300019,
        0.6658109311471894,
        0.015126483176168394,
        0.5353249632616358,
        -0.5859505129859488,
        -0.6083490914399883,
        -0.39618180660686236,
        0.46190590566805834,
        -0.7935252480258091
      ],
      "cam_t_m2c": [
        10.80796245047991,
        -32.258766740832215,
        741.2820978233119
      ],
      "obj_id": 25
    },
    {
      "cam_R_m2c": [
        -0.9604332247646583,
        0.01993484488013377,
        0.27779624877988435,
        -0.2364851809559903,
        -0.5852401131714922,
        -0.7756082936489694,
        0.14711570465599005,
        -0.8106148023739947,
        0.5667980512844087
      ],
      "cam_t_m2c": [
        60.40367283395253,
        -87.00785446888091,
        785.4834308068673
      ],
      "obj_id": 26
    },
    {
      "cam_R_m2c": [
        0.3887106340289437,
        0.9211177374478025,
        0.02112610961379455,
        0.7349026290737691,
        -0.296134747751791,
        -0.610099814565308,
        -0.5557172435844354,
        0.2526778782717763,
        -0.7920427075376192
      ],
      "cam_t_m2c": [
        -72.50255026963036,
        49.35563187321448,
        722.448319457741
      ],
      "obj_id": 27
    },
    {
      "cam_R_m2c": [
        0.9081543461446882,
        -0.2577133159065969,
        -0.32990861510141006,
        -0.335036134580094,
        0.02509112138974148,
        -0.9418708231110264,
        0.25101037062550124,
        0.965895297701028,
        -0.06355700340205163
      ],
      "cam_t_m2c": [
        -38.416076253772495,
        -110.95893846850748,
        824.0954279921195
      ],
      "obj_id": 28
    },
    {
      "cam_R_m2c": [
        -0.7009015628799928,
        0.712633667511964,
        0.029839364831170907,
        0.5501898296890927,
        0.5668087301275431,
        -0.6132034557337295,
        -0.4539024606599082,
        -0.4133776522515457,
        -0.7893610586963639
      ],
      "cam_t_m2c": [
        83.94369570541345,
        25.164045314879537,
        700.2059626956916
      ],
      "obj_id": 29
    },
    {
      "cam_R_m2c": [
        0.372267939555703,
        0.9279627924907764,
        0.017371437363628204,
        0.7406888781695363,
        -0.28575668253430736,
        -0.6080481610421294,
        -0.5592817349135455,
        0.23922361217427404,
        -0.7937099053311393
      ],
      "cam_t_m2c": [
        -67.8079410161761,
        15.35427519074637,
        679.9696785901804
      ],
      "obj_id": 30
    }
  ],
  "18": [
    {
      "cam_R_m2c": [
        0.907706251219656,
        -0.4194249341796401,
        0.012311126867469583,
        -0.39619297827535865,
        -0.8663537629895482,
        -0.3040768924243017,
        0.1382032422622556,
        0.27113495589702324,
        -0.9525675304078479
      ],
      "cam_t_m2c": [
        -10.881198283577334,
        -11.677133896771396,
        731.6709515539623
      ],
      "obj_id": 25
    },
    {
      "cam_R_m2c": [
        -0.6103195838468208,
        0.00786258690207345,
        -0.7921159527260305,
        0.7553303369074131,
        -0.295561339952073,
        -0.5849102914919639,
        -0.23871779545652094,
        -0.9552909935116458,
        0.17444806341943428
      ],
      "cam_t_m2c": [
        -54.85310143990138,
        -80.881358681441,
        752.3397724420964
      ],
      "obj_id": 26
    },
    {
      "cam_R_m2c": [
        0.9999907249328812,
        -0.00364125564347312,
        0.002185866109366575,
        -0.002804454370856854,
        -0.9526712259929957,
        -0.3039903637408639,
        0.003189321511969434,
        0.30398146406090926,
        -0.9526721897276748
      ],
      "cam_t_m2c": [
        30.202449563540853,
        99.27653336441378,
        736.0813630068448
      ],
      "obj_id": 27
    },
    {
      "cam_R_m2c": [
        -0.027988004273647987,
        -0.5992838119337546,
        -0.8000469173091229,
        -0.9575998407801564,
        0.2456593448789855,
        -0.15051410126882206,
        0.2867397037121623,
        0.7619118970028893,
        -0.5807493528942715
      ],
      "cam_t_m2c": [
        -131.01422997153247,
        -3.257194667782052,
        748.663683586681
      ],
      "obj_id": 28
    },
    {
      "cam_R_m2c": [
        0.3946216736019693,
        0.9188428288127656,
        -0.001033221193378686,
        0.8736092779147724,
        -0.3755429194651835,
        -0.30947505354898397,
        -0.2847470039811813,
        0.12122295099859066,
        -0.9509065905877888
      ],
      "cam_t_m2c": [
        83.58692926570691,
        -50.644807500563616,
        744.3971671342322
      ],
      "obj_id": 29
    },
    {
      "cam_R_m2c": [
        0.9999965504963167,
        0.00029587525667661466,
        -0.0025093032143023324,
        -0.000491908864280987,
        -0.9513213027108276,
        -0.3082012372028784,
        -0.002478339810321116,
        0.3082014588901984,
        -0.9513174660030517
      ],
      "cam_t_m2c": [
        28.462062087398074,
        79.51705367611106,
        684.8394715394983
      ],
      "obj_id": 30
    }
  ],
  "183": [
    {
      "cam_R_m2c": [
        0.12643259131754378,
        0.9919682223280488,
        0.0038522082826869786,
        0.796739439889691,
        -0.09923497989505246,
        -0.5961199782060781,
        -0.5909490077407944,
        0.07843866466766632,
        -0.8028860867924987
      ],
      "cam_t_m2c": [
        10.361064101857428,
        -21.858973174072744,
        734.6371472369754
      ],
      "obj_id": 25
    },
    {
      "cam_R_m2c": [
        -0.5781645450175779,
        -0.010790910542886575,
        0.8158494209639332,
        -0.6555224896433866,
        -0.5892242172305441,
        -0.47234038801551603,
        0.48581431411051307,
        -0.8078974644687612,
        0.33359494015221397
      ],
      "cam_t_m2c": [
        95.07384094804672,
        -38.34940905411089,
        747.1981545664809
      ],
      "obj_id": 26
    },
    {
      "cam_R_m2c": [
        -0.29076709902403447,
        0.9567136463023959,
        0.012427852384439414,
        0.75270476579668,
        0.23674373581078767,
        -0.6143193843911967,
        -0.5906694542347442,
        -0.16926858765657926,
        -0.7889595545630789
      ],
      "cam_t_m2c": [
        -101.69285821792687,
        4.61133481383262,
        756.4016353048894
      ],
      "obj_id": 27
    },
    {
      "cam_R_m2c": [
        0.9682525273326456,
        0.13666579338201879,
        0.20930949220080244,
        0.21052504558313523,
        0.005658016220479796,
        -0.9775722691960848,
        -0.13478422075107155,
        0.9906008753448244,
        -0.02329319308457805
      ],
      "cam_t_m2c": [
        45.528600648706266,
        -103.39054187898071,
        820.1764295635799
      ],
      "obj_id": 28
    },
    {
      "cam_R_m2c": [
        -0.9957249375491118,
        0.09187009045495831,
        0.009629934052692869,
        0.06670804847757357,
        0.7872592624048103,
        -0.6130034580591242,
        -0.06389842685828545,
        -0.6097396556012045,
        -0.7900214940542671
      ],
      "cam_t_m2c": [
        23.16292511483364,
        59.996525608241846,
        673.2074477681081
      ],
      "obj_id": 29
    },
    {
      "cam_R_m2c": [
        -0.2880383222125199,
        0.9571282761354614,
        0.03066528625734578,
        0.7572158574202458,
        0.24724558307407313,
        -0.6045610893335182,
        -0.5862238657606142,
        -0.1509157589031763,
        -0.7959682567619547
      ],
      "cam_t_m2c": [
        -96.92381017320649,
        -28.01947242075349,
        715.091445086447
      ],
      "obj_id": 30
    }
  ],
  "190": [
    {
      "cam_R_m2c": [
        -0.46475858334322706,
        0.885103078065448,
        0.024318530466276137,
        0.689612851558542,
        0.3790626667402963,
        -0.6170456377325584,
        -0.5553674449767085,
        -0.2700069774052143,
        -0.7865515899594515
      ],
      "cam_t_m2c": [
        4.415912905581968,
        -14.308653336590984,
        729.2928977487195
      ],
      "obj_id": 25
    },
    {
      "cam_R_m2c": [
        -0.0016379508368383389,
        0.005472827989350205,
        0.9999833803355275,
        -0.8005801166690453,
        -0.5992222479842685,
        0.0019685695127355986,
        0.5992232818841768,
        -0.8005640969299072,
        0.005362944847381662
      ],
      "cam_t_m2c": [
        85.56539374481417,
        9.144015200846784,
        711.2507724450445
      ],
      "obj_id": 26
    },
    {
      "cam_R_m2c": [
        -0.796763938904539,
        0.6039651226692454,
        0.0198178071197078,
        0.46410639954332794,
        0.6326043295576157,
        -0.6200134787789705,
        -0.38700349821787383,
        -0.4848069804569998,
        -0.784340904384009
      ],
      "cam_t_m2c": [
        -90.67134432090403,
        -40.92731091943093,
        791.6152405249894
      ],
      "obj_id": 27
    },
    {
      "cam_R_m2c": [
        0.6533774671129186,
        0.4549150732872153,
        0.6051029407720453,
        0.6025779745949439,
        0.17132602511928088,
        -0.7794529234901798,
        -0.4582549366924792,
        0.873899181086738,
        -0.16218143054801315
      ],
      "cam_t_m2c": [
        98.65980030572902,
        -63.66925975072749,
        790.1513080832864
      ],
      "obj_id": 28
    },
    {
      "cam_R_m2c": [
        -0.8789921363014473,
        -0.47600410376410274,
        0.028147877886952215,
        -0.393368750013067,
        0.6905012271042023,
        -0.6070162898182617,
        0.2695061979814415,
        -0.544635247455787,
        -0.7941908048462241
      ],
      "cam_t_m2c": [
        -44.34583348929017,
        57.407301479099644,
        673.4940674100828
      ],
      "obj_id": 29
    },
    {
      "cam_R_m2c": [
        -0.7921560218671584,
        0.6097646764739492,
        0.025985700733316075,
        0.4697776375622845,
        0.6363709302378969,
        -0.6118339004798435,
        -0.38961139832915187,
        -0.4724605774154853,
        -0.7905593812090141
      ],
      "cam_t_m2c": [
        -87.48715135521168,
        -71.80370572980482,
        747.0323051365614
      ],
      "obj_id": 30
    }
  ],
  "198": [
    {
      "cam_R_m2c": [
        -0.9198216942515149,
        0.3922819657811438,
        0.006571374189706453,
        0.3040298483387905,
        0.7232747582661456,
        -0.6200315636128498,
        -0.24798001399270314,
        -0.5683204846056878,
        -0.7845487237334298
      ],
      "cam_t_m2c": [
        -7.337866761657156,
        -11.844822230273694,
        725.6836510462155
      ],
      "obj_id": 25
    },
    {
      "cam_R_m2c": [
        0.6420830992972287,
        0.015223662267324366,
        0.7664840506250862,
        -0.5982327091479401,
        -0.6152878466611764,
        0.5133596718148465,
        0.47942340398638156,
        -0.7881548946812053,
        -0.38595856678482526
      ],
      "cam_t_m2c": [
        34.722887859217025,
        47.41796713066093,
        680.1299364131693
      ],
      "obj_id": 26
    },
    {
      "cam_R_m2c": [
        -0.9993046346867753,
        -0.03211629752315117,
        0.018948749018983413,
        -0.036972372028751935,
        0.787218375777336,
        -0.6155647271183331,
        0.004852893612592016,
        -0.6158371362680213,
        -0.787857877021635
      ],
      "cam_t_m2c": [
        -43.106291759007746,
        -74.50286382813398,
        816.8616307830754
      ],
      "obj_id": 27
    },
    {
      "cam_R_m2c": [
        0.0041227763969780866,
        0.5913158333549451,
        0.8064296895624569,
        0.7976343075477981,
        0.48444313916990095,
        -0.35929656931342113,
        -0.6031269433880982,
        0.6447168641176962,
        -0.4696562691869695
      ],
      "cam_t_m2c": [
        115.59890995032193,
        2.0491343579318944,
        740.3862865742342
      ],
      "obj_id": 28
    },
    {
      "cam_R_m2c": [
        -0.3626239177909058,
        -0.9314952351634672,
        0.028649456187780767,
        -0.7406862963097516,
        0.26941395526309536,
        -0.6154669646835881,
        0.5655858822593122,
        -0.24440320664623383,
        -0.7876411916539189
      ],
      "cam_t_m2c": [
        -101.43487491565232,
        17.584928967494907,
        702.5791363904899
      ],
      "obj_id": 29
    },
    {
      "cam_R_m2c": [
        -0.9992979143243461,
        -0.03714423611845556,
        0.004924492070164081,
        -0.03271604122511072,
        0.800897943277658,
        -0.5979061916370592,
        0.01826481420293366,
        -0.5976473809321379,
        -0.8015503465950278
      ],
      "cam_t_m2c": [
        -42.79752481770146,
        -103.93289115462598,
        772.9581599431316
      ],
      "obj_id": 30
    }
  ],
  "210": [
    {
      "cam_R_m2c": [
        -0.8013330519031548,
        -0.5980366612692134,
        0.014769432097025826,
        -0.4876399178822421,
        0.6387080553384307,
        -0.5951959844424913,
        0.346516080980743,
        -0.4841526208307693,
        -0.8034448382808026
      ],
      "cam_t_m2c": [
        -22.31816257921855,
        -18.947118362230288,
        730.2471946196066
      ],
      "obj_id": 25
    },
    {
      "cam_R_m2c": [
        0.9842694369486659,
        0.005602384608486307,
        -0.17658689125222882,
        0.14058436387052986,
        -0.6301977802081563,
        0.7636005010769127,
        -0.10700695314604228,
        -0.7764144079204136,
        -0.6210724198688352
      ],
