{
    "1": [
        {
            "cam_R_m2c": [
                -0.12318902345191325,
                -0.7935801855985712,
                0.5958650700637123,
                -0.9885719404618273,
                0.15070441864130815,
                -0.0036662964499902286,
                -0.08688983777072734,
                -0.5895077701195058,
                -0.8030758118976143
            ],
            "cam_t_m2c": [
                -12.184516030684382,
                2.371084022326288,
                725.53401376598
            ],
            "obj_id": 25
        },
        {
            "cam_R_m2c": [
                0.7906635112298805,
                -0.22878289983949274,
                -0.567899996814214,
                0.19635711518245136,
                -0.7838068293802891,
                0.5891432975908217,
                -0.5799099104459454,
                -0.5773253949480974,
                -0.5748043122014053
            ],
            "cam_t_m2c": [
                -117.04803536658078,
                36.46329474167918,
                708.1686086104868
            ],
            "obj_id": 26
        },
        {
            "cam_R_m2c": [
                0.4378924516057296,
                -0.7329190878720085,
                0.5206533533721915,
                -0.755074214679388,
                -0.6141612073976543,
                -0.22949689213105406,
                0.4879680642344354,
                -0.2926372311135232,
                -0.8223446024819422
            ],
            "cam_t_m2c": [
                80.88982605602635,
                -29.18583756847945,
                767.8755878162212
            ],
            "obj_id": 27
        },
        {
            "cam_R_m2c": [
                -0.9336457294813749,
                0.054134160266405634,
                0.354084682423765,
                0.07025151809922764,
                0.9969889623691497,
                0.03281343860260729,
                -0.3512425132085481,
                0.055511044397454655,
                -0.9346375916037889
            ],
            "cam_t_m2c": [
                -29.589328716027136,
                122.1322717232512,
                695.4342044557726
            ],
            "obj_id": 28
        },
        {
            "cam_R_m2c": [
                0.7036471016865082,
                -0.6531067801406447,
                0.2798804323464905,
                -0.30208046997758836,
                -0.6314852169698272,
                -0.7141237952118459,
                0.6431398876660079,
                0.41794473017423706,
                -0.6416334871314584
            ],
            "cam_t_m2c": [
                -57.81397155411263,
                -91.61587468323796,
                741.2089090756177
            ],
            "obj_id": 29
        },
        {
            "cam_R_m2c": [
                -0.557830546680731,
                -0.8299533387852801,
                0.001744255345005361,
                -0.7330936066735287,
                0.49174227119096514,
                -0.4698541211401479,
                0.3890996454554078,
                -0.2633779153361327,
                -0.8827420039443095
            ],
            "cam_t_m2c": [
                68.31840428630804,
                -20.189474847307626,
                729.2005320356569
            ],
            "obj_id": 30
        }
    ],
    "12": [
        {
            "cam_R_m2c": [
                0.858366774996011,
                -0.350733731678747,
                -0.3744218617953364,
                -0.5073927770600133,
                -0.6883114124246614,
                -0.5184404427514011,
                -0.07588466348462604,
                0.6349910715724416,
                -0.768783959826056
            ],
            "cam_t_m2c": [
                -5.485278964649172,
                -16.655432582341135,
                733.2200397851651
            ],
            "obj_id": 25
        },
        {
            "cam_R_m2c": [
                0.38133471307751426,
                -0.3925897015076945,
                -0.8369334417245594,
                0.8907471042401512,
                -0.08614122382049355,
                0.4462609272133875,
                -0.24729143142839566,
                -0.9156713505180997,
                0.3168498340000152
            ],
            "cam_t_m2c": [
                -102.34172826705911,
                -60.89887401584908,
                738.0393939233729
            ],
            "obj_id": 26
        },
        {
            "cam_R_m2c": [
                0.8656383740680701,
                -0.22663246107752139,
                -0.4464388352805236,
                -0.2047816108915363,
                -0.9739542231386187,
                0.09735325039384206,
                -0.4568745215861926,
                0.007149803780229393,
                -0.8895030697796995
            ],
            "cam_t_m2c": [
                71.85476105229819,
                68.35045264372835,
                760.2337103879693
            ],
            "obj_id": 27
        },
        {
            "cam_R_m2c": [
                -0.03691267738699661,
                -0.2757948284426601,
                -0.9605072111281264,
                -0.7613829220934322,
                0.6302994773384234,
                -0.15172090501121488,
                0.6472509217975038,
                0.7257139962847974,
                -0.23325145856249935
            ],
            "cam_t_m2c": [
                -114.35858719627566,
                50.17404754430653,
                741.3908463890635
            ],
            "obj_id": 28
        },
        {
            "cam_R_m2c": [
                0.924734972562709,
                0.06973444751086723,
                -0.3741694314909228,
                -0.07189637642089201,
                -0.9333699153728021,
                -0.35164119863398874,
                -0.3737600437346009,
                0.3520754822586523,
                -0.8581064643256084
            ],
            "cam_t_m2c": [
                38.39617619021569,
                -75.66293293845695,
                766.9078714224121
            ],
            "obj_id": 29
        },
        {
            "cam_R_m2c": [
                0.3484169271975209,
                -0.9362347505516515,
                -0.04550327458481445,
                -0.8617600454466559,
                -0.3008479311947363,
                -0.40848534580262086,
                0.3687477381842701,
                0.1815358008226858,
                -0.9116305032319606
            ],
            "cam_t_m2c": [
                51.77255887590431,
                43.0830347196469,
                691.5173021110539
            ],
            "obj_id": 30
        }
    ],
    "18": [
        {
            "cam_R_m2c": [
                0.5314299505804206,
                -0.7850278966681664,
                0.31829706415895115,
                -0.8134157461193413,
                -0.5778119099190806,
                -0.06699595257265892,
                0.23650937042947465,
                -0.2233044571329588,
                -0.9456202946347694
            ],
            "cam_t_m2c": [
                -18.643841842792277,
                -14.653174689881949,
                718.8699044336103
            ],
            "obj_id": 25
        },
        {
            "cam_R_m2c": [
                -0.881911984621044,
                0.08776046375688985,
                -0.4631727850384007,
                0.46768430281571877,
                0.2862319090119992,
                -0.836267183351503,
                0.059183971046140676,
                -0.9541323825843282,
                -0.29347577027105215
            ],
            "cam_t_m2c": [
                -56.71236704690669,
                -88.60641868300812,
                767.2027982006482
            ],
            "obj_id": 26
        },
        {
            "cam_R_m2c": [
                0.788396621275985,
                0.35620897479298874,
                0.5015431694040969,
                0.3866437553923495,
                -0.9210623135957872,
                0.046380073527112334,
                0.4784734691333743,
                0.15735258123328016,
                -0.8638880473430492
            ],
            "cam_t_m2c": [
                45.51975608417232,
                95.07286747693493,
                733.0875312044348
            ],
            "obj_id": 27
        },
        {
            "cam_R_m2c": [
                0.4568907525818521,
                -0.5687261626252513,
                -0.6839598831546121,
                -0.6310262335477389,
                0.3347032756631976,
                -0.6998424940364493,
                0.6269427197998908,
                0.7513478614946922,
                -0.2059580958342714
            ],
            "cam_t_m2c": [
                -137.27494815076025,
                10.553840547790417,
                744.0296401939381
            ],
            "obj_id": 28
        },
        {
            "cam_R_m2c": [
                0.3345255390999385,
                0.9404455272975115,
                -0.06045123797790187,
                0.49841249236376206,
                -0.23100185433882908,
                -0.8355973491252233,
                -0.799798689144391,
                0.24939924969416621,
                -0.5460054379768687
            ],
            "cam_t_m2c": [
                81.4659672357423,
                -36.871211508087626,
                736.7325725641324
            ],
            "obj_id": 29
        },
        {
            "cam_R_m2c": [
                0.7664979996137838,
                0.13171707841682104,
                -0.6285942958421649,
                -0.060938391164979476,
                -0.9594124630398734,
                -0.2753447141558917,
                -0.6393487422505579,
                0.24935674206393782,
                -0.7273607907768859
            ],
            "cam_t_m2c": [
                30.08762254217936,
                94.35937425745563,
                690.6998550514464
            ],
            "obj_id": 30
        }
    ],
    "28": [
        {
            "cam_R_m2c": [
                0.5802117918572758,
                0.5637432242912043,
                0.5878336011774867,
                0.775493514080504,
                -0.6029722481340785,
                -0.1871767464139155,
                0.24892765695928884,
                0.5644632124767475,
                -0.7870300979210341
            ],
            "cam_t_m2c": [
                1.5018149950791413,
                8.473056721923221,
                724.1202412926334
            ],
            "obj_id": 25
        },
        {
            "cam_R_m2c": [
                -0.8231947059062656,
                0.44155729378491515,
                0.3569008436226857,
                -0.5419942077655493,
                -0.42393987532085986,
                -0.7256155616794148,
                -0.16909618630425752,
                -0.7907603878250794,
                0.5883065918034828
            ],
            "cam_t_m2c": [
                39.14950078300161,
                -75.25135928065795,
                765.7117615726905
            ],
            "obj_id": 26
        },
        {
            "cam_R_m2c": [
                0.39759180436678715,
                0.7740694865364001,
                -0.4926840916594709,
                0.9039170071179785,
                -0.42268537809411066,
                0.06536031771903614,
                -0.15765701775202645,
                -0.4713323003583935,
                -0.8677501177172684
            ],
            "cam_t_m2c": [
                -41.69019091831923,
                112.00026883589403,
                738.737288970962
            ],
            "obj_id": 27
        },
        {
            "cam_R_m2c": [
                0.8187785618278082,
                -0.567646687480236,
                0.08590379771688494,
                -0.08999675806468958,
                -0.27468582520788903,
                -0.9573134483508218,
                0.5670122482087802,
                0.7760961506428378,
                -0.2759927266564449
            ],
            "cam_t_m2c": [
                -63.92583568332125,
                -90.8673029143586,
                763.0637810194609
            ],
            "obj_id": 28
        },
        {
            "cam_R_m2c": [
                0.18961385483627505,
                0.9534865203602483,
                -0.2343306967513252,
                0.9439123842606798,
                -0.24272651462755823,
                -0.22386130850431876,
                -0.270326965010213,
                -0.1787405669468737,
                -0.9460312316302021
            ],
            "cam_t_m2c": [
                104.36718969594428,
                39.62607298366869,
                732.6388866926154
            ],
            "obj_id": 29
        },
        {
            "cam_R_m2c": [
                0.6091285733517112,
                0.7331889675355916,
                -0.3023192997320014,
                0.308288902284521,
                -0.5701262410915556,
                -0.7615210267508885,
                -0.7306991622444313,
                0.3706624376638488,
                -0.5733137177242571
            ],
            "cam_t_m2c": [
                -40.94401738685654,
                92.37667939295524,
                692.8454679229706
            ],
            "obj_id": 30
        }
    ],
    "40": [
        {
            "cam_R_m2c": [
                0.3229533155935212,
                0.8246442785670287,
                0.4643948892593788,
                0.7741954317919001,
                0.05203915800955752,
                -0.6308040386712374,
                -0.5443562318953423,
                0.5632523315202964,
                -0.6216292515852079
            ],
            "cam_t_m2c": [
                -3.4603752189582746,
                12.096190313286634,
                715.5814982229674
            ],
            "obj_id": 25
        },
        {
            "cam_R_m2c": [
                0.03507888201593168,
                0.07801013033402907,
                0.9963350733236194,
                -0.8073464329203484,
                -0.5853867625759827,
                0.07425861448281329,
                0.5890348965903055,
                -0.8069919646779242,
                0.04244687278430759
            ],
            "cam_t_m2c": [
                93.05555973970931,
                -19.332100239630044,
                724.6563581759001
            ],
            "obj_id": 26
        },
        {
            "cam_R_m2c": [
                0.13349317693499138,
                0.96274240922507,
                -0.2351737501393707,
                0.7554867826676539,
                -0.25243791265042564,
                -0.6045780317459707,
                -0.6414202833367935,
                -0.096964071600509,
                -0.7610374403247933
            ],
            "cam_t_m2c": [
                -116.09684959051523,
                29.939186284733953,
                751.2686864890156
            ],
            "obj_id": 27
        },
        {
            "cam_R_m2c": [
                0.9667974790642323,
                -0.24985245930809413,
                -0.05363292310891147,
                -0.21507514571779437,
                -0.6822300469666921,
                -0.6987884131848358,
                0.13800414896315383,
                0.6871213656866295,
                -0.7133150971122502
            ],
            "cam_t_m2c": [
                62.122452742420904,
                -92.33263371420506,
                768.0198807594895
            ],
            "obj_id": 28
        },
        {
            "cam_R_m2c": [
                -0.7319590134330273,
                0.6625527312793373,
                0.15893475358357811,
                0.5588433183410544,
                0.7172378016029666,
                -0.416250110046997,
                -0.3897814775595883,
                -0.21585859394662366,
                -0.8952512858352959
            ],
            "cam_t_m2c": [
                8.782827677571083,
                121.0200724977096,
                707.5904641803431
            ],
            "obj_id": 29
        },
        {
            "cam_R_m2c": [
                0.038122922896769273,
                0.9591973327521736,
                -0.2801553302088079,
                0.7201133770867145,
                -0.22074700100937023,
                -0.6578048661554923,
                -0.6928088279544177,
                -0.17666663373575964,
                -0.6991459245524565
            ],
            "cam_t_m2c": [
                -97.57800574665328,
                24.711366711105136,
                708.465792188911
            ],
            "obj_id": 30
        }
    ],
    "53": [
        {
            "cam_R_m2c": [
                -0.8233479860390981,
                0.5642622038322347,
                0.060881961704039464,
                0.5413509225672968,
                0.7486173593118156,
                0.38276775389905443,
                0.17040430395807477,
                0.3481099886461904,
                -0.9218365479071035
            ],
            "cam_t_m2c": [
                -9.94255880029377,
                38.91205668983278,
                716.1388112450318
            ],
            "obj_id": 25
        },
        {
            "cam_R_m2c": [
                0.04022840667338871,
                0.13081495071196167,
                0.9905904294083195,
                -0.7172425941925733,
                -0.6864524409762885,
                0.1197789945362864,
                0.6956616059531257,
                -0.715311746686754,
                0.06621141451690961
            ],
            "cam_t_m2c": [
                36.516349484391704,
                82.3902565817267,
                689.2546257489186
            ],
            "obj_id": 26
        },
        {
            "cam_R_m2c": [
                -0.871283414948868,
                -0.35784090597666757,
                -0.33587986483282456,
                -0.04973825119496697,
                0.7452379531880184,
                -0.6649416940780511,
                0.48825369020493886,
                -0.5626460806266878,
                -0.6671114206934547
            ],
            "cam_t_m2c": [
                -39.959592928067664,
                -60.66315779083942,
                788.4681575137213
            ],
            "obj_id": 27
        },
        {
            "cam_R_m2c": [
                -0.4874779291905451,
                0.38161384765422623,
                0.7853257947602518,
                0.8677775351296035,
                0.31123994848097525,
                0.387417351732077,
                -0.09658032019696837,
                0.8703452738115178,
                -0.4828784628408323
            ],
            "cam_t_m2c": [
                108.0426963896187,
                27.583225861313878,
                752.2668261614588
            ],
            "obj_id": 28
        },
        {
            "cam_R_m2c": [
                -0.7715775459306957,
                -0.6179217456521978,
                0.15113267993549998,
                -0.488587578407109,
                0.42350478977250816,
                -0.7628412823190133,
                0.40737037681422483,
                -0.6624324500578325,
                -0.6286751774871837
            ],
            "cam_t_m2c": [
                -105.72558674857817,
                61.18343687172963,
                717.414020954028
            ],
            "obj_id": 29
        },
        {
            "cam_R_m2c": [
                -0.8389849516763251,
                0.5395660915309672,
                -0.07052012754513538,
                0.5131572959500147,
                0.8276356165669634,
                0.22735210149042062,
                0.18103644840438404,
                0.15455762996833336,
                -0.9712560534184856
            ],
            "cam_t_m2c": [
                -64.4093110592536,
                -69.15757240358167,
                743.2207817369463
            ],
            "obj_id": 30
        }
    ],
    "62": [
        {
            "cam_R_m2c": [
                -0.8536430706241142,
                0.18396117005007717,
                -0.4872903732291507,
                0.22749232645165748,
                0.9732828008676812,
                -0.03109337127391467,
                0.4685514555168481,
                -0.13739791361315368,
                -0.8726860960436208
            ],
            "cam_t_m2c": [
                -19.126274586736958,
                11.923951842668657,
                708.9788894550686
            ],
            "obj_id": 25
        },
        {
            "cam_R_m2c": [
                0.8730578619216,
                0.4184643244770414,
                -0.2503124329740571,
                0.24320911756146638,
                0.07122626911591262,
                0.967355365694513,
                0.42263255301706304,
                -0.9054358884116062,
                -0.03958943770775328
            ],
            "cam_t_m2c": [
                -33.64126246066144,
                112.48139632780715,
                708.9884658023884
            ],
            "obj_id": 26
        },
        {
            "cam_R_m2c": [
                -0.7327953728517875,
                -0.4087316492627,
                -0.5440121516395143,
                -0.14388141487593997,
                0.8744869621833616,
                -0.46321664834269854,
                0.6650634120538657,
                -0.2611699856133223,
                -0.699629075563288
            ],
            "cam_t_m2c": [
                8.560396427415167,
                -83.89249129447208,
                783.5936486428303
            ],
            "obj_id": 27
        },
        {
            "cam_R_m2c": [
                -0.42245702092243625,
                0.12879330782812828,
                0.8971854671068562,
                0.9042632528561625,
                0.12753586579734136,
                0.4074824685240706,
                -0.06194222949522902,
                0.9834362979623343,
                -0.17034130668388348
            ],
            "cam_t_m2c": [
                75.9934768746043,
                103.54055861175254,
                732.8180072298746
            ],
            "obj_id": 28
        },
        {
            "cam_R_m2c": [
                -0.048757324763911626,
                -0.8345708369439897,
                -0.5487387629730268,
                -0.9986160445052151,
                0.05156575731479174,
                0.01030361611133332,
                0.01969755208716595,
                0.548481762357185,
                -0.8359302203609466
            ],
            "cam_t_m2c": [
                -118.58880688751431,
                -3.4882289266429733,
                747.3591545287368
            ],
            "obj_id": 29
        },
        {
            "cam_R_m2c": [
                -0.9165763329072384,
                -0.24490501930046923,
                0.31608412969798727,
                -0.22845518297702735,
                0.96950373567306,
                0.08871181328949275,
                -0.3281711452279924,
                0.009100045242628267,
                -0.9445743829592216
            ],
            "cam_t_m2c": [
                7.211918703145846,
                -79.00313068925627,
                747.9674114600637
            ],
            "obj_id": 30
        }
    ],
    "72": [
        {
            "cam_R_m2c": [
                -0.5297627802238041,
                -0.6882037567246395,
                -0.4957089870483387,
                -0.34743336381879725,
                0.7092618136108341,
                -0.613382628712846,
                0.7737193743048806,
                -0.15272126458685575,
                -0.6148447048105066
            ],
            "cam_t_m2c": [
                -18.57551611873238,
                -1.085390864194597,
                742.0883942497048
            ],
            "obj_id": 25
        },
        {
            "cam_R_m2c": [
                0.9559055462434409,
                0.198683795544897,
                -0.2162629566123968,
                0.23059531353943707,
                -0.05179739246708381,
                0.971670280319759,
                0.1818536573481853,
                -0.9786937452053903,
                -0.09532858238076188
            ],
            "cam_t_m2c": [
                -88.46151304564286,
                37.67551176375494,
                713.3361121424605
            ],
            "obj_id": 26
        },
        {
            "cam_R_m2c": [
                0.5127488291055599,
                -0.802202561966968,
                0.3058762011508342,
                -0.8413878984206803,
                -0.5403890963070024,
                -0.006802938315168107,
                0.17074898822348328,
                -0.2538724377109506,
                -0.9520468106561276
            ],
            "cam_t_m2c": [
                65.71317055160421,
                -31.04968378332409,
                779.3348918029337
            ],
            "obj_id": 27
        },
        {
            "cam_R_m2c": [
                -0.9132603823851242,
                -0.05237596307891832,
                0.40399578568215355,
                -0.10218874176954099,
                0.989446705165452,
                -0.10272761246256673,
                -0.39435198986215914,
                -0.13510126345909487,
                -0.9089740885833354
            ],
            "cam_t_m2c": [
                -41.661871019277925,
                105.0783475461767,
                683.4285159687797
            ],
            "obj_id": 28
        },
        {
            "cam_R_m2c": [
                0.8057047466819798,
                -0.5222627257524556,
                -0.2794315884200279,
                -0.49816554747935793,
                -0.8526936924961301,
                0.15730402585190498,
                -0.32042388911670266,
                0.012462148842933294,
                -0.9471922143496184
            ],
            "cam_t_m2c": [
                -60.998511188643064,
                -108.75979535105887,
                767.3010081310504
            ],
            "obj_id": 29
        },
        {
            "cam_R_m2c": [
                0.5764773447973172,
                -0.8119054833221999,
                0.09210790675658242,
                -0.5196850078832911,
                -0.4512906959751001,
                -0.7254409522725311,
                0.6305565304635808,
                0.3703332859072746,
                -0.6820932622153175
            ],
            "cam_t_m2c": [
                69.60055142465364,
                -39.41716993351881,
                741.341687246969
            ],
            "obj_id": 30
        }
    ],
    "77": [
        {
            "cam_R_m2c": [
                0.05798508590822598,
                -0.9980857020172291,
                0.021487976978623508,
                -0.9722673880712023,
                -0.051573870053189745,
                0.22811497926154733,
                -0.22656987151339156,
                -0.0341194070024551,
                -0.9733972565965884
            ],
            "cam_t_m2c": [
                -16.77010208005592,
                -29.45500865181348,
                739.2372489801476
            ],
            "obj_id": 25
        },
        {
            "cam_R_m2c": [
                -0.1301682570151605,
                -0.34408246057387215,
                -0.9298726922780854,
                0.7518521926867974,
                -0.6456417001766872,
                0.13365991447944675,
                -0.6463546300551021,
                -0.6817290105290885,
                0.34274059820212965
            ],
            "cam_t_m2c": [
                -125.75078650127577,
                -10.431240736233557,
                727.9258801014878
            ],
            "obj_id": 26
        },
        {
            "cam_R_m2c": [
                -0.15843908954644223,
                -0.9736690891332479,
                0.1639052659547982,
                -0.7389381576918761,
                0.006826955007895655,
                -0.6737385420713083,
                0.6548796680221187,
                -0.22786201815612345,
                -0.720563554995539
            ],
            "cam_t_m2c": [
                75.31940367694794,
                18.490485518531422,
                768.7601277646426
            ],
            "obj_id": 27
        },
        {
            "cam_R_m2c": [
                -0.7765035916984839,
                0.25801238343753646,
                -0.5748663900148546,
                -0.3094918359752706,
                0.6385223953442671,
                0.7046303803014355,
                0.5488680572920026,
                0.7250646144656965,
                -0.41596282135904666
            ],
            "cam_t_m2c": [
                -63.990503548485705,
                91.33461138271629,
                707.6904813474307
            ],
            "obj_id": 28
        },
        {
            "cam_R_m2c": [
                0.8888105696673009,
                0.325461228057971,
                0.32262975980666364,
                0.2986110129889532,
                -0.9453419673456211,
                0.13099631621036714,
                0.3476295454684432,
                -0.020089834782061264,
                -0.9374168759385029
            ],
            "cam_t_m2c": [
                -10.460911641645744,
                -92.96071962425897,
                779.9560004204186
            ],
            "obj_id": 29
        },
        {
            "cam_R_m2c": [
                0.8849350342956815,
                -0.44952560731295094,
                0.1217216763647431,
                -0.43292651391101994,
                -0.8903714121243035,
                -0.14075848453794962,
                0.17165239930147258,
                0.07186559318405548,
                -0.9825330928785203
            ],
            "cam_t_m2c": [
                73.55071466821727,
                -9.465821780882251,
                701.6445682196438
            ],
            "obj_id": 30
        }
    ],
    "90": [
        {
            "cam_R_m2c": [
                0.7446812553113034,
                -0.6583566384702715,
                0.10961566533033328,
                -0.22568840346657834,
                -0.4029580162270474,
                -0.8869547334846712,
                0.6281033377458964,
                0.6357598540427627,
                -0.44865891902340765
            ],
            "cam_t_m2c": [
                -21.544531450958743,
                -33.805898302252075,
                737.4484801800352
            ],
            "obj_id": 25
        },
        {
            "cam_R_m2c": [
                -0.1879358166349775,
                0.27054815232939067,
                -0.9441837950425331,
                0.9684457404060549,
                -0.10916129158080698,
                -0.22404433414668562,
                -0.16368320858101093,
                -0.9564970585083366,
                -0.2414960076890155
            ],
            "cam_t_m2c": [
                -51.00064040040688,
                -94.70741339302968,
                787.7722598843598
            ],
            "obj_id": 26
        },
        {
            "cam_R_m2c": [
                0.9796312929088663,
                0.1396409299941858,
                0.14429885928950495,
                0.18839915124093606,
                -0.39051946934865517,
                -0.9011101100179688,
                -0.06948036111423635,
                0.9099418457618752,
                -0.4088734862852818
            ],
            "cam_t_m2c": [
                28.995337243203625,
                75.56283809289991,
                735.2233488463331
            ],
            "obj_id": 27
        },
        {
            "cam_R_m2c": [
                -0.5001772853266648,
                -0.5453020242284995,
                -0.6726571297260591,
                -0.8659197070442619,
                0.3169761447587536,
                0.3869217022171455,
                0.0022270944052749124,
                0.775996757303326,
                -0.6307322707864824
            ],
            "cam_t_m2c": [
                -117.79644422339746,
                -24.50122806473662,
                765.0113257831927
            ],
            "obj_id": 28
        },
        {
            "cam_R_m2c": [
                0.08738447178754533,
                0.8921254821873943,
                0.4432553080507838,
                0.9906007700037209,
                -0.12482199869701306,
                0.05593564977517736,
                0.10522967727434746,
                0.4342013667015823,
                -0.8946480056005056
            ],
            "cam_t_m2c": [
                101.07385214633882,
                -48.92600596591256,
                755.6827800818595
            ],
            "obj_id": 29
        },
        {
            "cam_R_m2c": [
                0.7611058548091215,
                0.3178803288670411,
                0.5653929109070033,
                0.5903355473577047,
                -0.7006361775600002,
                -0.4007643802196243,
                0.2687397589433956,
                0.6387959388011037,
                -0.7209146182449171
            ],
            "cam_t_m2c": [
                14.672276426257152,
                56.62512015174964,
                684.2235617827835
            ],
            "obj_id": 30
        }
    ],
    "103": [
        {
            "cam_R_m2c": [
                0.8013756027763219,
                0.5052782153090364,
                -0.3201416412363682,
                0.5670273842670378,
                -0.8121240147017265,
                0.13760614203270502,
                -0.19046556170226633,
                -0.29180297158322854,
                -0.937323100689063
            ],
            "cam_t_m2c": [
                23.104530308639703,
                -18.273841132640847,
                725.2647976342992
            ],
            "obj_id": 25
        },
        {
            "cam_R_m2c": [
                -0.8444016544459509,
                -0.5095604771465773,
                -0.16532878500251985,
                0.3541297037808788,
                -0.2993740733291601,
                -0.8859840664775644,
                0.40196730314404533,
                -0.8066746621948843,
                0.43324289924484605
            ],
            "cam_t_m2c": [
                52.02290608710186,
                -89.58169878550757,
                757.9191574808293
            ],
            "obj_id": 26
        },
        {
            "cam_R_m2c": [
                0.8406436458115323,
                0.5411431480159796,
                -0.021960140681263823,
                0.534186974564166,
                -0.8351533822092007,
                -0.13101007438994733,
                -0.08923587377925249,
                0.09840188478171677,
                -0.99113814803669
            ],
            "cam_t_m2c": [
                -83.69555870060233,
                78.53938126143335,
                731.7066776753211
            ],
            "obj_id": 27
        },
        {
            "cam_R_m2c": [
                0.8701822159678944,
                -0.47306237088167835,
                0.13782255689710918,
                -0.23076988194079232,
                -0.6384192006865587,
                -0.7342798633211596,
                0.43534838137681536,
                0.6071524316618548,
                -0.6647089984011717
            ],
            "cam_t_m2c": [
                -31.56957870789153,
                -97.41994496406603,
                809.2519490147727
            ],
            "obj_id": 28
        },
        {
            "cam_R_m2c": [
                -0.9854083597684775,
                0.13690167536708717,
                -0.1011365996697983,
                0.16170333642073215,
                0.9384599052730026,
                -0.30519666682546853,
                0.053130374132676496,
                -0.3170977615323299,
                -0.9469039542793424
            ],
            "cam_t_m2c": [
                88.86966635508455,
                37.69882550780831,
                692.5264656107098
            ],
            "obj_id": 29
        },
        {
            "cam_R_m2c": [
                0.2566987742007543,
                0.949574275338656,
                0.18003980304320025,
                0.9350961517174922,
                -0.2911072071239267,
                0.2021205352344646,
                0.24433873171678477,
                0.11647019337398522,
                -0.9626700755818157
            ],
            "cam_t_m2c": [
                -53.97102359797657,
                35.53409960382701,
                677.8526348304172
            ],
            "obj_id": 30
        }
    ],
    "112": [
        {
            "cam_R_m2c": [
                0.0406451861932532,
                0.7629193876288444,
                0.6452145021284584,
                0.8571578247068358,
                0.3052094146703542,
                -0.41488384693797975,
                -0.5134481675416026,
                0.5699134011085889,
                -0.6415365218869138
            ],
            "cam_t_m2c": [
                6.872901049423991,
                2.1414014481138186,
                742.5553496013583
            ],
            "obj_id": 25
        },
        {
            "cam_R_m2c": [
                -0.4373423569474765,
                0.575275024571268,
                0.6912236652919863,
                -0.8099044445114116,
                -0.5860424402323363,
                -0.024694499726638897,
                0.39088034326025156,
                -0.5706245476497056,
                0.7222185826568538
            ],
            "cam_t_m2c": [
                81.60632307281399,
                -12.745763714384797,
                742.529310777104
            ],
            "obj_id": 26
        },
        {
            "cam_R_m2c": [
                -0.35858913772521256,
                0.7154665732910417,
                -0.5996009433199248,
                0.9325139826407466,
                0.30399503701309494,
                -0.1949491808274155,
                0.042795905195928706,
                -0.6290431218572833,
                -0.7761913390306967
            ],
            "cam_t_m2c": [
                -86.7964737382258,
                13.088139626222038,
                759.0485615606727
            ],
            "obj_id": 27
        },
        {
            "cam_R_m2c": [
                0.9831140581108905,
                0.12632637085840326,
                0.1323961534230254,
                0.18196304749326028,
                -0.7515846209923359,
                -0.63404270704121,
                0.019410926017240655,
                0.6474269298416577,
                -0.7618800461200548
            ],
            "cam_t_m2c": [
                57.25121313027177,
                -106.32117035131928,
                783.2327040479594
            ],
            "obj_id": 28
        },
        {
            "cam_R_m2c": [
                -0.8180522905132724,
                0.5666684845141524,
                0.09837714885425969,
