{
    "1": [
        {
            "cam_R_m2c": [
                -0.34225026414558746,
                -0.9283686335995306,
                -0.14490455789476883,
                -0.8497404994204548,
                0.3716300607493994,
                -0.37394042272008654,
                0.4010058618178465,
                -0.004849938132372505,
                -0.9160625592523411
            ],
            "cam_t_m2c": [
                -24.762438195708956,
                6.690307915685663,
                729.8262056849604
            ],
            "obj_id": 25
        },
        {
            "cam_R_m2c": [
                0.656961882439446,
                0.10992603492960598,
                -0.7458674385636583,
                0.7503679447945137,
                -0.19131162162446147,
                0.6327300578704945,
                -0.07313987525993983,
                -0.9753540398082122,
                -0.20816980271112903
            ],
            "cam_t_m2c": [
                -103.57760847637527,
                43.77351644573236,
                711.8168498333696
            ],
            "obj_id": 26
        },
        {
            "cam_R_m2c": [
                0.16213119530203016,
                -0.9853377620531033,
                0.053140170475384226,
                -0.9761326656747845,
                -0.16803655612291582,
                -0.13758013389455517,
                0.1444928893483935,
                -0.02956581728285943,
                -0.9890638059023835
            ],
            "cam_t_m2c": [
                81.34015988666052,
                -12.179531862377235,
                773.7546718587498
            ],
            "obj_id": 27
        },
        {
            "cam_R_m2c": [
                -0.9918447720669283,
                0.12061186078174635,
                0.0412021764157162,
                0.12285427478274312,
                0.8186321086922866,
                0.5610237675505944,
                0.03393674041833362,
                0.5615097720436785,
                -0.8267737445159598
            ],
            "cam_t_m2c": [
                -31.506128281027898,
                127.42516200884046,
                710.0934204973025
            ],
            "obj_id": 28
        },
        {
            "cam_R_m2c": [
                0.9293425493184005,
                -0.3599079456450499,
                -0.08239909563536174,
                -0.368407500233391,
                -0.9187051776043028,
                -0.14232439371074426,
                -0.024476702369999544,
                0.16262506049847392,
                -0.9863840728134493
            ],
            "cam_t_m2c": [
                -60.83737889744748,
                -89.41369067395573,
                759.2985626278515
            ],
            "obj_id": 29
        },
        {
            "cam_R_m2c": [
                -0.06084650536456409,
                -0.9969697190036368,
                0.04847687370018057,
                -0.9782822139297416,
                0.04992414320259788,
                -0.20117395238955432,
                0.19814464853458272,
                -0.05966482581040508,
                -0.9783549543508872
            ],
            "cam_t_m2c": [
                73.54990900391002,
                -27.26994922390526,
                715.7557803427808
            ],
            "obj_id": 30
        }
    ],
    "12": [
        {
            "cam_R_m2c": [
                0.6192841852285885,
                -0.7849035111842245,
                -0.02033768754934322,
                -0.7091164843415382,
                -0.5479925814869306,
                -0.4436871213985673,
                0.3371058325552377,
                0.2891902846812365,
                -0.8959515148302298
            ],
            "cam_t_m2c": [
                -22.142805127380903,
                -5.9262671562502724,
                731.7385134956962
            ],
            "obj_id": 25
        },
        {
            "cam_R_m2c": [
                -0.2362050263000378,
                0.1018975873780707,
                -0.9663457799737382,
                0.8850456912921315,
                -0.38796969478702287,
                -0.2572429387082667,
                -0.4011245804533319,
                -0.9160226001274347,
                0.0014568293615030664
            ],
            "cam_t_m2c": [
                -93.44184931714382,
                -48.8704258841538,
                739.1571974528307
            ],
            "obj_id": 26
        },
        {
            "cam_R_m2c": [
                0.8268140054522395,
                -0.5519603461169802,
                0.10825272227185093,
                -0.47223384148161185,
                -0.7857405471559602,
                -0.39950870618896983,
                0.30557066390722276,
                0.27919847733677877,
                -0.9103159572128428
            ],
            "cam_t_m2c": [
                71.12308340900906,
                66.80230613450314,
                743.9099739670373
            ],
            "obj_id": 27
        },
        {
            "cam_R_m2c": [
                -0.568202972465363,
                -0.464955133727365,
                -0.6789419952874963,
                -0.7277815566608087,
                0.6689943042446972,
                0.1509334357351146,
                0.3840307844965348,
                0.5798830635922888,
                -0.7185098771626692
            ],
            "cam_t_m2c": [
                -123.20275051354986,
                58.36013787632082,
                726.2811198101923
            ],
            "obj_id": 28
        },
        {
            "cam_R_m2c": [
                0.8766751435902911,
                0.4717908487134973,
                0.09409784981683833,
                0.47528020069192006,
                -0.819082327644897,
                -0.32126769416359274,
                -0.0744973298628215,
                0.32636938108584296,
                -0.9423023206503535
            ],
            "cam_t_m2c": [
                45.133620989772,
                -89.48637830798492,
                755.6493233302235
            ],
            "obj_id": 29
        },
        {
            "cam_R_m2c": [
                0.8015067561170357,
                -0.5876654121730738,
                0.11061909381148087,
                -0.5134197783539916,
                -0.7711204320660543,
                -0.37652832467500874,
                0.3065724654884794,
                0.24499566406512738,
                -0.9197776019006678
            ],
            "cam_t_m2c": [
                67.59567355094164,
                48.13170804912321,
                696.0375937189046
            ],
            "obj_id": 30
        }
    ],
    "18": [
        {
            "cam_R_m2c": [
                0.941813908152152,
                -0.3097576227466499,
                -0.13052301560054913,
                -0.3346595622163713,
                -0.9004359110426527,
                -0.27788239461032166,
                -0.03145139961998277,
                0.3053942822355368,
                -0.9517060142200666
            ],
            "cam_t_m2c": [
                -12.53603198443172,
                -13.010394684317546,
                729.2338951025381
            ],
            "obj_id": 25
        },
        {
            "cam_R_m2c": [
                -0.5490196586258357,
                -0.02560765869927254,
                -0.8354167615220207,
                0.8298408591041196,
                -0.13593996845598005,
                -0.5411884718312024,
                -0.0997078790816022,
                -0.9903856728687332,
                0.09588394553906898
            ],
            "cam_t_m2c": [
                -53.35352468915752,
                -78.95914863752776,
                755.4499666749975
            ],
            "obj_id": 26
        },
        {
            "cam_R_m2c": [
                0.9940087398043839,
                -0.07063702614135267,
                -0.08340581203025631,
                -0.08342694653507163,
                -0.9833473403678329,
                -0.161457235690986,
                -0.07061201365312528,
                0.16744811972574483,
                -0.9833484895504099
            ],
            "cam_t_m2c": [
                31.519221943131203,
                102.80464192409038,
                735.9764433729815
            ],
            "obj_id": 27
        },
        {
            "cam_R_m2c": [
                0.013755317276247256,
                -0.4954955125049138,
                -0.8685012764597515,
                -0.9793582255250766,
                0.16850316790859143,
                -0.11164509743209679,
                0.20166481714306106,
                0.8521092765948668,
                -0.48294956307141107
            ],
            "cam_t_m2c": [
                -133.38556219239476,
                -5.049528144723585,
                744.8605182581316
            ],
            "obj_id": 28
        },
        {
            "cam_R_m2c": [
                0.43672768460955286,
                0.8888400485785928,
                -0.13867866894365655,
                0.8074418252334512,
                -0.45527070671371345,
                -0.37518889381392834,
                -0.39661936459368646,
                0.051880477263474764,
                -0.9165155432818202
            ],
            "cam_t_m2c": [
                82.42463987132433,
                -50.62603857631893,
                741.4652290132153
            ],
            "obj_id": 29
        },
        {
            "cam_R_m2c": [
                0.9905541681020759,
                0.025401243822758338,
                0.13474679946547097,
                0.07607194617183614,
                -0.9193965049511245,
                -0.3859061367033709,
                0.11408323368625274,
                0.3925115173998769,
                -0.9126439470171075
            ],
            "cam_t_m2c": [
                29.66129914144556,
                83.55567685378074,
                684.2394753441314
            ],
            "obj_id": 30
        }
    ],
    "28": [
        {
            "cam_R_m2c": [
                0.8728980276138519,
                0.4577509388338626,
                0.16886054027285619,
                0.4878790468856551,
                -0.8154392362245164,
                -0.31150219139230295,
                -0.004895016669323783,
                0.35429310353995386,
                -0.9351215722041368
            ],
            "cam_t_m2c": [
                5.006706558263518,
                -9.665118699950172,
                730.000497856881
            ],
            "obj_id": 25
        },
        {
            "cam_R_m2c": [
                -0.9827288516317554,
                0.16655726533939794,
                -0.08064415046943237,
                0.02613340970525278,
                -0.3065097774247138,
                -0.9515090665535094,
                -0.1831988383529261,
                -0.9371820987624059,
                0.29686329977092135
            ],
            "cam_t_m2c": [
                35.52907713358723,
                -81.79587441059785,
                755.5966111643743
            ],
            "obj_id": 26
        },
        {
            "cam_R_m2c": [
                0.491954553945756,
                0.8705936755503859,
                0.0069355193704750155,
                0.8381788710010386,
                -0.4714530455516907,
                -0.27420608053452816,
                -0.2354523963833892,
                0.1407100356553405,
                -0.9616458683288449
            ],
            "cam_t_m2c": [
                -47.71968670674569,
                97.21326642940545,
                732.5457729389822
            ],
            "obj_id": 27
        },
        {
            "cam_R_m2c": [
                0.7286292409625018,
                -0.35249601609940506,
                -0.5872365476283002,
                -0.6409330399938418,
                -0.04864624270865369,
                -0.7660541771752507,
                0.24146409018403672,
                0.9345482337067642,
                -0.26137084914873154
            ],
            "cam_t_m2c": [
                -76.79920704755263,
                -88.78332702001808,
                770.5351797204756
            ],
            "obj_id": 28
        },
        {
            "cam_R_m2c": [
                -0.5641752135565616,
                0.8193260445283872,
                -0.10203859950749843,
                0.798309650045366,
                0.5097651354989721,
                -0.32068977209689964,
                -0.21073372338342003,
                -0.26238375535007524,
                -0.9416719420201344
            ],
            "cam_t_m2c": [
                96.32052103281367,
                40.643019255768515,
                722.0159440998208
            ],
            "obj_id": 29
        },
        {
            "cam_R_m2c": [
                0.7339780662367561,
                0.6757067570439995,
                0.06853761663151466,
                0.6423276736758218,
                -0.6578283979543954,
                -0.3932907251486262,
                -0.2206632950074823,
                0.3326902657455355,
                -0.916855960728578
            ],
            "cam_t_m2c": [
                -49.96128816760122,
                78.0529825031023,
                682.9413682659718
            ],
            "obj_id": 30
        }
    ],
    "40": [
        {
            "cam_R_m2c": [
                0.07708384216418096,
                0.981650278945379,
                0.1744140878979974,
                0.9639072226665503,
                -0.02866110667302898,
                -0.26469298015645487,
                -0.25483733092319133,
                0.1885224652752704,
                -0.9484285038942918
            ],
            "cam_t_m2c": [
                8.656627418066558,
                13.697836147951879,
                721.9149727239568
            ],
            "obj_id": 25
        },
        {
            "cam_R_m2c": [
                -0.6116228440728884,
                -0.13939751997569183,
                0.7787717261307522,
                -0.7166250909539537,
                -0.31945863294071725,
                -0.6199962949495367,
                0.33521168794849454,
                -0.9372906627897949,
                0.0954926698602146
            ],
            "cam_t_m2c": [
                90.6575938655106,
                -6.332220881291887,
                727.7066727075301
            ],
            "obj_id": 26
        },
        {
            "cam_R_m2c": [
                -0.3645065758257269,
                0.9286664178425404,
                -0.06865213976961831,
                0.8482882571960805,
                0.30073761838063184,
                -0.4358493143998254,
                -0.3841128425770379,
                -0.21710699368604947,
                -0.8973970880512235
            ],
            "cam_t_m2c": [
                -105.18983637130295,
                20.912420428994746,
                756.7610122273705
            ],
            "obj_id": 27
        },
        {
            "cam_R_m2c": [
                0.9160463003686934,
                0.19418693153468802,
                0.3509274201526867,
                0.38505300140479737,
                -0.18099149424137412,
                -0.9049735247745067,
                -0.11221938625530085,
                0.9641231115490145,
                -0.2405681397297466
            ],
            "cam_t_m2c": [
                48.03302823832214,
                -95.88441688817653,
                778.9476166739005
            ],
            "obj_id": 28
        },
        {
            "cam_R_m2c": [
                -0.9770525754777503,
                0.18970378426515927,
                -0.0968521317172647,
                0.21136318440534824,
                0.91973894214278,
                -0.3307667173548215,
                0.026330990850199874,
                -0.34364788795529905,
                -0.9387290972760446
            ],
            "cam_t_m2c": [
                12.622785576167947,
                108.20813989055603,
                694.9568779447404
            ],
            "obj_id": 29
        },
        {
            "cam_R_m2c": [
                -0.37699936686662616,
                0.9172178130649871,
                0.1287726932177831,
                0.9013679053856641,
                0.3953101503051461,
                -0.17682429624534898,
                -0.2130917213873487,
                0.04940880034007373,
                -0.9757817566132994
            ],
            "cam_t_m2c": [
                -101.71884897055013,
                7.224912137268292,
                704.1808816168352
            ],
            "obj_id": 30
        }
    ],
    "53": [
        {
            "cam_R_m2c": [
                -0.8284452986474109,
                0.5432195526503756,
                -0.13634985922546208,
                0.5517129708266454,
                0.7496299743905054,
                -0.36560696455998437,
                -0.0963926307202875,
                -0.37811078885093113,
                -0.9207283264337944
            ],
            "cam_t_m2c": [
                -2.6735679740004974,
                23.154758123381963,
                721.0979917547569
            ],
            "obj_id": 25
        },
        {
            "cam_R_m2c": [
                0.6109677828039773,
                0.10131252599743228,
                0.7851461716959119,
                -0.7607445020845018,
                -0.19929841784199862,
                0.617696127918632,
                0.21905822182390075,
                -0.9746878026947031,
                -0.044691614486335705
            ],
            "cam_t_m2c": [
                44.016536254757355,
                91.4341121361991,
                697.1248636707516
            ],
            "obj_id": 26
        },
        {
            "cam_R_m2c": [
                -0.9794885816956995,
                0.10887446584428102,
                -0.16955481926944854,
                0.15406439410743597,
                0.9469861985689444,
                -0.2819254543400033,
                0.12987158885487962,
                -0.30226449231377644,
                -0.9443355278717582
            ],
            "cam_t_m2c": [
                -56.69742495582211,
                -61.25256532084373,
                781.1049303469771
            ],
            "obj_id": 27
        },
        {
            "cam_R_m2c": [
                0.22540798836905027,
                0.48643998576948444,
                0.8441372598191044,
                0.9470152634548237,
                0.09408963958319061,
                -0.30709913017610135,
                -0.22880924311720963,
                0.8686331848747421,
                -0.4394574257474981
            ],
            "cam_t_m2c": [
                114.32453396795735,
                17.568327396268284,
                738.401720436488
            ],
            "obj_id": 28
        },
        {
            "cam_R_m2c": [
                -0.36994224555728905,
                -0.9197929244545762,
                0.13085897728646398,
                -0.9105565331052096,
                0.3309943644814686,
                -0.2476492945419363,
                0.18447192207859964,
                -0.2107701316708453,
                -0.9599719489232832
            ],
            "cam_t_m2c": [
                -100.29625277828492,
                72.69838280529069,
                709.8053753195529
            ],
            "obj_id": 29
        },
        {
            "cam_R_m2c": [
                -0.9817292388687555,
                0.11783503034945744,
                0.14940867895949989,
                0.08553444627289243,
                0.9746652934481573,
                -0.20666884557991386,
                -0.16997621959525236,
                -0.19011263317246901,
                -0.9669361006092324
            ],
            "cam_t_m2c": [
                -50.956190141417125,
                -73.5028712996345,
                730.0078456647472
            ],
            "obj_id": 30
        }
    ],
    "62": [
        {
            "cam_R_m2c": [
                -0.9777826987814322,
                -0.20052264916427046,
                -0.06108252223380947,
                -0.19031672964440532,
                0.9713562761538641,
                -0.1422889320251935,
                0.08786497292475602,
                -0.12750278885153954,
                -0.987938516866067
            ],
            "cam_t_m2c": [
                -20.013717438238302,
                19.191591927656425,
                726.081748007493
            ],
            "obj_id": 25
        },
        {
            "cam_R_m2c": [
                0.9843589452783846,
                0.08657244526905865,
                0.15343349287222424,
                -0.10123375852239327,
                -0.43481456797417456,
                0.8948116355595064,
                0.14418104238671273,
                -0.8963488291360018,
                -0.41924973625480455
            ],
            "cam_t_m2c": [
                -34.973696194894245,
                104.98066112475686,
                697.4511801473702
            ],
            "obj_id": 26
        },
        {
            "cam_R_m2c": [
                -0.7642605406681643,
                -0.6415310503751711,
                0.0659014210314016,
                -0.6439708242665089,
                0.7536483366754693,
                -0.13158840699028637,
                0.0347514826092521,
                -0.14300652276655873,
                -0.9891113292540121
            ],
            "cam_t_m2c": [
                15.80123595894026,
                -73.60265715087077,
                789.7281445793668
            ],
            "obj_id": 27
        },
        {
            "cam_R_m2c": [
                -0.7290356450212178,
                0.47218297206041526,
                0.49552936444768186,
                0.6697377777085352,
                0.6415132961423891,
                0.37404804666645025,
                -0.1412697497203037,
                0.6045692657790093,
                -0.7839251195491062
            ],
            "cam_t_m2c": [
                72.52211276158008,
                96.23921819971356,
                715.8011315312975
            ],
            "obj_id": 28
        },
        {
            "cam_R_m2c": [
                0.18888094138355313,
                -0.9733086760846369,
                0.13035949209662875,
                -0.9078139915329141,
                -0.2236834812393106,
                -0.35473807655838724,
                0.3744289270058377,
                -0.05133881691583332,
                -0.9258331532553817
            ],
            "cam_t_m2c": [
                -120.02321862688103,
                -7.940863931496726,
                735.4070242378715
            ],
            "obj_id": 29
        },
        {
            "cam_R_m2c": [
                -0.7755417435655014,
                -0.6296752490299219,
                -0.045203909580528695,
                -0.6208603026819286,
                0.7737288746944544,
                -0.12599930242985943,
                0.11431418886597541,
                -0.06965258077888406,
                -0.9909997528519684
            ],
            "cam_t_m2c": [
                15.847300058272253,
                -81.77518937742252,
                738.2253290240803
            ],
            "obj_id": 30
        }
    ],
    "72": [
        {
            "cam_R_m2c": [
                -0.4819271942772553,
                -0.8712228464560219,
                -0.09336742290936449,
                -0.7966755961439012,
                0.4800467638224629,
                -0.36723778841169924,
                0.364766212394251,
                -0.10259810929102026,
                -0.9254288687859472
            ],
            "cam_t_m2c": [
                -24.36744057325943,
                -7.114631986645098,
                727.2331955364587
            ],
            "obj_id": 25
        },
        {
            "cam_R_m2c": [
                0.6628713763205415,
                -0.027154404594624492,
                -0.7482410819373316,
                0.6208132755495952,
                -0.5387238323406213,
                0.5695331573139204,
                -0.4185603660316239,
                -0.8420444989203447,
                -0.34024638822392905
            ],
            "cam_t_m2c": [
                -98.45115002769997,
                24.83895437802716,
                712.3768565375199
            ],
            "obj_id": 26
        },
        {
            "cam_R_m2c": [
                -0.07860686010069144,
                -0.9897394150816012,
                0.11932040706221468,
                -0.9106611717324131,
                0.02259206338154914,
                -0.4125364547312135,
                0.4056074040020641,
                -0.14108872871090863,
                -0.9030924504484571
            ],
            "cam_t_m2c": [
                76.53922075031666,
                -25.018099742772538,
                778.3781412667757
            ],
            "obj_id": 27
        },
        {
            "cam_R_m2c": [
                -0.9858189608621234,
                -0.1366982022011873,
                -0.09734032730611657,
                -0.16307418341740706,
                0.9172342775269066,
                0.3634399458912564,
                0.03960232309320944,
                0.37415940039522444,
                -0.9265180609883458
            ],
            "cam_t_m2c": [
                -24.485173390083197,
                107.09889650892458,
                689.5454344688403
            ],
            "obj_id": 28
        },
        {
            "cam_R_m2c": [
                0.925130184961877,
                -0.35891607340756604,
                -0.12374944769262507,
                -0.3659105333406796,
                -0.7560519224254604,
                -0.542674384915081,
                0.10121335238345304,
                0.5473252560711164,
                -0.830776893174996
            ],
            "cam_t_m2c": [
                -62.53672483590196,
                -91.48977325908916,
                771.47201972511
            ],
            "obj_id": 29
        },
        {
            "cam_R_m2c": [
                0.13021101663995724,
                -0.9829610059359701,
                0.12974323729853787,
                -0.9142278297608438,
                -0.169674595246481,
                -0.36796532403069293,
                0.38370918809673576,
                -0.07070177727973212,
                -0.9207431089978205
            ],
            "cam_t_m2c": [
                78.63866542596381,
                -47.001724419748214,
                733.918094631985
            ],
            "obj_id": 30
        }
    ],
    "77": [
        {
            "cam_R_m2c": [
                0.173383700910831,
                -0.9793162906828604,
                -0.10429219741054635,
                -0.8738280003807456,
                -0.10412710759738796,
                -0.4749547936981553,
                0.4542716904906447,
                0.17348260674849364,
                -0.873808604655686
            ],
            "cam_t_m2c": [
                -23.582070539044764,
                -19.62080724811249,
                731.7027265347183
            ],
            "obj_id": 25
        },
        {
            "cam_R_m2c": [
                0.3095457387881131,
                0.10850639600750242,
                -0.9446728937745741,
                0.8992412875148079,
                -0.35635249692699367,
                0.2537279659718199,
                -0.3091057181658242,
                -0.9280299825102332,
                -0.20788111335683443
            ],
            "cam_t_m2c": [
                -113.78291752869691,
                -10.23836607872971,
                729.9884808371935
            ],
            "obj_id": 26
        },
        {
            "cam_R_m2c": [
                0.33153076606066734,
                -0.9385325480339296,
                0.09614087516570108,
                -0.8411897281316821,
                -0.340200872939163,
                -0.4203131100614082,
                0.4271851097815838,
                0.05847413187727594,
                -0.9022716983817979
            ],
            "cam_t_m2c": [
                84.24219857082184,
                13.536386525552928,
                759.2821359006401
            ],
            "obj_id": 27
        },
        {
            "cam_R_m2c": [
                -0.9270994376351872,
                -0.29777676391511987,
                -0.2276283792653653,
                -0.3732279910270457,
                0.7892469553734534,
                0.48763719449550613,
                0.034448051061295656,
                0.5370457865206292,
                -0.8428497466707869
            ],
            "cam_t_m2c": [
                -78.3916597661465,
                88.33731315273917,
                703.9999450057878
            ],
            "obj_id": 28
        },
        {
            "cam_R_m2c": [
                0.9987222934074789,
                -0.03788162331995492,
                0.03343385780268539,
                -0.012092184201451913,
                -0.8216975502102822,
                -0.5697954069353738,
                0.04905737911202463,
                0.5686634912217666,
                -0.8211064288237403
            ],
            "cam_t_m2c": [
                -14.350066819555568,
                -107.50001685020267,
                783.7707157111516
            ],
            "obj_id": 29
        },
        {
            "cam_R_m2c": [
                0.5709627261643361,
                -0.8195289237499456,
                -0.04871389390309568,
                -0.7101355693541029,
                -0.4632322626714586,
                -0.5302105538310831,
                0.41195748084737266,
                0.33732388086160864,
                -0.846465664522093
            ],
            "cam_t_m2c": [
                85.32380109320854,
                -11.88861147624756,
                715.7877963177134
            ],
            "obj_id": 30
        }
    ],
    "90": [
        {
            "cam_R_m2c": [
                0.8508418204770462,
                -0.5171346996855541,
                0.09294691750145377,
                -0.42259609842187934,
                -0.7786571958887246,
                -0.4637937904583599,
                0.3122178157709111,
                0.35533630822620454,
                -0.8810535224463799
            ],
            "cam_t_m2c": [
                -6.8221809167714875,
                -27.38637980958361,
                742.5151758371048
            ],
            "obj_id": 25
        },
        {
            "cam_R_m2c": [
                -0.5109234924822955,
                0.03628430845754503,
                -0.8588596307530438,
                0.7381166601942402,
                -0.4935897626374225,
                -0.45994793938602285,
                -0.44061343242082046,
                -0.8689371141934427,
                0.22540464043843847
            ],
            "cam_t_m2c": [
                -48.840750116276986,
                -97.52042226722071,
                771.2411899690779
            ],
            "obj_id": 26
        },
        {
            "cam_R_m2c": [
                0.989820091608958,
                -0.010949460249496095,
                -0.14189972120701935,
                -0.0660064341006744,
                -0.9186400077880629,
                -0.3895418610646568,
                -0.12608952264051967,
                0.3949428482070761,
                -0.910011388146095
            ],
            "cam_t_m2c": [
                26.37032174905501,
                83.11575318825409,
                718.7976554147683
            ],
            "obj_id": 27
        },
        {
            "cam_R_m2c": [
                -0.10489562821258724,
                -0.7157353416274729,
                -0.6904484429885317,
                -0.8828694869025172,
                0.38659217374364163,
                -0.266621718821346,
                0.4577527629979258,
                0.5816085911200669,
                -0.672452988584964
            ],
            "cam_t_m2c": [
                -126.27296762760865,
                -21.74911907333318,
                752.0865355164884
            ],
            "obj_id": 28
        },
        {
            "cam_R_m2c": [
                0.39857764023726244,
                0.9014137783522517,
                0.16908073769977028,
                0.8598745624370681,
                -0.3031672103353351,
                -0.4107366061952772,
                -0.3189840403490002,
                0.3090988142108256,
                -0.8959387609797982
            ],
            "cam_t_m2c": [
                91.45300718585307,
                -60.94058998312913,
                758.5599819122899
            ],
            "obj_id": 29
        },
        {
            "cam_R_m2c": [
                0.9793976228976474,
                0.17940840547089854,
                0.0926938684749023,
                0.2018208692749701,
                -0.8538851132825398,
                -0.4797371404703713,
                -0.006918939465839589,
                0.4885611994173747,
                -0.8725017144718958
            ],
            "cam_t_m2c": [
                31.162717867295953,
                56.11505011449639,
                678.4018571474227
            ],
            "obj_id": 30
        }
    ],
    "103": [
        {
            "cam_R_m2c": [
                0.698396887950191,
                0.7156455633502744,
                -0.00964177657986277,
                0.6803372779840033,
                -0.6680023452139611,
                -0.3015203431674763,
                -0.2222228982692767,
                0.20402146649716457,
                -0.953411366968399
            ],
            "cam_t_m2c": [
                7.208267171751643,
                -14.695892478178799,
                732.5730867519185
            ],
            "obj_id": 25
        },
        {
            "cam_R_m2c": [
                -0.9334162726689108,
                0.07480608543852713,
                0.35091014047703684,
                -0.3324325252097366,
                -0.5482751888784739,
                -0.767387231206272,
                0.1349903404968076,
                -0.8329460325377682,
                0.5366373949330858
            ],
            "cam_t_m2c": [
                57.025560487527,
                -78.568731073007,
                768.2573388672095
            ],
            "obj_id": 26
        },
        {
            "cam_R_m2c": [
                0.47386292905206895,
                0.8726269632271846,
                -0.11821911551883882,
                0.7463693873051414,
                -0.4692402873380141,
                -0.471960502038363,
                -0.46731912690409994,
                0.13540954610567843,
                -0.8736579657426812
            ],
            "cam_t_m2c": [
                -72.26275349816002,
                69.98033707838074,
                726.7473845125236
            ],
            "obj_id": 27
        },
        {
            "cam_R_m2c": [
                0.887754476105954,
                -0.35163008233858073,
                -0.29706573106889334,
                -0.31900008294322246,
                -0.0046965201026425984,
                -0.9477432029993174,
                0.3318598767570974,
                0.936127868250834,
                -0.11633915943131776
            ],
            "cam_t_m2c": [
                -40.24139402366571,
                -105.52814643861508,
                803.2577723350181
            ],
            "obj_id": 28
        },
        {
            "cam_R_m2c": [
                -0.6615645073094278,
                0.7439889043589712,
                0.09387588266765785,
                0.6882345669617449,
                0.6521054202759144,
                -0.31794996805539294,
                -0.2977684077837838,
                -0.1457363507490615,
                -0.943448913471706
            ],
            "cam_t_m2c": [
                83.11451467925556,
                47.615961425773826,
                699.9801341329182
            ],
            "obj_id": 29
        },
        {
            "cam_R_m2c": [
                0.3313889463289378,
                0.9288665998917155,
                0.16549339202953472,
                0.8863702768402993,
                -0.24639218808540356,
                -0.3919680664649374,
                -0.32331035868813024,
                0.27658225833391903,
                -0.9049716503461847
            ],
            "cam_t_m2c": [
                -66.41085280396973,
                40.052161401479495,
                686.4490183541742
            ],
            "obj_id": 30
        }
    ],
    "112": [
        {
            "cam_R_m2c": [
                0.12339430303891771,
                0.9835471176893769,
                -0.13194377094662857,
                0.8534560013260891,
                -0.17302205589775346,
                -0.49160613412937165,
                -0.5063470036908391,
                -0.051947079267118355,
                -0.8607634514292808
            ],
            "cam_t_m2c": [
                13.4726820878079,
                -5.114755074860875,
                725.8636343146566
            ],
            "obj_id": 25
        },
        {
            "cam_R_m2c": [
                -0.5595923015134285,
                -0.10449605053994519,
                0.8221540412853875,
                -0.6626396633305945,
                -0.5393967449180064,
                -0.5195769304130009,
                0.49776110920298355,
                -0.8355424567445918,
                0.23259879770115013
            ],
            "cam_t_m2c": [
                96.55695520963961,
                -18.29902669879392,
                731.9364578951439
            ],
            "obj_id": 26
        },
        {
            "cam_R_m2c": [
                -0.2631062709465068,
                0.9646953263811731,
                -0.011760657632740892,
                0.9040573492664525,
                0.24227626330180022,
                -0.35211212854871116,
                -0.33683139171178145,
                -0.10327530527775927,
                -0.9358836492762502
            ],
            "cam_t_m2c": [
                -104.49719583484423,
                9.581878406464414,
                756.8551287252584
            ],
            "obj_id": 27
        },
        {
            "cam_R_m2c": [
                0.9475977812763845,
                0.2771687247980926,
                0.15885884568594366,
                0.23685986203149287,
                -0.27586572290401007,
                -0.9315556882621006,
                -0.214374524222539,
                0.9203667882377602,
                -0.3270595775743456
            ],
            "cam_t_m2c": [
                50.7618667427272,
                -95.35132489906879,
                794.6725930219058
            ],
            "obj_id": 28
        },
        {
            "cam_R_m2c": [
                -0.9923039302250466,
