{
  "106": [
    {
      "cam_R_m2c": [
        0.8536265805095775,
        -0.5067045003051514,
        -0.12071743310119411,
        -0.5145879577608921,
        -0.856275444964289,
        -0.0446276643625386,
        -0.08075412655744024,
        0.10021517350338682,
        -0.9916834513302333
      ],
      "cam_t_m2c": [
        64.51577671620612,
        -76.02300950505989,
        811.6634616732645
      ],
      "obj_id": 1
    },
    {
      "cam_R_m2c": [
        0.10718716366535065,
        -0.923559649698778,
        -0.36816929435049633,
        0.9779993692019916,
        0.1645960270846811,
        -0.12816240747899355,
        0.17896482629089566,
        -0.3463321605968797,
        0.9208833583475002
      ],
      "cam_t_m2c": [
        21.158045110518966,
        -95.01677941762163,
        819.8299916748973
      ],
      "obj_id": 1
    },
    {
      "cam_R_m2c": [
        -0.0884754091422408,
        0.8091230280800596,
        -0.5809408289826309,
        -0.4727041180934202,
        -0.5474757849777869,
        -0.6905226346890456,
        -0.8767687058264266,
        0.21351862602111393,
        0.43091379148929193
      ],
      "cam_t_m2c": [
        21.561096368605565,
        -66.5088287761468,
        790.3601871744531
      ],
      "obj_id": 1
    },
    {
      "cam_R_m2c": [
        -0.691701484349199,
        -0.6278545718706151,
        -0.35685888936655696,
        -0.6706339864100139,
        0.37508683303402934,
        0.6399686697292353,
        -0.2679542151592738,
        0.6819888903797637,
        -0.6805086713018971
      ],
      "cam_t_m2c": [
        58.00637795203697,
        -17.076159497653737,
        797.7632586789398
      ],
      "obj_id": 4
    },
    {
      "cam_R_m2c": [
        -0.11675420263142046,
        0.8932864822115825,
        -0.4340601092561068,
        0.9931608961808079,
        0.10515828219218731,
        -0.05072895326659862,
        0.00032938816804025387,
        -0.4370140653628461,
        -0.8994547179131875
      ],
      "cam_t_m2c": [
        14.88018595150119,
        -27.493898185032535,
        762.6445741269041
      ],
      "obj_id": 4
    },
    {
      "cam_R_m2c": [
        0.4936494102153847,
        0.5932032089837656,
        0.6359405397388092,
        0.8551890480068217,
        -0.19826948273912526,
        -0.47889588241343206,
        -0.1579948306398391,
        0.7802558978617555,
        -0.6051766340890998
      ],
      "cam_t_m2c": [
        -22.772668010467342,
        2.064259938037054,
        734.0569372784216
      ],
      "obj_id": 7
    },
    {
      "cam_R_m2c": [
        0.23742546599665118,
        -0.8899139590807378,
        -0.38946471885352757,
        -0.966683828323214,
        -0.25593417622308356,
        -0.004509051739536215,
        -0.09566446149720961,
        0.37755955595560237,
        -0.9210305527126206
      ],
      "cam_t_m2c": [
        102.06181040601969,
        -26.05741302097914,
        763.5069979202691
      ],
      "obj_id": 9
    }
  ],
  "112": [
    {
      "cam_R_m2c": [
        0.4590039984122689,
        0.7754299466161421,
        -0.4336175817854382,
        0.7367324138378001,
        -0.6049868029836001,
        -0.3020211612944533,
        -0.4965291085425419,
        -0.18083106335600732,
        -0.848975669987302
      ],
      "cam_t_m2c": [
        92.94374021856248,
        -44.940953985752024,
        778.2915582237455
      ],
      "obj_id": 1
    },
    {
      "cam_R_m2c": [
        -0.17734090514366044,
        -0.7834850472563563,
        -0.5955686417166056,
        0.9290819581661254,
        -0.33287348359621965,
        0.16125277586354309,
        -0.32458811573188084,
        -0.5247350486455747,
        0.7869537540080536
      ],
      "cam_t_m2c": [
        69.63843950370891,
        -63.54094379537227,
        800.522272339482
      ],
      "obj_id": 1
    },
    {
      "cam_R_m2c": [
        -0.9784933359834286,
        0.20393620235035073,
        0.03100447653632653,
        -0.12239447949373024,
        -0.4530000922559054,
        -0.8830690658157572,
        -0.16604485363216478,
        -0.8678718701433042,
        0.46821816174919384
      ],
      "cam_t_m2c": [
        62.816650906177,
        -42.58168724600135,
        788.1332661241521
      ],
      "obj_id": 1
    },
    {
      "cam_R_m2c": [
        0.13528676984765609,
        -0.070954537373179,
        -0.9882628104771799,
        -0.9790798037314021,
        -0.1625792946228545,
        -0.12235691109957815,
        -0.15198940060575805,
        0.9841412901498846,
        -0.09146505134551641
      ],
      "cam_t_m2c": [
        56.350083730664835,
        7.953740142630356,
        782.1044996041402
      ],
      "obj_id": 4
    },
    {
      "cam_R_m2c": [
        -0.6050382627953421,
        0.7232058430162475,
        -0.33302017730462996,
        0.7629752421023488,
        0.646200913882592,
        0.017137506066235295,
        0.22759172458006988,
        -0.2437173382885466,
        -0.9427643102744782
      ],
      "cam_t_m2c": [
        31.28698339368338,
        -43.15595761518142,
        755.6876442132416
      ],
      "obj_id": 4
    },
    {
      "cam_R_m2c": [
        -0.11396374614468192,
        0.8826064082743387,
        -0.4560905839722542,
        0.6016020440024844,
        -0.30403299646765297,
        -0.7386740999175575,
        -0.7906249342156415,
        -0.3585669916658882,
        -0.49632915555740253
      ],
      "cam_t_m2c": [
        -39.24140087300807,
        5.782852187472376,
        736.783400216083
      ],
      "obj_id": 7
    },
    {
      "cam_R_m2c": [
        0.9133955821001797,
        -0.37833483460873013,
        0.1502388936824159,
        -0.3846155417392778,
        -0.9229698383986773,
        0.014074035297039269,
        0.1333412860129049,
        -0.07063919036094736,
        -0.9885498879105258
      ],
      "cam_t_m2c": [
        106.28615372356202,
        42.49394813866074,
        736.1578421559933
      ],
      "obj_id": 9
    }
  ],
  "13": [
    {
      "cam_R_m2c": [
        -0.4232599615711254,
        -0.7495673773606472,
        0.5089200322506302,
        -0.8613065526766678,
        0.5071612838475192,
        0.030643492326647263,
        -0.2810742725803165,
        -0.4253655295852723,
        -0.8602678689604094
      ],
      "cam_t_m2c": [
        -119.0878120995067,
        -28.64880660421121,
        763.587550267943
      ],
      "obj_id": 1
    },
    {
      "cam_R_m2c": [
        0.4996428961630782,
        0.7278688745362016,
        0.46964203539382926,
        -0.8093267875997027,
        0.5855206645053127,
        -0.04643368717414521,
        -0.3087829401949397,
        -0.35689359485101,
        0.8816346736836981
      ],
      "cam_t_m2c": [
        -120.97664653710402,
        -7.18710744143445,
        749.9213231044964
      ],
      "obj_id": 1
    },
    {
      "cam_R_m2c": [
        0.8134816527988049,
        -0.30095235690748007,
        -0.4976696547933647,
        0.4456994286003094,
        -0.22713758903686154,
        0.8658873606405271,
        -0.3736300259882372,
        -0.9261944166726865,
        -0.05063724831139987
      ],
      "cam_t_m2c": [
        -72.39000266320402,
        -2.784288243566679,
        761.8289986772432
      ],
      "obj_id": 1
    },
    {
      "cam_R_m2c": [
        0.08929434095776098,
        -0.41399911597470657,
        0.9058869224521408,
        0.3670552200834014,
        0.8591840442996479,
        0.35647421218550485,
        -0.9259028891285324,
        0.300679688721077,
        0.22868076617361086
      ],
      "cam_t_m2c": [
        -53.584056831420355,
        -34.4777894069002,
        773.4626328714535
      ],
      "obj_id": 4
    },
    {
      "cam_R_m2c": [
        0.4801597124710386,
        -0.8314930690744046,
        -0.27940295733091447,
        -0.8596704028544719,
        -0.38273891155772677,
        -0.3383460490031935,
        0.17439375176804137,
        0.40265477199677363,
        -0.8985852034016073
      ],
      "cam_t_m2c": [
        -48.02360765878713,
        -27.696385752078722,
        750.2517410034756
      ],
      "obj_id": 4
    },
    {
      "cam_R_m2c": [
        0.09684452617569922,
        -0.9834329852179584,
        -0.1532341713836938,
        -0.9773587027021702,
        -0.12306581205650816,
        0.17211899799070873,
        -0.1881258067841522,
        0.13309591370951254,
        -0.9730846666475982
      ],
      "cam_t_m2c": [
        23.183768173916363,
        9.915825150309566,
        739.4030818634172
      ],
      "obj_id": 7
    },
    {
      "cam_R_m2c": [
        -0.6178620174361997,
        0.7847990890608632,
        -0.048344199704836624,
        0.7620053709109055,
        0.582488133307595,
        -0.2829411896855716,
        -0.19389170697879443,
        -0.21165702131114095,
        -0.957917828785961
      ],
      "cam_t_m2c": [
        -37.91672150534791,
        -84.45751274008225,
        789.7797496319841
      ],
      "obj_id": 9
    }
  ],
  "130": [
    {
      "cam_R_m2c": [
        -0.41559454548986047,
        0.642949399247172,
        0.6433483806210488,
        0.49435310806004557,
        0.7534020046354023,
        -0.4335900260386014,
        -0.7634764897277676,
        0.13784313204598955,
        -0.6309535335431039
      ],
      "cam_t_m2c": [
        32.943949497955884,
        93.39696393167907,
        724.3404204058336
      ],
      "obj_id": 1
    },
    {
      "cam_R_m2c": [
        -0.59217493724819,
        0.648111861939527,
        -0.47883188941382715,
        -0.7922225364724897,
        -0.5769140858110379,
        0.1988799193434396,
        -0.14734799452242858,
        0.4971130922940525,
        0.8550828054131967
      ],
      "cam_t_m2c": [
        69.36126673994323,
        92.12192813202337,
        723.6699199175841
      ],
      "obj_id": 1
    },
    {
      "cam_R_m2c": [
        -0.37354247694274206,
        -0.3239459687972749,
        0.8692088513208475,
        -0.6242016967404012,
        0.7809306912718087,
        0.022794546562586362,
        -0.6861765575072946,
        -0.534046859117955,
        -0.49391881678726723
      ],
      "cam_t_m2c": [
        22.960919709132032,
        45.578986871526205,
        757.0142560447106
      ],
      "obj_id": 1
    },
    {
      "cam_R_m2c": [
        0.8143006943396829,
        0.5621472772910472,
        0.14458525008490944,
        0.12710520863160807,
        0.07035328390389427,
        -0.9893909175836144,
        -0.5663555521100033,
        0.8240389680553784,
        -0.014162744333231005
      ],
      "cam_t_m2c": [
        -14.941497601460945,
        68.35013580020521,
        751.8034056240225
      ],
      "obj_id": 4
    },
    {
      "cam_R_m2c": [
        -0.6480325010537958,
        -0.5367733213803303,
        0.5403038563346726,
        -0.7539232787405961,
        0.35156305949381633,
        -0.554979840088562,
        0.10794781056156631,
        -0.7669928683807059,
        -0.6325100243818793
      ],
      "cam_t_m2c": [
        6.11482156546829,
        31.883777452458833,
        717.8736760966497
      ],
      "obj_id": 4
    },
    {
      "cam_R_m2c": [
        -0.7356321975816286,
        0.47344561575303346,
        -0.4844518639928225,
        0.6109692798991525,
        0.7725839540134006,
        -0.17271614936441276,
        0.2925081869822293,
        -0.42304071885274425,
        -0.8575985857270404
      ],
      "cam_t_m2c": [
        -21.46075944777733,
        -28.37559142835673,
        749.5652182433762
      ],
      "obj_id": 7
    },
    {
      "cam_R_m2c": [
        0.529557599483859,
        0.6768829707480897,
        0.5112710916308096,
        0.797639266240997,
        -0.1922212747401504,
        -0.5716835687088102,
        -0.2886860466992535,
        0.7105494851320727,
        -0.6417005212177315
      ],
      "cam_t_m2c": [
        -73.16419295322552,
        78.10268323149342,
        705.5270095563878
      ],
      "obj_id": 9
    }
  ],
  "139": [
    {
      "cam_R_m2c": [
        -0.895110720324765,
        -0.24134414032349774,
        0.37487254420173344,
        -0.272007228016515,
        0.9618190555217229,
        -0.030270742763586784,
        -0.35325394711628316,
        -0.12906475892090274,
        -0.9265820881208636
      ],
      "cam_t_m2c": [
        -70.88538877272941,
        93.06713542268186,
        700.3677074095604
      ],
      "obj_id": 1
    },
    {
      "cam_R_m2c": [
        -0.13137574594724727,
        0.8523128762137712,
        0.5062638953681619,
        -0.5760908566707116,
        -0.4812459395830023,
        0.6606976581395374,
        0.8067589461417638,
        -0.20485342678646368,
        0.5542342322048056
      ],
      "cam_t_m2c": [
        -14.273838270492764,
        90.3635624591236,
        719.8833532992055
      ],
      "obj_id": 1
    },
    {
      "cam_R_m2c": [
        0.5402876381206495,
        -0.189558341153921,
        0.8198513901478288,
        -0.797938180552184,
        -0.42475892592329456,
        0.42763762406247746,
        0.2671770424579323,
        -0.8852391587707651,
        -0.3807485170916019
      ],
      "cam_t_m2c": [
        -17.009076436715894,
        47.78335839788101,
        739.4968567284878
      ],
      "obj_id": 1
    },
    {
      "cam_R_m2c": [
        0.6185298351409694,
        0.769544317628371,
        -0.1588146703532652,
        -0.4491228262225506,
        0.18039522948822467,
        -0.8750690666231683,
        -0.6447559715287059,
        0.612583307556952,
        0.45720048529892054
      ],
      "cam_t_m2c": [
        -76.58151362801956,
        30.168094746827933,
        742.1773151943486
      ],
      "obj_id": 4
    },
    {
      "cam_R_m2c": [
        -0.020208562173593767,
        -0.9997949114533675,
        0.0011834531022815477,
        -0.4817353891883126,
        0.008700023582419105,
        -0.8762732659574871,
        0.8760839213626191,
        -0.018279144719272753,
        -0.4818131080586264
      ],
      "cam_t_m2c": [
        -31.14895059981621,
        20.69536094622264,
        744.0322301062132
      ],
      "obj_id": 4
    },
    {
      "cam_R_m2c": [
        -0.8671623113540791,
        -0.48575971416770547,
        0.10984663444658417,
        -0.2845814103279033,
        0.3023030333715517,
        -0.9097394555992443,
        0.4087083714997617,
        -0.8201529738264614,
        -0.4003847501053322
      ],
      "cam_t_m2c": [
        6.183208394725897,
        -43.0691841515554,
        766.9495509130722
      ],
      "obj_id": 7
    },
    {
      "cam_R_m2c": [
        0.5038229976532672,
        0.8093067236365822,
        -0.3019671898023251,
        0.40488026255657783,
        -0.5300494735501508,
        -0.7450631763890571,
        -0.7630432608015544,
        0.25311969271995255,
        -0.5947241646503306
      ],
      "cam_t_m2c": [
        -119.3464808287923,
        39.33902924875693,
        742.3385091731593
      ],
      "obj_id": 9
    }
  ],
  "151": [
    {
      "cam_R_m2c": [
        -0.8118470170047928,
        -0.5790701342694394,
        -0.07471626359534747,
        -0.5824954107839403,
        0.8120529096627426,
        0.03562210762267213,
        0.040045945061235454,
        0.07244108140330881,
        -0.9965681840602173
      ],
      "cam_t_m2c": [
        -130.57963490321436,
        -6.153425977345803,
        739.2148143605347
      ],
      "obj_id": 1
    },
    {
      "cam_R_m2c": [
        -0.02870364857794898,
        0.9230926290324537,
        -0.38350518160444885,
        -0.8557382881382792,
        0.17559424336318083,
        0.4867010609427743,
        0.5166118906197406,
        0.34215043843677345,
        0.784885631366909
      ],
      "cam_t_m2c": [
        -105.87133835619937,
        38.66811458839996,
        724.1680696047307
      ],
      "obj_id": 1
    },
    {
      "cam_R_m2c": [
        0.05659887037384842,
        -0.997009846746822,
        -0.05261397136637336,
        -0.6354343432300624,
        -0.07661925947829559,
        0.7683436871549745,
        -0.7700774543564864,
        -0.010054518345408589,
        -0.6378711598601272
      ],
      "cam_t_m2c": [
        -73.57937030173093,
        9.18645977451791,
        743.126274394865
      ],
      "obj_id": 1
    },
    {
      "cam_R_m2c": [
        -0.6076274890556551,
        -0.18240195875383475,
        0.7729932035652158,
        -0.4529785326742959,
        0.8790415833649856,
        -0.1486466587702417,
        -0.652379748330428,
        -0.4404714770049508,
        -0.6167540286808875
      ],
      "cam_t_m2c": [
        -63.998987562410605,
        -21.739976655917406,
        787.7427741164769
      ],
      "obj_id": 4
    },
    {
      "cam_R_m2c": [
        0.5649807373623852,
        -0.815964839118975,
        -0.12246828074893049,
        -0.8188261090864188,
        -0.5727463174830679,
        0.03853898459978835,
        -0.10158920991080544,
        0.07850647800892406,
        -0.991723684780508
      ],
      "cam_t_m2c": [
        -48.340586304830005,
        -32.34749004586577,
        746.2602052202249
      ],
      "obj_id": 4
    },
    {
      "cam_R_m2c": [
        0.422912452659776,
        -0.7852293400788576,
        -0.45228340916140664,
        -0.6015175699517307,
        0.13002944075824235,
        -0.7882056377964567,
        0.6777325528402101,
        0.6053986337790163,
        -0.41733822065733006
      ],
      "cam_t_m2c": [
        8.900470627907765,
        -25.284367679843786,
        752.12988171809
      ],
      "obj_id": 7
    },
    {
      "cam_R_m2c": [
        -0.30060585429746894,
        0.8353717596681486,
        0.460206661539701,
        0.6369639162308932,
        0.5349820986633771,
        -0.5550409126031035,
        -0.7098682700766525,
        0.12628665261325275,
        -0.6929206441215724
      ],
      "cam_t_m2c": [
        -107.36070163818208,
        -80.34395528715277,
        797.5263783064025
      ],
      "obj_id": 9
    }
  ],
  "162": [
    {
      "cam_R_m2c": [
        -0.039309616505556894,
        -0.8610903864755409,
        0.5069300069481829,
        -0.9674523340470839,
        -0.09412088585715364,
        -0.2348980583468194,
        0.2499809528598099,
        -0.4996647435825674,
        -0.8293636474255724
      ],
      "cam_t_m2c": [
        -88.38518652375669,
        -94.81870108154983,
        832.2846699044534
      ],
      "obj_id": 1
    },
    {
      "cam_R_m2c": [
        0.8956436285468896,
        -0.0658007819273875,
        0.4398780798507193,
        -0.007674928679180428,
        0.9865620927029398,
        0.16320589115447964,
        -0.4447064661423455,
        -0.14955009718976353,
        0.8831026532949314
      ],
      "cam_t_m2c": [
        -112.82678216249222,
        -44.46900626646172,
        794.3523834094315
      ],
      "obj_id": 1
    },
    {
      "cam_R_m2c": [
        -0.17702999020127458,
        -0.20953959259774893,
        -0.9616409827679009,
        0.22068417166626145,
        -0.9606455590718976,
        0.16869653663149056,
        -0.9591445012819884,
        -0.18235437104635802,
        0.21630565327440235
      ],
      "cam_t_m2c": [
        -74.04093783377584,
        -23.47029880515276,
        790.4284945342341
      ],
      "obj_id": 1
    },
    {
      "cam_R_m2c": [
        -0.7488464175074683,
        -0.6367263660145462,
        0.1838707781400252,
        -0.6413054978934354,
        0.7661708555375415,
        0.04134212161259648,
        -0.16719950445285242,
        -0.08695832676807654,
        -0.9820805371349557
      ],
      "cam_t_m2c": [
        -17.384276670130372,
        -75.37781631731946,
        817.6312778547538
      ],
      "obj_id": 4
    },
    {
      "cam_R_m2c": [
        0.7665189103124612,
        -0.214768394000065,
        0.6052462882538643,
        0.2607816683721082,
        -0.7571440192755576,
        -0.598937169518314,
        0.5868917674663215,
        0.6169337108577365,
        -0.5243571177689405
      ],
      "cam_t_m2c": [
        -38.815859124133624,
        -51.788583926163135,
        787.1594005868052
      ],
      "obj_id": 4
    },
    {
      "cam_R_m2c": [
        0.695903621715872,
        -0.5482190081569484,
        0.46386857574455526,
        -0.53682133328895,
        -0.8261731711047395,
        -0.1710572050277066,
        0.47701271225757325,
        -0.12997561760124515,
        -0.8692321706399659
      ],
      "cam_t_m2c": [
        1.5182176267048018,
        -14.099220166863994,
        762.4317008572939
      ],
      "obj_id": 7
    },
    {
      "cam_R_m2c": [
        -0.7813855185532612,
        -0.0946819760304873,
        -0.6168240319506194,
        0.3787409680809918,
        0.7136191030293828,
        -0.5893241867170296,
        0.49597599280213805,
        -0.6941057658728652,
        -0.5217512127747349
      ],
      "cam_t_m2c": [
        6.063819778704383,
        -98.80570259787979,
        844.4693300867463
      ],
      "obj_id": 9
    }
  ],
  "174": [
    {
      "cam_R_m2c": [
        0.8872441219110243,
        0.13679834237969252,
        0.4405502146975831,
        0.40303436970152157,
        -0.6944757554188775,
        -0.5960421298906405,
        0.2244143772689876,
        0.7063924222379612,
        -0.671303368572475
      ],
      "cam_t_m2c": [
        39.84334225644709,
        -105.35870832596223,
        846.1257942868633
      ],
      "obj_id": 1
    },
    {
      "cam_R_m2c": [
        0.6758742240641658,
        -0.7020564625838678,
        0.2243006925539278,
        0.7209925191606832,
        0.6929339467333125,
        -0.00366397013098415,
        -0.15285346682319445,
        0.16419549929616759,
        0.9745125431808515
      ],
      "cam_t_m2c": [
        -16.907059892172203,
        -96.93416776618392,
        829.1362146630885
      ],
      "obj_id": 1
    },
    {
      "cam_R_m2c": [
        0.4434129697449716,
        0.35943668365253556,
        -0.821090881290719,
        0.19579999401520742,
        -0.9327904806800575,
        -0.3025964607149311,
        -0.874669917110428,
        -0.026593338751992684,
        -0.4839887982135989
      ],
      "cam_t_m2c": [
        5.821037729774629,
        -70.1669783864038,
        813.5254531434665
      ],
      "obj_id": 1
    },
    {
      "cam_R_m2c": [
        0.332731898420925,
        -0.8933165647155311,
        -0.30211788565336584,
        -0.6472517027825543,
        -0.44933108907481506,
        0.6157654324626866,
        -0.685823399526547,
        -0.009338902799321114,
        -0.7277078665797633
      ],
      "cam_t_m2c": [
        56.719570022396354,
        -51.78759988445893,
        809.5142392554841
      ],
      "obj_id": 4
    },
    {
      "cam_R_m2c": [
        0.5725553306405017,
        0.5806596107073964,
        -0.5788042651847862,
        0.4955425988581297,
        -0.8075218442045763,
        -0.3199169130119685,
        -0.6531603001134644,
        -0.10365173557195423,
        -0.7500918052506653
      ],
      "cam_t_m2c": [
        -3.035201163671842,
        -59.10323818071022,
        764.7586304958439
      ],
      "obj_id": 4
    },
    {
      "cam_R_m2c": [
        0.5519366946058437,
        0.5933246539059783,
        0.5859451767030078,
        0.8234297231654195,
        -0.4987153728982502,
        -0.2706412936407362,
        0.13164149146624957,
        0.6318623250956892,
        -0.763819654765678
      ],
      "cam_t_m2c": [
        -21.389279627404907,
        -3.0142995250456286,
        734.6117314414922
      ],
      "obj_id": 7
    },
    {
      "cam_R_m2c": [
        -0.6383349802153484,
        -0.7643011537376573,
        -0.09149988121987479,
        -0.7567804121429571,
        0.6448591880089655,
        -0.10696337734869686,
        0.14075706570844068,
        0.0009668562174242883,
        -0.9900431994301242
      ],
      "cam_t_m2c": [
        106.38734662714236,
        -58.55605631737641,
        799.5889311444172
      ],
      "obj_id": 9
    }
  ],
  "19": [
    {
      "cam_R_m2c": [
        0.050875645592548265,
        -0.7938672039403599,
        0.6059592179927363,
        -0.9785645580174177,
        -0.16086152518800817,
        -0.1285851833086057,
        0.1995555674801703,
        -0.5864289888265796,
        -0.7850339913777032
      ],
      "cam_t_m2c": [
        -92.68431369350493,
        -73.27472850546127,
        788.064892140115
      ],
      "obj_id": 1
    },
    {
      "cam_R_m2c": [
        0.8160048380341826,
        -0.47735197864101403,
        0.3259930727228632,
        0.4947872570128349,
        0.8683848790760642,
        0.033058577792336105,
        -0.2988683135476177,
        0.1343208276909959,
        0.9447934947995701
      ],
      "cam_t_m2c": [
        -120.77597477996852,
        -60.369090579591564,
        767.082260124167
      ],
      "obj_id": 1
    },
    {
      "cam_R_m2c": [
        0.08531827016898257,
        -0.7843012742133579,
        -0.6144853273184879,
        0.15999122930888535,
        -0.5979458728435991,
        0.7854062509541951,
        -0.9834242833772612,
        -0.16532133610023408,
        0.0744658958623101
      ],
      "cam_t_m2c": [
        -82.63045805722247,
        -35.78839842842363,
        778.1083549160517
      ],
      "obj_id": 1
    },
    {
      "cam_R_m2c": [
        -0.7241461513506106,
        -0.6850499887355866,
        0.07949304831542034,
        -0.5847155566891757,
        0.6709918977413328,
        0.45593471907685046,
        -0.36567686287991114,
        0.283682695303129,
        -0.8864560824715048
      ],
      "cam_t_m2c": [
        -34.961253097256034,
        -72.09289631985855,
        791.4381322228368
      ],
      "obj_id": 4
    },
    {
      "cam_R_m2c": [
        0.8865260776647672,
        -0.22164662741090027,
        -0.4061335361608457,
        -0.43513911707905684,
        -0.6977346036621099,
        -0.56905145667746,
        -0.15724517820913236,
        0.6812037122712857,
        -0.7150070498351969
      ],
      "cam_t_m2c": [
        -48.03161177570875,
        -18.209830203543888,
        749.9015417462871
      ],
      "obj_id": 4
    },
    {
      "cam_R_m2c": [
        0.875629943655629,
        0.011367032552774683,
        -0.4828490808386007,
        -0.06124208621307703,
        -0.9890401124636649,
        -0.13434437803414548,
        -0.4790845085945431,
        0.14720720491159495,
        -0.8653366073842139
      ],
      "cam_t_m2c": [
        3.5347455638790333,
        23.74502547974648,
        735.3335950866582
      ],
      "obj_id": 7
    },
    {
      "cam_R_m2c": [
        -0.8432289999141331,
        -0.11015625567726667,
        0.526146952335255,
        -0.4586352337167142,
        0.6579611027318303,
        -0.5972770306030554,
        -0.28039093226887524,
        -0.7449511512841034,
        -0.6053334565419042
      ],
      "cam_t_m2c": [
        0.8330576545176829,
        -93.47326247149921,
        778.5685471500839
      ],
      "obj_id": 9
    }
  ],
  "190": [
    {
      "cam_R_m2c": [
        0.6924380891915777,
        0.5001311265221802,
        -0.5199981013622548,
        0.396995361369687,
        -0.8659395017190213,
        -0.30420893758936235,
        -0.6024312305575712,
        0.004209008869166035,
        -0.7981594317874667
      ],
      "cam_t_m2c": [
        128.71659159376057,
        -9.367618676045588,
        756.7514719470238
      ],
      "obj_id": 1
    },
    {
      "cam_R_m2c": [
        -0.9499291102175391,
        -0.14884488216508843,
        0.2747361931409084,
        0.3093118337615808,
        -0.5725394461958412,
        0.7592917700518449,
        0.044280857790573946,
        0.8062525354082954,
        0.5899115264564436
      ],
      "cam_t_m2c": [
        92.21531605883499,
        -38.60463263141463,
        777.8629117235639
      ],
      "obj_id": 1
    },
    {
      "cam_R_m2c": [
        -0.8336801019597951,
        0.11883142854395393,
        0.5393113272504936,
        -0.5374097020156264,
        -0.3994237325768714,
        -0.7427319710983119,
        0.12715379231884896,
        -0.9090321439910962,
        0.39685252738358034
      ],
      "cam_t_m2c": [
        61.05399720163374,
        -23.47714116545388,
        797.7422920627281
      ],
      "obj_id": 1
    },
    {
      "cam_R_m2c": [
        0.7492871420892733,
        0.16059050168338415,
        -0.642479102376113,
        -0.2862892662142588,
        -0.7962666079024721,
        -0.532913791538258,
        -0.5971655659938178,
        0.5832405539584522,
        -0.550657366855901
      ],
      "cam_t_m2c": [
        44.69075712708985,
        26.40621283472526,
        764.1194876600381
      ],
      "obj_id": 4
    },
    {
      "cam_R_m2c": [
        -0.9567694241706636,
        0.19257901036344938,
        0.21795779736751877,
        -0.08958691474516005,
        0.5178212299187948,
        -0.8507848336920206,
        -0.27670642336665335,
        -0.8335309285751245,
        -0.47818317306993396
      ],
      "cam_t_m2c": [
        20.535835032494514,
        -16.448851284636724,
        747.0623670064833
      ],
      "obj_id": 4
    },
    {
      "cam_R_m2c": [
        -0.04433838931094044,
        0.9029288616428773,
        0.42749661837638314,
        0.35612783528093733,
        0.41409010710572863,
        -0.8376763591272444,
        -0.9333844835136852,
        0.11510270942828059,
        -0.33991843185824866
      ],
      "cam_t_m2c": [
        -38.92550072740002,
        -23.756538140530886,
        772.5944109390257
      ],
      "obj_id": 7
    },
    {
      "cam_R_m2c": [
        0.8153579626737412,
        -0.44245448953477334,
        -0.3733971600223285,
        -0.49758144259849696,
        -0.8652512965793806,
        -0.061254660653573906,
        -0.2959800887238151,
        0.23574008997249601,
        -0.925646809982771
      ],
      "cam_t_m2c": [
        66.78934516711391,
        63.79235014674488,
        701.4898715621174
      ],
      "obj_id": 9
    }
  ],
  "195": [
    {
      "cam_R_m2c": [
        0.16308261443996572,
        0.9529697030603459,
        -0.2554484568842642,
        0.23661707576221302,
        -0.28913601920110554,
        -0.9275845358203161,
        -0.9578189725238221,
        0.09082891995659602,
        -0.27264166526220235
      ],
      "cam_t_m2c": [
        87.88325404860413,
        24.616010845004325,
        730.8467798298539
      ],
      "obj_id": 1
    },
    {
      "cam_R_m2c": [
        -0.9847152723521079,
        -0.053629601516167365,
        0.16571166096455905,
        0.17406612187082207,
        -0.26963592083157134,
        0.9470997643063153,
        -0.006110302239656318,
        0.9614683408709235,
        0.2748493208289756
      ],
      "cam_t_m2c": [
        120.08496719883875,
        14.543144718098738,
        747.958274920069
      ],
      "obj_id": 1
    },
    {
      "cam_R_m2c": [
        -0.341907882711855,
        -0.1242692143666172,
        0.9314807912051163,
        -0.9373926199108497,
        0.11503043344943034,
        -0.32873122576983416,
        -0.06629700660888703,
        -0.9855586259026587,
        -0.15581872789566065
      ],
      "cam_t_m2c": [
        51.420187117983744,
        21.923455753148566,
        760.7258613420365
      ],
      "obj_id": 1
    },
    {
      "cam_R_m2c": [
        0.4277708133919896,
        0.8140577022952349,
        -0.3928389317790533,
        -0.5484116432082103,
        -0.11173066192023506,
        -0.8287111145445825,
        -0.7185103258992745,
        0.569935618757229,
        0.398643846562319
      ],
      "cam_t_m2c": [
        35.886316499336516,
        50.07926193050949,
        745.4956697678402
      ],
      "obj_id": 4
    },
    {
      "cam_R_m2c": [
        -0.9032026822876138,
        -0.40057959296899637,
        -0.15414663012329421,
        -0.16208668454985634,
        0.6508697208689361,
        -0.7416856312418795,
        0.39743355318902546,
        -0.6449073767909221,
        -0.6527952999872603
      ],
      "cam_t_m2c": [
        25.109155146025575,
        -22.639411236295288,
        745.7484911778197
      ],
      "obj_id": 4
    },
    {
      "cam_R_m2c": [
        -0.780403636533038,
        0.3660736690188658,
        -0.506913160769623,
        0.6093632817856615,
        0.2635329250613355,
        -0.7478149388619654,
        -0.14016684209201027,
        -0.8924919259508555,
        -0.4287333991047528
      ],
      "cam_t_m2c": [
        -36.82325131593775,
        -27.652374901297165,
        749.5410843829832
      ],
      "obj_id": 7
    },
    {
      "cam_R_m2c": [
        0.776844362091871,
        0.5007628034535557,
        0.38177171441908986,
        0.628433396167632,
        -0.578215168040093,
        -0.5203269055857311,
        -0.03981435226140117,
        0.6441308350533853,
        -0.7638787281724044
      ],
      "cam_t_m2c": [
        8.83317656896018,
        86.07186758301555,
        702.6600147868359
      ],
      "obj_id": 9
    }
  ],
  "2": [
    {
      "cam_R_m2c": [
        -0.9757021391776373,
        0.21800771233329236,
        0.021881069464887496,
        0.21898920747849918,
        0.9671008428753153,
        0.12946155503991222,
        0.00706244131674561,
        0.13110750103077237,
        -0.9913434199677251
      ],
      "cam_t_m2c": [
        -109.15679110172758,
        59.42909143470004,
        749.9924682899442
      ],
      "obj_id": 1
    },
    {
      "cam_R_m2c": [
        0.2661244318546438,
        0.751536742019401,
        0.6036316019466224,
        -0.963127233159093,
        0.1816156410153076,
        0.19850007743933676,
        0.03955122881381893,
        -0.6341995734565077,
        0.772157661891956
      ],
      "cam_t_m2c": [
        -83.5733379306777,
        86.8020926858974,
        746.2456495415294
      ],
      "obj_id": 1
    },
    {
      "cam_R_m2c": [
        0.03046188962976019,
        -0.7001383850248305,
        0.7133576199953678,
        -0.8586429817015659,
        0.347011987340669,
        0.3772472837938261,
        -0.5116688789160183,
        -0.6240109960862035,
        -0.590598081096942
      ],
      "cam_t_m2c": [
        -57.45205164076318,
        69.7620949262838,
        743.1645271827024
      ],
      "obj_id": 1
    },
    {
      "cam_R_m2c": [
        -0.2465637973878402,
        0.734336305176886,
        0.6324217492112952,
        0.7364617939952439,
        0.5661537227458494,
        -0.37026298584674455,
        -0.6299453739086909,
        0.3744608108743607,
        -0.6804033274356723
      ],
      "cam_t_m2c": [
        -92.20298948759022,
        24.566433996095814,
        757.8338843475839
      ],
      "obj_id": 4
    },
    {
      "cam_R_m2c": [
        0.13169808539429967,
        -0.9145627422056889,
        0.3824021703112783,
        -0.5840683407294178,
        -0.3832813346381734,
        -0.7155140048047103,
        0.8009496607876924,
        -0.12911710183592626,
        -0.5846444567573816
      ],
      "cam_t_m2c": [
        -57.32652720121927,
        27.4724869224748,
        728.1360671340133
      ],
      "obj_id": 4
    },
    {
      "cam_R_m2c": [
        -0.24177710086128842,
        -0.8450555610002051,
        -0.4768917404912405,
        -0.5775002478587218,
        0.5202695263593502,
        -0.6291372762187011,
        0.7797678991696508,
        0.12329414326079843,
        -0.6138089338474424
      ],
      "cam_t_m2c": [
        1.8916774270406718,
        -23.917365582263397,
        747.5958080395728
      ],
      "obj_id": 7
    },
    {
      "cam_R_m2c": [
        0.035565824793733256,
        0.8893627079396927,
        -0.45581776727985757,
        0.9875238855002741,
        0.038736123926350605,
        0.15263252543563438,
        0.15340215683195219,
        -0.4555593298913156,
        -0.8768890063268571
      ],
      "cam_t_m2c": [
        -117.83598451406509,
        -10.50745413293312,
        776.3719214566979
      ],
      "obj_id": 9
    }
  ],
  "206": [
    {
      "cam_R_m2c": [
        -0.9014796970012445,
        0.23714330642208653,
        0.36207475366937925,
        0.19768944504484137,
        0.9697833871407134,
        -0.14296652266609192,
        -0.3850372346795772,
        -0.057302636849485875,
        -0.9211201536630624
      ],
      "cam_t_m2c": [
        7.573497827114374,
        96.35314977527054,
        685.5646452431553
      ],
      "obj_id": 1
    },
    {
      "cam_R_m2c": [
        -0.6922828768461572,
        0.6944909310537828,
        -0.1960293066689535,
        -0.33145518147766617,
        -0.06472151052641949,
        0.9412485058610619,
        0.6410010696619037,
        0.7165847968419269,
        0.2749975687816084
      ],
      "cam_t_m2c": [
        21.180573425915178,
        76.22431300036021,
        703.1449459242341
      ],
      "obj_id": 1
    },
    {
      "cam_R_m2c": [
        -0.34799578308762547,
        -0.36844404147373205,
        0.8620605855012514,
        -0.7135765430822553,
        0.7004857562608078,
        0.011331353012696473,
        -0.6080361792070414,
        -0.6112022315048241,
        -0.5066792025963162
      ],
      "cam_t_m2c": [
        8.908954439063107,
        59.09389040518081,
        726.6796117417758
      ],
      "obj_id": 1
    },
    {
      "cam_R_m2c": [
        0.13866245524486157,
        0.9456866499344732,
        0.29402370217387747,
        0.2292889280373631,
        0.25816868774457435,
        -0.9384966125823531,
        -0.9634309471481747,
        0.19755015360661132,
        -0.18103753340393958
      ],
      "cam_t_m2c": [
        -33.97922114302647,
        34.11201412778044,
        720.0427524869077
      ],
      "obj_id": 4
    },
    {
      "cam_R_m2c": [
        -0.8344446861647024,
        -0.3300278334355378,
        -0.441343664607233,
        -0.294286594125993,
        0.9439572773995567,
        -0.14946705891563924,
        0.4659376577193246,
        0.005160107206072002,
        -0.8848023843448924
      ],
      "cam_t_m2c": [
        1.4583841462133145,
        19.818758615859963,
        716.1668410736904
      ],
      "obj_id": 4
    },
    {
      "cam_R_m2c": [
        -0.8965732705215077,
        0.4286668634229208,
        0.11136200986543286,
        0.35467541929868396,
        0.8455101022965821,
        -0.3991473599131171,
        -0.26525906264730215,
        -0.31836693012293305,
        -0.9100987744005371
      ],
      "cam_t_m2c": [
        -22.9090028408304,
        -32.381098122009064,
        762.0466732126072
      ],
      "obj_id": 7
    },
    {
      "cam_R_m2c": [
        0.7236890389243695,
        0.4171312500860897,
        0.5497962817318461,
        0.689746167047196,
        -0.4107332479644143,
        -0.5962792725851787,
        -0.02290666908825388,
        0.8107405356502579,
        -0.5849572014030889
      ],
      "cam_t_m2c": [
        -91.69665047214622,
        47.00684826065547,
        699.3122391271191
      ],
      "obj_id": 9
    }
  ],
  "229": [
    {
      "cam_R_m2c": [
        -0.4161619238460891,
        -0.7918067995953615,
        -0.4470468289578656,
        -0.7840374940050694,
        0.5614810846295363,
        -0.26462190326736407,
        0.4605380288462438,
        0.2403752871392218,
        -0.8544734391135365
      ],
      "cam_t_m2c": [
        -136.34921403845632,
        -42.74972356540449,
        806.4854609119168
      ],
      "obj_id": 1
    },
    {
      "cam_R_m2c": [
        0.4204339947910803,
        0.8512987598305273,
        0.3138878096790815,
