{
  "106": [
    {
      "cam_R_m2c": [
        0.9993109261029446,
        0.03711703278466274,
        0.000564566859203647,
        0.0332413768875026,
        -0.8879816758412308,
        -0.45867604693990494,
        -0.01652325679014833,
        0.4583787064492198,
        -0.888603601135559
      ],
      "cam_t_m2c": [
        70.85464344175654,
        -91.15638702613371,
        807.9938954202136
      ],
      "obj_id": 1
    },
    {
      "cam_R_m2c": [
        0.21259879207375004,
        -0.9769970452973034,
        -0.016698777467756026,
        0.8776699621794418,
        0.18341654400254198,
        0.4427798055878134,
        -0.42953166863476566,
        -0.10879057410454322,
        0.8964750895978233
      ],
      "cam_t_m2c": [
        33.00310461623244,
        -103.44357359968201,
        813.3559316668054
      ],
      "obj_id": 1
    },
    {
      "cam_R_m2c": [
        -0.460344729373114,
        0.6434055162944252,
        -0.6116472831769868,
        0.10873738333715588,
        -0.642937910479494,
        -0.7581604025185472,
        -0.8810558191200459,
        -0.41552400440239246,
        0.22601074427497897
      ],
      "cam_t_m2c": [
        20.248700630342483,
        -58.74152429167776,
        803.7228685694571
      ],
      "obj_id": 1
    },
    {
      "cam_R_m2c": [
        -0.1134239906655969,
        -0.8324241291879233,
        -0.5424070356401037,
        -0.8170076464928189,
        -0.2325082117128965,
        0.5276728213921257,
        -0.5653617006080712,
        0.5030013349560332,
        -0.6537248795358811
      ],
      "cam_t_m2c": [
        57.39629029810592,
        -26.745019713879532,
        784.2249200618677
      ],
      "obj_id": 4
    },
    {
      "cam_R_m2c": [
        0.10430450519758205,
        0.9945335070129016,
        0.004899801579669226,
        0.8904512112661238,
        -0.09119173743963128,
        -0.44584847546825174,
        -0.44296436491156965,
        0.05086715435207418,
        -0.8950952595061352
      ],
      "cam_t_m2c": [
        17.32438636660182,
        -42.08875154882844,
        766.0440434313022
      ],
      "obj_id": 4
    },
    {
      "cam_R_m2c": [
        0.5795317439896956,
        0.8146692414037473,
        0.02138458289045569,
        0.7320230006983148,
        -0.5088481203912016,
        -0.45300782252485416,
        -0.3581699299251953,
        0.2781864816401324,
        -0.8912502494076124
      ],
      "cam_t_m2c": [
        -19.023917335549463,
        12.866632483027903,
        744.8721919114795
      ],
      "obj_id": 7
    },
    {
      "cam_R_m2c": [
        0.11328936759932921,
        -0.9926162134288408,
        0.043346141914950405,
        -0.8750105288876434,
        -0.12034358127732071,
        -0.46890742139144836,
        0.47066151166588266,
        0.015193771838221591,
        -0.8821832689155208
      ],
      "cam_t_m2c": [
        102.58415562180402,
        -10.38494814805858,
        763.3752692289203
      ],
      "obj_id": 9
    }
  ],
  "112": [
    {
      "cam_R_m2c": [
        0.8428521010453733,
        0.5380369686181103,
        0.010816336571559417,
        0.48216188917041714,
        -0.7460905121232274,
        -0.4592050987929706,
        -0.23899942297584612,
        0.39225715479495055,
        -0.8882648036701661
      ],
      "cam_t_m2c": [
        108.53289647732507,
        -43.101969151334764,
        784.4103318685661
      ],
      "obj_id": 1
    },
    {
      "cam_R_m2c": [
        -0.3089553232732562,
        -0.9510753747383696,
        -0.0016343063245631679,
        0.8414271201595221,
        -0.27413642317444725,
        0.4656716372594199,
        -0.4433368202422604,
        0.14249666553376578,
        0.8849564570995556
      ],
      "cam_t_m2c": [
        83.16655299489176,
        -71.69004000761448,
        799.0242726301111
      ],
      "obj_id": 1
    },
    {
      "cam_R_m2c": [
        -0.6345622594618451,
        0.755590966533489,
        -0.16252218910808267,
        -0.15122871816965192,
        -0.3276078851704994,
        -0.9326325136652013,
        -0.7579321369751312,
        -0.5672354062169245,
        0.3221546710197519
      ],
      "cam_t_m2c": [
        48.94979165885701,
        -35.88779712143455,
        793.5627547374947
      ],
      "obj_id": 1
    },
    {
      "cam_R_m2c": [
        0.12269568347505481,
        -0.5091649867454795,
        -0.8518786400250273,
        -0.8005347948226124,
        -0.5581184531898916,
        0.21828489728860317,
        -0.586592159512841,
        0.6551759007115455,
        -0.476082911023423
      ],
      "cam_t_m2c": [
        63.72768777220335,
        7.860892591894525,
        767.2062360538197
      ],
      "obj_id": 4
    },
    {
      "cam_R_m2c": [
        -0.3913697644361766,
        0.9202337194681297,
        0.00020247228319638137,
        0.8232712564059192,
        0.3502304734012283,
        -0.44672531600327947,
        -0.4111625693881494,
        -0.17466817258159972,
        -0.8946715198217917
      ],
      "cam_t_m2c": [
        31.22243164243278,
        -28.154535079176945,
        757.5022062761865
      ],
      "obj_id": 4
    },
    {
      "cam_R_m2c": [
        0.09463177755985293,
        0.9952787923601485,
        0.02157265989452335,
        0.8878646323113983,
        -0.07457790034264683,
        -0.4540209086416311,
        -0.450268545151882,
        0.062118311623550644,
        -0.890730212912301
      ],
      "cam_t_m2c": [
        -30.55798861206403,
        5.569283577547564,
        749.933277588873
      ],
      "obj_id": 7
    },
    {
      "cam_R_m2c": [
        0.5751261303960807,
        -0.8164142528013674,
        0.051943577504235144,
        -0.7107773694507387,
        -0.5301260030600914,
        -0.46234446989294586,
        0.40500119520245625,
        0.22898614278873433,
        -0.885178027544654
      ],
      "cam_t_m2c": [
        90.37280658155711,
        40.84566762732924,
        737.3988594659342
      ],
      "obj_id": 9
    }
  ],
  "13": [
    {
      "cam_R_m2c": [
        -0.267256736608104,
        -0.9635322421105094,
        -0.013382464899732356,
        -0.9192288431015133,
        0.25908581988546175,
        -0.2964686843507594,
        0.2891243507685749,
        -0.06693139132212116,
        -0.9549485106780247
      ],
      "cam_t_m2c": [
        -126.79569905242346,
        -38.341957545079254,
        772.8880695571985
      ],
      "obj_id": 1
    },
    {
      "cam_R_m2c": [
        0.8728081465946186,
        0.48801558713250753,
        -0.006809175270023114,
        -0.46225806503303607,
        0.8310568296932944,
        0.30929409129622154,
        0.15659884264609011,
        -0.2668068920827597,
        0.950941757825469
      ],
      "cam_t_m2c": [
        -130.23747468786317,
        -0.6801465523700184,
        761.0836224062948
      ],
      "obj_id": 1
    },
    {
      "cam_R_m2c": [
        0.6149449498200513,
        -0.555117114736208,
        -0.56007798831791,
        0.07267983224103874,
        -0.6673242008018194,
        0.7412131093947741,
        -0.7852134277323063,
        -0.4965111306994684,
        -0.37002150072503764
      ],
      "cam_t_m2c": [
        -81.48630284689122,
        2.277615046728878,
        773.6453733015767
      ],
      "obj_id": 1
    },
    {
      "cam_R_m2c": [
        -0.41011166653892783,
        -0.15999131378499204,
        0.8978924381702267,
        -0.0025910624253040406,
        0.9846940844451508,
        0.17427467956825843,
        -0.912031184433016,
        0.06914553339457459,
        -0.40424915408562495
      ],
      "cam_t_m2c": [
        -57.51857531355711,
        -45.521812328513114,
        785.0387703614724
      ],
      "obj_id": 4
    },
    {
      "cam_R_m2c": [
        0.9131652439517681,
        -0.4071394521800594,
        0.01914064463853906,
        -0.3846435171101867,
        -0.8763413333012426,
        -0.28995871919453514,
        0.13482705093410224,
        0.25741794377483007,
        -0.9568474309415929
      ],
      "cam_t_m2c": [
        -50.98011115688239,
        -11.98706034037065,
        749.4397665737874
      ],
      "obj_id": 4
    },
    {
      "cam_R_m2c": [
        0.591673930148223,
        -0.8061157475362564,
        0.009950039451965126,
        -0.7726219814420281,
        -0.5705275998464965,
        -0.27848581611589773,
        0.230168306575,
        0.15708536579026713,
        -0.9603885027168989
      ],
      "cam_t_m2c": [
        14.78341767773986,
        7.471506904676427,
        753.3033918443155
      ],
      "obj_id": 7
    },
    {
      "cam_R_m2c": [
        -0.9759682794692616,
        0.21493857988563525,
        -0.035874423156084814,
        0.21511449555086726,
        0.924000615089488,
        -0.3161478169310183,
        -0.0348040686738403,
        -0.3162672928018739,
        -0.9480311328140901
      ],
      "cam_t_m2c": [
        -50.044697982953515,
        -95.86499029921896,
        788.7363758934906
      ],
      "obj_id": 9
    }
  ],
  "130": [
    {
      "cam_R_m2c": [
        -0.5155611057685741,
        0.8568507209218115,
        -0.001657866338494337,
        0.7630707626273993,
        0.4582520247711208,
        -0.45577239080814663,
        -0.3897690720138138,
        -0.23624386443277332,
        -0.8900947085982704
      ],
      "cam_t_m2c": [
        36.295357125408216,
        97.75871780433397,
        708.9570000869186
      ],
      "obj_id": 1
    },
    {
      "cam_R_m2c": [
        -0.9497835866096268,
        0.3122404371918341,
        -0.02040198092970357,
        -0.28451382540892134,
        -0.8346276777125232,
        0.47164486211192136,
        0.13023884538692784,
        0.4537651633857693,
        0.8815524306407091
      ],
      "cam_t_m2c": [
        68.11604020149345,
        75.75902733019348,
        720.4762841352964
      ],
      "obj_id": 1
    },
    {
      "cam_R_m2c": [
        -0.21020311661746668,
        0.026867576072667283,
        0.9772880573556564,
        -0.9045418742152392,
        0.3739597910130596,
        -0.20483759549842664,
        -0.37096988546533305,
        -0.927055549072153,
        -0.05430495893070271
      ],
      "cam_t_m2c": [
        33.30012067595876,
        52.159364167306734,
        746.1398671843447
      ],
      "obj_id": 1
    },
    {
      "cam_R_m2c": [
        0.4721533760151344,
        0.7822375426229503,
        -0.406417006325673,
        -0.2836136882595125,
        -0.301730617781934,
        -0.9102319840914964,
        -0.8346462913225867,
        0.5450343365327666,
        0.0793902876443109
      ],
      "cam_t_m2c": [
        -18.04723323414597,
        62.67028757949236,
        737.0029433722653
      ],
      "obj_id": 4
    },
    {
      "cam_R_m2c": [
        -0.9109890347119076,
        -0.41225588359622595,
        0.011969087715249791,
        -0.37116747242199344,
        0.806850889984888,
        -0.45959405309254103,
        0.17981337131754122,
        -0.42312760636015734,
        -0.8880483423325812
      ],
      "cam_t_m2c": [
        9.761556482237637,
        23.297401811027697,
        731.8652396303212
      ],
      "obj_id": 4
    },
    {
      "cam_R_m2c": [
        -0.9935537586620098,
        0.11312951924780515,
        0.0071979862749061395,
        0.09638831801113,
        0.8765275527874878,
        -0.4716026933360277,
        -0.059661137690076416,
        -0.46786892177332545,
        -0.8817816621194846
      ],
      "cam_t_m2c": [
        -22.861382105330964,
        -28.001584404321108,
        766.1207275808814
      ],
      "obj_id": 7
    },
    {
      "cam_R_m2c": [
        0.814519660460653,
        0.5796389801580701,
        0.023990778315945344,
        0.5324014907901722,
        -0.7304350814089394,
        -0.42780090310016955,
        -0.23044665132496797,
        0.36122484673866184,
        -0.9035544370222436
      ],
      "cam_t_m2c": [
        -59.04253747419632,
        81.12748916814286,
        713.1157541884866
      ],
      "obj_id": 9
    }
  ],
  "139": [
    {
      "cam_R_m2c": [
        -0.9689607780346533,
        0.24719746817404692,
        0.002770346739527457,
        0.2177943540846064,
        0.8589006254876252,
        -0.46352487932563524,
        -0.11696202309352649,
        -0.44853509215423215,
        -0.8860796350866316
      ],
      "cam_t_m2c": [
        -58.76502309161926,
        96.90351887223731,
        709.2961247721332
      ],
      "obj_id": 1
    },
    {
      "cam_R_m2c": [
        -0.4588401083858288,
        0.8883989817806187,
        -0.014568978944840475,
        -0.801245582059104,
        -0.4066293787522187,
        0.4389283386150843,
        0.38402022226675486,
        0.21307185946956858,
        0.8984040125607027
      ],
      "cam_t_m2c": [
        -19.000822447697907,
        100.29309070422039,
        709.1556297631032
      ],
      "obj_id": 1
    },
    {
      "cam_R_m2c": [
        0.32046714908079893,
        -0.5114622101636357,
        0.7973120345402537,
        -0.8639564955407085,
        0.1873328828917825,
        0.46742439402150526,
        -0.38843226446644535,
        -0.8386379890248783,
        -0.3818476504569487
      ],
      "cam_t_m2c": [
        -19.7784324396327,
        63.53365002048981,
        740.3377209558292
      ],
      "obj_id": 1
    },
    {
      "cam_R_m2c": [
        0.25788831503494464,
        0.9162156352192441,
        0.3066623200555698,
        -0.05254406848363673,
        0.33022828325373144,
        -0.9424374559077875,
        -0.9647452879652721,
        0.22693037485698173,
        0.13330460531399616
      ],
      "cam_t_m2c": [
        -64.93691750991721,
        39.13392924470378,
        749.9914622286026
      ],
      "obj_id": 4
    },
    {
      "cam_R_m2c": [
        -0.3875459119539617,
        -0.921552447354419,
        0.023420179029577735,
        -0.8269757145829937,
        0.33632297506729575,
        -0.4505530194944796,
        0.4073324711698812,
        -0.1939784156214652,
        -0.8924424800113392
      ],
      "cam_t_m2c": [
        -23.838792207843213,
        25.31000211466554,
        730.4321305799874
      ],
      "obj_id": 4
    },
    {
      "cam_R_m2c": [
        -0.7953483927512809,
        -0.6061044113529265,
        0.007592047076938431,
        -0.5424813796481835,
        0.7061610674010019,
        -0.45502802087873667,
        0.27043386096070204,
        -0.3660252911970987,
        -0.8904448154301993
      ],
      "cam_t_m2c": [
        -3.2843738343988846,
        -31.444371982577916,
        767.7808430251257
      ],
      "obj_id": 7
    },
    {
      "cam_R_m2c": [
        0.18538398501357473,
        0.9823769922617179,
        -0.023821778408926617,
        0.8835872198898663,
        -0.17725177617792703,
        -0.4334229147517027,
        -0.4300082101247139,
        0.05930134141320169,
        -0.9008758251771841
      ],
      "cam_t_m2c": [
        -114.33422396218705,
        24.55208732778032,
        742.2397056123099
      ],
      "obj_id": 9
    }
  ],
  "151": [
    {
      "cam_R_m2c": [
        -0.7140166809764628,
        -0.6998087288034356,
        0.021169800417813668,
        -0.565108138280709,
        0.5582033417573243,
        -0.6075040273739958,
        0.4133196482821092,
        -0.4457315684477702,
        -0.7940341909218113
      ],
      "cam_t_m2c": [
        -132.34863447322772,
        0.0010043785198511346,
        753.3296824583433
      ],
      "obj_id": 1
    },
    {
      "cam_R_m2c": [
        0.49624090890746914,
        0.8681559698755822,
        -0.007101343044276007,
        -0.6969324379334321,
        0.4032202642755296,
        0.5930412352367365,
        0.5177160418994895,
        -0.2893421729471374,
        0.8051405253757684
      ],
      "cam_t_m2c": [
        -114.69417760750883,
        29.18428075069716,
        732.0517546060472
      ],
      "obj_id": 1
    },
    {
      "cam_R_m2c": [
        0.6797316892897443,
        -0.7297454939939358,
        -0.07373330474681546,
        -0.48450379164052976,
        -0.5222100855497248,
        0.7018205038680938,
        -0.5506545458390801,
        -0.44132570661358256,
        -0.7085275211850242
      ],
      "cam_t_m2c": [
        -74.56214126930129,
        15.96901335767054,
        758.4505916716568
      ],
      "obj_id": 1
    },
    {
      "cam_R_m2c": [
        -0.18955476926434045,
        0.3174757849016852,
        0.9291277361775439,
        -0.20105100457568728,
        0.9136830873988865,
        -0.35321526888801963,
        -0.9610658331039349,
        -0.2537558742162967,
        -0.10936396804081926
      ],
      "cam_t_m2c": [
        -78.12025555361996,
        -29.59747382665254,
        787.2494055013321
      ],
      "obj_id": 4
    },
    {
      "cam_R_m2c": [
        0.5960632869910018,
        -0.8028460175592109,
        0.012127628559684425,
        -0.6360439875618515,
        -0.4813342927137771,
        -0.6031290613353115,
        0.4900575495493892,
        0.35178942665361435,
        -0.797551162043235
      ],
      "cam_t_m2c": [
        -51.59056361325519,
        -17.462002602579616,
        749.5029002711466
      ],
      "obj_id": 4
    },
    {
      "cam_R_m2c": [
        0.09805877358019616,
        -0.9948047393619017,
        0.02735401684379456,
        -0.7944742163459627,
        -0.09480639082874362,
        -0.5998514715741443,
        0.5993287405423395,
        0.037088496426862114,
        -0.7996434017054433
      ],
      "cam_t_m2c": [
        14.01370938835242,
        -26.238262042338445,
        767.8345275978921
      ],
      "obj_id": 7
    },
    {
      "cam_R_m2c": [
        -0.7419763922331825,
        0.6695600385872214,
        -0.03406814633432416,
        0.5377565398686136,
        0.5640335987492789,
        -0.6266444830485458,
        -0.4003608475823946,
        -0.48327590005979687,
        -0.7785599901798331
      ],
      "cam_t_m2c": [
        -96.58455059786836,
        -73.91335928113841,
        805.8241029992782
      ],
      "obj_id": 9
    }
  ],
  "162": [
    {
      "cam_R_m2c": [
        0.1667731435570865,
        -0.9859900901361668,
        0.0032432941329067926,
        -0.7796861426694882,
        -0.13389039069609368,
        -0.6116884322453692,
        0.6035527971212833,
        0.09948445228821433,
        -0.7910916080524492
      ],
      "cam_t_m2c": [
        -94.98769523912596,
        -86.68030866073224,
        819.5797615170668
      ],
      "obj_id": 1
    },
    {
      "cam_R_m2c": [
        0.9953766715234725,
        0.09544208200913458,
        -0.01078660746474557,
        -0.06918754402269355,
        0.7903610357525117,
        0.6087219187499698,
        0.06662297242425735,
        -0.6051611185263854,
        0.793309812765472
      ],
      "cam_t_m2c": [
        -115.32663720905013,
        -60.39659101039888,
        797.3681026953465
      ],
      "obj_id": 1
    },
    {
      "cam_R_m2c": [
        0.457602849854958,
        -0.30875822068247666,
        -0.8338274786159117,
        -0.04494847788519448,
        -0.9446069217097908,
        0.3251111392615421,
        -0.888019460110299,
        -0.11129228315227646,
        -0.44613285003666125
      ],
      "cam_t_m2c": [
        -71.78918915675021,
        -37.48346407708836,
        798.029393143298
      ],
      "obj_id": 1
    },
    {
      "cam_R_m2c": [
        -0.4705648191960462,
        -0.5416471864913003,
        0.6965539081192843,
        -0.48707768792838335,
        0.81769771559502,
        0.306798998468683,
        -0.735746865293172,
        -0.19490707253526282,
        -0.6486037643391356
      ],
      "cam_t_m2c": [
        -29.37829195869356,
        -64.548893932614,
        815.3726908394582
      ],
      "obj_id": 4
    },
    {
      "cam_R_m2c": [
        0.999723419028625,
        0.023523378567910577,
        3.102936642757359e-05,
        0.018827389848011578,
        -0.799355905063409,
        -0.6005626773531936,
        -0.014102481431052265,
        0.600396968912918,
        -0.7995771751608362
      ],
      "cam_t_m2c": [
        -42.02437855940574,
        -48.40017474282573,
        771.6961470185665
      ],
      "obj_id": 4
    },
    {
      "cam_R_m2c": [
        0.8759850191240262,
        -0.4817060798916638,
        0.024693202790215984,
        -0.3732080601637254,
        -0.7093336450029327,
        -0.5979643652630585,
        0.30555868887306825,
        0.5145919581483314,
        -0.801141718450705
      ],
      "cam_t_m2c": [
        12.610938475998681,
        -8.880712261397276,
        751.5037309825034
      ],
      "obj_id": 7
    },
    {
      "cam_R_m2c": [
        -0.9729072175519021,
        -0.23117275377037244,
        0.0033112617140770373,
        -0.18242194981204604,
        0.7587795521161531,
        -0.6252804809534771,
        0.14203525339129588,
        -0.6089437282837292,
        -0.7803925724645662
      ],
      "cam_t_m2c": [
        -0.42659458807717787,
        -106.40600597736514,
        831.6753159052554
      ],
      "obj_id": 9
    }
  ],
  "174": [
    {
      "cam_R_m2c": [
        0.9347222791749226,
        -0.3553767444433031,
        -0.0013832702085148567,
        -0.2828085067908874,
        -0.741481719759479,
        -0.6084605058353705,
        0.21520747443372343,
        0.5691334152104152,
        -0.7935822731976222
      ],
      "cam_t_m2c": [
        26.59172129088387,
        -110.37713459635202,
        839.8320669541603
      ],
      "obj_id": 1
    },
    {
      "cam_R_m2c": [
        0.5738275916720051,
        -0.8189755262758285,
        -0.001120536852155476,
        0.6546652600679678,
        0.4578786517575227,
        0.6014653216509969,
        -0.492072813774468,
        -0.3458715380112101,
        0.7988974486268744
      ],
      "cam_t_m2c": [
        -13.201869856540407,
        -110.17036470968652,
        838.1602920916653
      ],
      "obj_id": 1
    },
    {
      "cam_R_m2c": [
        -0.21541771802362508,
        0.44632067138852033,
        -0.8685581992525923,
        0.04625962062395408,
        -0.8837778724587321,
        -0.4656142886188569,
        -0.975425762194948,
        -0.14047970142359148,
        0.16973508452075148
      ],
      "cam_t_m2c": [
        -8.360959157723487,
        -65.67593662686575,
        819.5265674402652
      ],
      "obj_id": 1
    },
    {
      "cam_R_m2c": [
        -0.2800874202081924,
        -0.9401248319467154,
        -0.19420767291599392,
        -0.8248980353659292,
        0.13222439378988163,
        0.5495998059432704,
        -0.49101251166381515,
        0.3141371317655251,
        -0.812541972341961
      ],
      "cam_t_m2c": [
        40.91921944589638,
        -51.36716236838354,
        804.8987090294961
      ],
      "obj_id": 4
    },
    {
      "cam_R_m2c": [
        0.5002436609543423,
        0.8658476986219513,
        0.008018905741413786,
        0.6864225438922255,
        -0.39090208219182593,
        -0.6132043856811532,
        -0.5278075619804602,
        0.31225649647472353,
        -0.789882904906493
      ],
      "cam_t_m2c": [
        1.5851873975603445,
        -58.38701345029126,
        780.5197899418655
      ],
      "obj_id": 4
    },
    {
      "cam_R_m2c": [
        0.8567512658196087,
        0.5153058025040107,
        0.02091621541809498,
        0.4161040844454083,
        -0.6667201685641967,
        -0.6183377342115621,
        -0.3046879806367647,
        0.5384657024439411,
        -0.785633428078328
      ],
      "cam_t_m2c": [
        -10.940300832016586,
        0.656778129321435,
        745.3159939836464
      ],
      "obj_id": 7
    },
    {
      "cam_R_m2c": [
        -0.3012507021226266,
        -0.9528088436314743,
        0.037464490214451175,
        -0.7569577801690731,
        0.21506584832605694,
        -0.6170588431763172,
        0.5798824227623883,
        -0.21424880199592222,
        -0.7860239978052859
      ],
      "cam_t_m2c": [
        91.17933828218334,
        -54.361669327366734,
        793.9977485872199
      ],
      "obj_id": 9
    }
  ],
  "19": [
    {
      "cam_R_m2c": [
        0.25394778239034443,
        -0.9670739331339031,
        0.016706943795410194,
        -0.9217047764052453,
        -0.24719823481604028,
        -0.29891864803128815,
        0.2932067171901059,
        0.060510885556394334,
        -0.9541318623457914
      ],
      "cam_t_m2c": [
        -87.76860775949773,
        -88.02442754526172,
        789.8910111658279
      ],
      "obj_id": 1
    },
    {
      "cam_R_m2c": [
        0.999635262415794,
        -0.026040552657681893,
        0.007198987881234617,
        0.022614002012683918,
        0.9522608440426132,
        0.3044452720179962,
        -0.01478320967015824,
        -0.3041717754699943,
        0.9525021531544722
      ],
      "cam_t_m2c": [
        -111.15961627677893,
        -56.56569864376816,
        779.5294598772635
      ],
      "obj_id": 1
    },
    {
      "cam_R_m2c": [
        0.39045500724756693,
        -0.25383805739548276,
        -0.8849360072628446,
        0.3007398712428947,
        -0.8733325690479479,
        0.38320330474480097,
        -0.8701150147978055,
        -0.41575878127966986,
        -0.2646579990413431
      ],
      "cam_t_m2c": [
        -67.87515560946098,
        -31.33914766661314,
        784.7920563129807
      ],
      "obj_id": 1
    },
    {
      "cam_R_m2c": [
        -0.4774035698711909,
        -0.5909799954083393,
        0.6502530896470311,
        -0.22139799796633108,
        0.7970569994458314,
        0.5618559488042588,
        -0.850334202985315,
        0.12426693114886908,
        -0.5113597668360779
      ],
      "cam_t_m2c": [
        -24.813161509465566,
        -61.10370618492558,
        789.5424080015148
      ],
      "obj_id": 4
    },
    {
      "cam_R_m2c": [
        0.9959268561549768,
        0.09006220408680647,
        0.004369007175778779,
        0.08713692551754175,
        -0.9488581049896758,
        -0.30343776584569093,
        -0.02318268885730223,
        0.30258287822141666,
        -0.9528407657579298
      ],
      "cam_t_m2c": [
        -38.68178589958312,
        -31.18102542568341,
        755.6191142088524
      ],
      "obj_id": 4
    },
    {
      "cam_R_m2c": [
        0.9124769432351441,
        -0.40883304013054006,
        0.01555504641811697,
        -0.3876607176517791,
        -0.8761256462940669,
        -0.2865694609241111,
        0.1307874373910603,
        0.2554582389990641,
        -0.9579327092504352
      ],
      "cam_t_m2c": [
        10.23125444832013,
        17.23984762754038,
        748.8031773516448
      ],
      "obj_id": 7
    },
    {
      "cam_R_m2c": [
        -0.9527091719940378,
        -0.3038133270236992,
        -0.0065803741882314104,
        -0.2857532816244008,
        0.9030233205301442,
        -0.3207693646195196,
        0.10339629800193087,
        -0.30371989739550487,
        -0.9471339787716321
      ],
      "cam_t_m2c": [
        9.462760384594397,
        -101.33424777464249,
        789.6065487102079
      ],
      "obj_id": 9
    }
  ],
  "190": [
    {
      "cam_R_m2c": [
        0.5306742399143257,
        0.8474540712276765,
        0.014369963500999524,
        0.6785050542772826,
        -0.41459611448510886,
        -0.6064157985048232,
        -0.5079517243547615,
        0.3315595559215261,
        -0.7950175879523848
      ],
      "cam_t_m2c": [
        114.35845653102889,
        -3.1033756171812596,
        760.1827855675045
      ],
      "obj_id": 1
    },
    {
      "cam_R_m2c": [
        -0.7155808509275693,
        -0.6983944626839681,
        -0.013757999283810609,
        0.5428932753374999,
        -0.5684307070823719,
        0.6181849085962863,
        -0.43955756925504563,
        0.4348920245158454,
        0.7859120263589949
      ],
      "cam_t_m2c": [
        106.44708346028467,
        -35.46580994647542,
        783.016570230517
      ],
      "obj_id": 1
    },
    {
      "cam_R_m2c": [
        -0.6544712390836884,
        0.6802452813964642,
        0.33005123193315133,
        -0.5414671972494369,
        -0.11700819695810073,
        -0.8325391925175226,
        -0.5277124772453128,
        -0.7235848978156924,
        0.444909085437338
      ],
      "cam_t_m2c": [
        61.61334277427424,
        -15.393582414192249,
        782.9484815892328
      ],
      "obj_id": 1
    },
    {
      "cam_R_m2c": [
        0.3426026685048179,
        -0.09522664932886454,
        -0.934641837365063,
        -0.8093108857985194,
        -0.5351492067226177,
        -0.24213708363802403,
        -0.4771150596239029,
        0.8393727275024742,
        -0.26041180934916147
      ],
      "cam_t_m2c": [
        50.8730187763768,
        23.716848939077934,
        748.7594445471398
      ],
      "obj_id": 4
    },
    {
      "cam_R_m2c": [
        -0.7730725372790623,
        0.6343176743075334,
        -6.108592852777519e-05,
        0.5007229495525658,
        0.6101950318527566,
        -0.6139525379716486,
        -0.38940386612112204,
        -0.4746603221692159,
        -0.7893426753112814
      ],
      "cam_t_m2c": [
        34.61608691482663,
        -21.944085041135605,
        754.4540016682845
      ],
      "obj_id": 4
    },
    {
      "cam_R_m2c": [
        -0.3677676051791205,
        0.9298758035550904,
        0.008834652426890422,
        0.7467789737382278,
        0.30098694707464296,
        -0.5930659177793548,
        -0.5541368737559141,
        -0.21151271205705022,
        -0.8051051780767018
      ],
      "cam_t_m2c": [
        -35.91174445096705,
        -17.002466023291372,
        758.8670448187577
      ],
      "obj_id": 7
    },
    {
      "cam_R_m2c": [
        0.892802953872795,
        -0.4495392408085838,
        0.028590479763113054,
        -0.34988568307567947,
        -0.7320618543611285,
        -0.5845208416522419,
        0.2836952706153383,
        0.5118584608313168,
        -0.810874564613341
      ],
      "cam_t_m2c": [
        55.805766041482315,
        56.256220918673876,
        710.5550020081865
      ],
      "obj_id": 9
    }
  ],
  "195": [
    {
      "cam_R_m2c": [
        0.10200514393992174,
        0.994780916402837,
        0.002604975997844644,
        0.7833383616528096,
        -0.07870846297195376,
        -0.6165928253221334,
        -0.6131694101749645,
        0.06493605676503814,
        -0.7872782003306136
      ],
      "cam_t_m2c": [
        97.73427722150625,
        37.74695402306259,
        727.7026492588103
      ],
      "obj_id": 1
    },
    {
      "cam_R_m2c": [
        -0.9481888242514039,
        -0.31721128161442036,
        -0.017772016855757702,
        0.2438599802142688,
        -0.7625077427217154,
        0.5992620518792541,
        -0.20364376198334788,
        0.5638794016139708,
        0.8003559307478175
      ],
      "cam_t_m2c": [
        106.04083213126894,
        6.567169067042672,
        752.0115303304177
      ],
      "obj_id": 1
    },
    {
      "cam_R_m2c": [
        -0.5445475084064489,
        0.48113608803290875,
        0.6870058052777702,
        -0.7638259352004919,
        0.05387821064224839,
        -0.6431701263741942,
        -0.3464666925009551,
        -0.8749890551089059,
        0.3381647101601744
      ],
      "cam_t_m2c": [
        58.961262772076836,
        7.5634829229050045,
        764.2221889368608
      ],
      "obj_id": 1
    },
    {
      "cam_R_m2c": [
        0.4374766082434303,
        0.30164003374286147,
        -0.8471295306377946,
        -0.6833729886888165,
        -0.5007962263762068,
        -0.5312299030401644,
        -0.584479138370733,
        0.8113055667863207,
        -0.012953861600352405
      ],
      "cam_t_m2c": [
        27.933415557394433,
        40.2834784678073,
        736.8729004418
      ],
      "obj_id": 4
    },
    {
      "cam_R_m2c": [
        -0.9704509452659035,
        0.2412566511067527,
        -0.0045927292678423996,
        0.19512593708404513,
        0.7734120941813928,
        -0.6031254574641471,
        -0.14195576532831083,
        -0.5861995303284275,
        -0.7976334071809089
      ],
      "cam_t_m2c": [
        28.90211942801665,
        -8.49735124106621,
        742.4616756102553
      ],
      "obj_id": 4
    },
    {
      "cam_R_m2c": [
        -0.7079622135572043,
        0.7060895583953833,
        0.015098625307006178,
        0.5565412004282893,
        0.5709247620432835,
        -0.603578930452673,
        -0.4348006268689713,
        -0.4189078935023992,
        -0.7971605666877508
      ],
      "cam_t_m2c": [
        -32.96742921620508,
        -25.713748740451273,
        764.8756265748706
      ],
      "obj_id": 7
    },
    {
      "cam_R_m2c": [
        0.9985500354633806,
        -0.04771494285230558,
        0.024940612652247934,
        -0.02436744871243233,
        -0.813603153628394,
        -0.5809103618906549,
        0.04800971878727471,
        0.5794599996336264,
        -0.813585618880891
      ],
      "cam_t_m2c": [
        10.65261191113683,
        71.85348875921287,
        698.0845568111662
      ],
      "obj_id": 9
    }
  ],
  "2": [
    {
      "cam_R_m2c": [
        -0.94625119164656,
        -0.32340376091428397,
        -0.004413316551496637,
        -0.3066764953187101,
        0.9014765514938725,
        -0.30543435445412725,
        0.10275711650162905,
        -0.2876640649902015,
        -0.9522033551210538
      ],
      "cam_t_m2c": [
        -115.51446132560105,
        70.89466493540064,
        740.0251458574576
      ],
      "obj_id": 1
    },
    {
      "cam_R_m2c": [
        0.10240105648798899,
        0.9947088096303991,
        0.00831918248370713,
        -0.9558193948289289,
        0.09607416355737138,
        0.2778121916881312,
        0.27554289735417575,
        -0.036399914551810963,
        0.9605998249962158
      ],
      "cam_t_m2c": [
        -84.40738000675037,
        95.35657097727135,
        732.4133064611085
      ],
      "obj_id": 1
    },
    {
      "cam_R_m2c": [
        0.5912296642357531,
        -0.7288313238198,
        0.3453305265567578,
        -0.5270869299431176,
        -0.025097139875533067,
        0.8494410423638186,
        -0.6104322982994628,
        -0.684233758133096,
        -0.3989955432164214
      ],
      "cam_t_m2c": [
        -56.84417074722321,
        60.304502624707894,
        756.4430486017332
      ],
      "obj_id": 1
    },
    {
      "cam_R_m2c": [
        -0.00695397466320176,
        0.6655580178653834,
        0.7463142442991111,
        0.18259857277490277,
        0.734629143519394,
        -0.6534358154026667,
        -0.9831633932174845,
        0.13173189479990083,
        -0.12663853858306545
      ],
      "cam_t_m2c": [
        -82.27673088862343,
        15.612092466925631,
        766.1016757234416
      ],
      "obj_id": 4
    },
    {
      "cam_R_m2c": [
        0.20163571320082296,
        -0.9794547776685489,
        -0.0034888221145085675,
        -0.9405957897115492,
        -0.19264017643646247,
        -0.2795888039205255,
        0.27317241989952407,
        0.05965666621677468,
        -0.9601139414622246
      ],
      "cam_t_m2c": [
        -45.95991398673811,
        25.71600466256282,
        739.3558918861306
      ],
      "obj_id": 4
    },
    {
      "cam_R_m2c": [
        -0.3263820376546182,
        -0.9451428972320303,
        -0.013433691705539604,
        -0.9046065890624541,
        0.3164426881016295,
        -0.2855722965628233,
        0.27415755301365935,
        -0.08105341422066745,
        -0.9582634560028784
      ],
      "cam_t_m2c": [
        6.090470369018215,
        -14.495639437737763,
        759.1223468214997
      ],
      "obj_id": 7
    },
    {
      "cam_R_m2c": [
        -0.38256166478352666,
        0.9226672443610543,
        -0.04829618825945434,
        0.8921460523336494,
        0.3553033714056464,
        -0.27899016315293623,
        -0.2402552142848389,
        -0.14981818004716618,
        -0.9590791527654339
      ],
      "cam_t_m2c": [
        -117.68313909406179,
        -22.761073311148902,
        766.3656193124427
      ],
      "obj_id": 9
    }
  ],
  "206": [
    {
      "cam_R_m2c": [
        -0.7619671489656268,
        0.647210442293467,
        0.02292155981858608,
        0.502615782907482,
        0.6133126611894223,
        -0.6092827865903713,
        -0.4083918113121056,
        -0.4527323502422402,
        -0.7926215865041748
      ],
      "cam_t_m2c": [
        -0.8653997707426531,
        84.9011955114812,
        691.3703289695759
      ],
      "obj_id": 1
    },
    {
      "cam_R_m2c": [
        -0.8146133227923548,
        0.5799857208726918,
        -0.004731569843970616,
        -0.4690566191792155,
        -0.6539667377344722,
        0.5935604068410456,
        0.341162003370616,
        0.4857410501764012,
        0.8047754701605236
      ],
      "cam_t_m2c": [
        36.26054013758917,
        73.82109419006467,
        699.9967572497999
      ],
      "obj_id": 1
    },
    {
      "cam_R_m2c": [
        -0.0016966848712448876,
        -0.20318448361486371,
        0.979139353793378,
        -0.9819959919165806,
        0.18529414451793721,
        0.03674930519265039,
        -0.1888955696381142,
        -0.9614476688014677,
        -0.19984064001208812
      ],
      "cam_t_m2c": [
        15.115297604152932,
        46.18617496465038,
        735.1985259283284
      ],
      "obj_id": 1
    },
    {
      "cam_R_m2c": [
        0.428408502990693,
        0.8948443827578709,
        -0.12538088648219292,
        -0.33791967399512157,
        0.029973993753061257,
        -0.9406978346080123,
        -0.8380192882208557,
        0.44537115390561033,
        0.3152263235174105
      ],
      "cam_t_m2c": [
        -38.921442635104896,
        43.86809992951017,
        732.2527949682392
      ],
      "obj_id": 4
    },
    {
      "cam_R_m2c": [
        -0.7553586800752623,
        -0.6553119173134649,
        0.0004840435295630774,
        -0.5186807477426328,
        0.5974163093158426,
        -0.6116082038165663,
        0.40050465788534473,
        -0.46223412194958646,
        -0.7911605791862831
      ],
      "cam_t_m2c": [
        -3.654084375900735,
        9.776513945017141,
        727.1993374105483
      ],
      "obj_id": 4
    },
    {
      "cam_R_m2c": [
        -0.9782888506244539,
        -0.20659283231647607,
        0.01646224229559981,
        -0.17409626997823105,
        0.7761108562542199,
        -0.6060882603335989,
        0.11243694369915426,
        -0.5957948099120373,
        -0.7952269528861762
      ],
      "cam_t_m2c": [
        -15.811811814018144,
        -38.353724336433906,
        775.362222794325
      ],
      "obj_id": 7
    },
    {
      "cam_R_m2c": [
        0.611666576472514,
        0.7910485355334079,
        0.010339293028985638,
        0.6495897656848959,
        -0.49474035624273915,
        -0.577291671164358,
        -0.4515500537572012,
        0.35982591799855995,
        -0.8164724583341014
      ],
      "cam_t_m2c": [
        -86.83378123487437,
        46.41655861598483,
        715.3389327085991
      ],
      "obj_id": 9
    }
  ],
  "229": [
    {
      "cam_R_m2c": [
        -0.3294182238636802,
        -0.9441769928467417,
        0.003554866636232842,
        -0.643226650506229,
        0.2216586947395153,
        -0.7328897335430288,
        0.6911902232697211,
        -0.24371402129284894,
        -0.6803385028873986
      ],
      "cam_t_m2c": [
        -126.68356010081506,
        -52.23738214726473,
        798.830431574902
      ],
      "obj_id": 1
    },
    {
      "cam_R_m2c": [
