{
    "2": [
        {
            "cam_R_m2c": [
                -0.9453104650377696,
                -0.28551490860173717,
                -0.15770273751237596,
                -0.2207530548465231,
                0.9159664797266626,
                -0.33507324306371,
                0.24011878087986988,
                -0.2819347880924984,
                -0.9289007590218965
            ],
            "cam_t_m2c": [
                -117.47691627442951,
                70.65464482216582,
                737.6792875528349
            ],
            "obj_id": 1
        },
        {
            "cam_R_m2c": [
                0.20453494675852463,
                0.9696958814739277,
                0.13362685904768576,
                -0.9471483812604184,
                0.16159033963647082,
                0.2771264886031458,
                0.24713554906889917,
                -0.18324648489841583,
                0.9514965151202924
            ],
            "cam_t_m2c": [
                -84.11803300297363,
                98.93411144915139,
                730.8639605684145
            ],
            "obj_id": 1
        },
        {
            "cam_R_m2c": [
                0.48805207842668064,
                -0.8044393616692584,
                0.338649185601386,
                -0.6362142135386096,
                -0.062261634307271975,
                0.7689964522188718,
                -0.5975260510063071,
                -0.5907635762894812,
                -0.5421825210175737
            ],
            "cam_t_m2c": [
                -56.79899513127197,
                63.847676867432725,
                758.5337140149807
            ],
            "obj_id": 1
        },
        {
            "cam_R_m2c": [
                0.1438814132188675,
                0.6004235591487566,
                0.7866323655067728,
                0.21014131980578046,
                0.7582365755358556,
                -0.617185960290943,
                -0.9670261728342164,
                0.25410547199796135,
                -0.01707769030405381
            ],
            "cam_t_m2c": [
                -79.80644647294076,
                14.211985558161054,
                764.363962176728
            ],
            "obj_id": 4
        },
        {
            "cam_R_m2c": [
                0.07435772157182037,
                -0.9896502425088659,
                0.12273606216386965,
                -0.9633244114132175,
                -0.10310464051819626,
                -0.24774195398241322,
                0.25783246318662995,
                -0.09981306279778338,
                -0.9610206215420497
            ],
            "cam_t_m2c": [
                -45.821810826722704,
                23.112709679731008,
                741.3074224984481
            ],
            "obj_id": 4
        },
        {
            "cam_R_m2c": [
                -0.18369181903156845,
                -0.978771219772958,
                -0.09091196208803866,
                -0.9221637125301635,
                0.20361458699358534,
                -0.3288704904831071,
                0.3403998858206114,
                0.023424907802497504,
                -0.9399893974861039
            ],
            "cam_t_m2c": [
                3.55768434497167,
                -13.333391892465873,
                761.0946168862059
            ],
            "obj_id": 7
        },
        {
            "cam_R_m2c": [
                -0.5166116677504022,
                0.8559528554627969,
                -0.021397705469752684,
                0.792588680338155,
                0.46861542453151395,
                -0.39013250418220574,
                -0.3239076142845085,
                -0.21850654392470378,
                -0.920510522257572
            ],
            "cam_t_m2c": [
                -120.199588892024,
                -22.78988187333277,
                762.3735322363515
            ],
            "obj_id": 9
        }
    ],
    "13": [
        {
            "cam_R_m2c": [
                -0.19095148425332725,
                -0.9813284606750785,
                0.0230570294188546,
                -0.8869946286241548,
                0.16243923912412175,
                -0.4322670074809751,
                0.4204506854707923,
                -0.10299320685559489,
                -0.901450518249039
            ],
            "cam_t_m2c": [
                -125.18309329444556,
                -41.86982114671303,
                775.8373449435084
            ],
            "obj_id": 1
        },
        {
            "cam_R_m2c": [
                0.8682539193126759,
                0.49576531497655685,
                -0.018749187331140053,
                -0.490012384122593,
                0.8628648000308442,
                0.12390718933234893,
                0.07760652016927672,
                -0.09839550020678482,
                0.9921163757145557
            ],
            "cam_t_m2c": [
                -132.21661322499648,
                1.0097330899721806,
                764.2023365800046
            ],
            "obj_id": 1
        },
        {
            "cam_R_m2c": [
                0.68190239173998,
                -0.4137699904696145,
                -0.6031610456970229,
                0.11646603152733993,
                -0.752676271960491,
                0.6480084036619626,
                -0.7221111881521128,
                -0.5121256950903125,
                -0.4650612855020983
            ],
            "cam_t_m2c": [
                -78.06459435228344,
                2.3210986826592857,
                772.9931532507721
            ],
            "obj_id": 1
        },
        {
            "cam_R_m2c": [
                -0.2671018048721216,
                -0.26956610708910783,
                0.9251975239356489,
                -0.00828525122595856,
                0.9606862540940494,
                0.27751413479877035,
                -0.9636322713879483,
                0.06645901233022453,
                -0.2588345412248351
            ],
            "cam_t_m2c": [
                -59.048207318368895,
                -42.13804697991681,
                782.0300602517696
            ],
            "obj_id": 4
        },
        {
            "cam_R_m2c": [
                0.9174459848090223,
                -0.37173834888867885,
                -0.1417851221622297,
                -0.3972461519427353,
                -0.8360999493021607,
                -0.37832944178218575,
                0.022092790780391672,
                0.40342054793153875,
                -0.9147476383286602
            ],
            "cam_t_m2c": [
                -52.30403791733281,
                -10.321430613759603,
                746.5165220451582
            ],
            "obj_id": 4
        },
        {
            "cam_R_m2c": [
                0.6611660082880678,
                -0.7469904183025158,
                -0.0697452504895112,
                -0.6999658486853356,
                -0.5807317564382991,
                -0.4156912390615667,
                0.2700139539629269,
                0.3236604621919768,
                -0.906827339141942
            ],
            "cam_t_m2c": [
                15.097712104688187,
                10.614578421997955,
                753.3566203158381
            ],
            "obj_id": 7
        },
        {
            "cam_R_m2c": [
                -0.9990927644044875,
                0.03769609775445396,
                0.019806884253167397,
                0.028754184595607964,
                0.940293917129456,
                -0.3391479800901558,
                -0.031408548285283826,
                -0.33827072579320633,
                -0.940524204956335
            ],
            "cam_t_m2c": [
                -50.03321393653219,
                -94.51654081343608,
                784.9074424991659
            ],
            "obj_id": 9
        }
    ],
    "19": [
        {
            "cam_R_m2c": [
                0.17838559893336944,
                -0.9709586288271096,
                0.15943168859810358,
                -0.9163030339504514,
                -0.22296955992152245,
                -0.33267448773587605,
                0.3585619585245994,
                -0.0867435482825311,
                -0.9294666818857542
            ],
            "cam_t_m2c": [
                -83.94580702828756,
                -86.95547864410547,
                788.8226296887693
            ],
            "obj_id": 1
        },
        {
            "cam_R_m2c": [
                0.9951831492307268,
                -0.07374466919759835,
                -0.06459715549090671,
                0.09457421042279923,
                0.8957177046235003,
                0.4344473002657692,
                0.025822711910101336,
                -0.43846415116971726,
                0.8983773436807049
            ],
            "cam_t_m2c": [
                -106.96207735323568,
                -56.90463755606709,
                780.6861435021667
            ],
            "obj_id": 1
        },
        {
            "cam_R_m2c": [
                0.43285856639709264,
                -0.1428683458457215,
                -0.8900689133603378,
                0.22216179246403736,
                -0.940000597930753,
                0.25892461153790547,
                -0.8736574393217833,
                -0.30981673840916246,
                -0.37514762585374606
            ],
            "cam_t_m2c": [
                -71.43237918336217,
                -29.426377019831936,
                784.2381375479523
            ],
            "obj_id": 1
        },
        {
            "cam_R_m2c": [
                -0.5104663394246919,
                -0.673434395239536,
                0.5347062879819248,
                -0.3771918442452655,
                0.7341686006211402,
                0.56455447052201,
                -0.7727547655919943,
                0.08649894037471019,
                -0.6287825016228549
            ],
            "cam_t_m2c": [
                -24.686376860948982,
                -63.23406517942248,
                786.9226606585938
            ],
            "obj_id": 4
        },
        {
            "cam_R_m2c": [
                0.9616383744186019,
                0.2742215073644412,
                0.0073988125952578025,
                0.26192529087019,
                -0.9098326827562421,
                -0.32186751375829,
                -0.0815313590599053,
                0.31145843460995226,
                -0.9467553284848844
            ],
            "cam_t_m2c": [
                -37.7936849731211,
                -28.49967154356313,
                752.2916804644624
            ],
            "obj_id": 4
        },
        {
            "cam_R_m2c": [
                0.8579341683647398,
                -0.5060752682443518,
                -0.0885288099766761,
                -0.5129551172384754,
                -0.8341348062474959,
                -0.20271974881615573,
                0.028746620262725238,
                0.21933185483859538,
                -0.9752263553141457
            ],
            "cam_t_m2c": [
                6.792120116955294,
                19.352818603217575,
                746.6717903234809
            ],
            "obj_id": 7
        },
        {
            "cam_R_m2c": [
                -0.9378648919939044,
                -0.33048563590631047,
                -0.10577944182680526,
                -0.30571460428714986,
                0.9311619294905327,
                -0.198683649235087,
                0.1641600557139182,
                -0.15400044382891437,
                -0.9743380201757952
            ],
            "cam_t_m2c": [
                5.817211889077244,
                -99.11854216347118,
                792.1834422818674
            ],
            "obj_id": 9
        }
    ],
    "30": [
        {
            "cam_R_m2c": [
                0.8930151166294695,
                -0.425414848943298,
                -0.14678390263353872,
                -0.44990660668708005,
                -0.851470081230569,
                -0.2694124246814595,
                -0.010369638678620719,
                0.3066284969678424,
                -0.9517731729166344
            ],
            "cam_t_m2c": [
                27.938727572354466,
                -110.71155505962236,
                798.5161378319738
            ],
            "obj_id": 1
        },
        {
            "cam_R_m2c": [
                0.41716108896334936,
                -0.9085275236160646,
                0.023530663994215325,
                0.8499923184547847,
                0.3991872162278674,
                0.34374826619665244,
                -0.3216979207733604,
                -0.12339791792924142,
                0.9387673660753069
            ],
            "cam_t_m2c": [
                -10.565424270587267,
                -108.8745136078919,
                794.1373037371951
            ],
            "obj_id": 1
        },
        {
            "cam_R_m2c": [
                -0.08999166636911957,
                0.4269685548115732,
                -0.8997769408636709,
                0.4981826474225424,
                -0.7629957422056923,
                -0.41188817459497395,
                -0.8623899067906414,
                -0.4853199680390964,
                -0.14404515960365574
            ],
            "cam_t_m2c": [
                -8.068125832134777,
                -56.665530336094896,
                790.4380530352863
            ],
            "obj_id": 1
        },
        {
            "cam_R_m2c": [
                -0.43376235248831135,
                -0.8698323578637941,
                -0.23503452884353526,
                -0.6305763462176397,
                0.10672926393697986,
                0.7687539395872327,
                -0.64360251593048,
                0.4816635902664264,
                -0.5947913125868857
            ],
            "cam_t_m2c": [
                42.08002033186885,
                -43.62709408388355,
                781.4617996719105
            ],
            "obj_id": 4
        },
        {
            "cam_R_m2c": [
                0.5846760204574889,
                0.8108144856033136,
                0.027074463385258592,
                0.8013930388853665,
                -0.5720476637893079,
                -0.17473120217068097,
                -0.12618681135251741,
                0.12385870652539885,
                -0.9842442388702418
            ],
            "cam_t_m2c": [
                -3.7321246698440924,
                -38.22920545212842,
                759.1174211526287
            ],
            "obj_id": 4
        },
        {
            "cam_R_m2c": [
                0.7882638964205358,
                0.6146529725522686,
                -0.02900099131247372,
                0.6018157884524407,
                -0.7799125566460409,
                -0.17191404001097377,
                -0.12828558377957802,
                0.11806070547748083,
                -0.9846853541506911
            ],
            "cam_t_m2c": [
                -11.837464552993257,
                29.67219386503668,
                742.7530015069166
            ],
            "obj_id": 7
        },
        {
            "cam_R_m2c": [
                -0.3985204812048871,
                -0.9047013983129834,
                0.1506519315148761,
                -0.8723128611885519,
                0.3231501535098414,
                -0.3669394298816828,
                0.28328766260274285,
                -0.27764868606989546,
                -0.9179652362388436
            ],
            "cam_t_m2c": [
                95.21791974118315,
                -40.28263563182058,
                772.0863898911608
            ],
            "obj_id": 9
        }
    ],
    "35": [
        {
            "cam_R_m2c": [
                0.9778587538214496,
                0.1408460434114616,
                0.15477480160900955,
                0.18616134230012413,
                -0.9232989476579426,
                -0.33594990570230887,
                0.0955863731400222,
                0.3573239586014765,
                -0.9290765334463219
            ],
            "cam_t_m2c": [
                70.63411440629936,
                -85.62123594950619,
                785.9347757891145
            ],
            "obj_id": 1
        },
        {
            "cam_R_m2c": [
                0.18432630024999747,
                -0.9699927115424042,
                0.15855136608726608,
                0.9464812215801659,
                0.21866313860921546,
                0.23740039947937083,
                -0.26494538181319455,
                0.10630685055725614,
                0.958385773716016
            ],
            "cam_t_m2c": [
                33.04051711591479,
                -100.76683920636475,
                790.5964345570762
            ],
            "obj_id": 1
        },
        {
            "cam_R_m2c": [
                -0.35971283981045554,
                0.7270710965477059,
                -0.5847861581653282,
                0.34254392760142827,
                -0.4800728244308038,
                -0.8075845865923201,
                -0.8679115758262038,
                -0.4908139776036636,
                -0.07636598332675193
            ],
            "cam_t_m2c": [
                24.130124132285562,
                -53.16989847344859,
                788.1291967532063
            ],
            "obj_id": 1
        },
        {
            "cam_R_m2c": [
                -0.125543817550036,
                -0.7372242372101776,
                -0.6638823392606497,
                -0.7882584729494583,
                -0.3322027679438668,
                0.5179665836072063,
                -0.6024018288168399,
                0.5883381346396419,
                -0.5394168220728796
            ],
            "cam_t_m2c": [
                61.0881162976945,
                -14.441023347024071,
                777.958727536471
            ],
            "obj_id": 4
        },
        {
            "cam_R_m2c": [
                0.10707050215316967,
                0.9831764692446511,
                0.1479880977246962,
                0.9757799248128339,
                -0.07535373478291235,
                -0.20536429943663612,
                -0.1907573580066933,
                0.16639235961677842,
                -0.9674325872141472
            ],
            "cam_t_m2c": [
                19.774139911768287,
                -28.813366808652493,
                757.4118420273182
            ],
            "obj_id": 4
        },
        {
            "cam_R_m2c": [
                0.4092401950451862,
                0.910814443511153,
                0.05422252213677397,
                0.8868599975923291,
                -0.3831007062751621,
                -0.25828749532062234,
                -0.2144787442622813,
                0.15378912551996735,
                -0.9645456294075773
            ],
            "cam_t_m2c": [
                -21.933061225983284,
                28.697424177374742,
                745.198053518525
            ],
            "obj_id": 7
        },
        {
            "cam_R_m2c": [
                0.22242092702986674,
                -0.9593395965864777,
                0.17377299542580288,
                -0.942201879271651,
                -0.25731565492504865,
                -0.21457728558541933,
                0.25056647044052555,
                -0.11600297377304901,
                -0.961124513955962
            ],
            "cam_t_m2c": [
                98.14378288729496,
                2.9586909597705047,
                758.0657220430195
            ],
            "obj_id": 9
        }
    ],
    "43": [
        {
            "cam_R_m2c": [
                0.7022339207143438,
                0.690315677445097,
                0.1741606181993275,
                0.7094075373727704,
                -0.6578306678376968,
                -0.2529819482830875,
                -0.06006994374617029,
                0.30120329625845293,
                -0.9516659837819534
            ],
            "cam_t_m2c": [
                113.22815690549363,
                -15.059678088825093,
                764.1719860020794
            ],
            "obj_id": 1
        },
        {
            "cam_R_m2c": [
                -0.426728864594698,
                -0.8968087236273683,
                0.11677468296506352,
                0.8945875282360918,
                -0.39962499792697315,
                0.20003321081587286,
                -0.1327255129826239,
                0.18982579116334497,
                0.9728053881679748
            ],
            "cam_t_m2c": [
                94.17584027039885,
                -47.949562614657545,
                773.3205053693789
            ],
            "obj_id": 1
        },
        {
            "cam_R_m2c": [
                -0.7076373785565082,
                0.673961910613407,
                0.21219011557801915,
                -0.2826226828220061,
                0.005254727171238948,
                -0.9592167427692583,
                -0.6475902517419984,
                -0.7387477960809058,
                0.18675886736911965
            ],
            "cam_t_m2c": [
                57.88209711161489,
                -20.685843386589326,
                783.2274142732683
            ],
            "obj_id": 1
        },
        {
            "cam_R_m2c": [
                0.14670702084353787,
                -0.26030768358814593,
                -0.9543148233180301,
                -0.5516547230937361,
                -0.8223243260986199,
                0.13949909720401013,
                -0.8210688869684005,
                0.5059872905254891,
                -0.2642402617044987
            ],
            "cam_t_m2c": [
                61.53305427938786,
                28.445175421535183,
                762.7480467936442
            ],
            "obj_id": 4
        },
        {
            "cam_R_m2c": [
                -0.4821255341848899,
                0.8758019807192446,
                -0.022928437895372435,
                0.8649878465821792,
                0.47169048267282593,
                -0.17118527456549965,
                -0.13910927461790965,
                -0.10236632073815082,
                -0.9849719895935948
            ],
            "cam_t_m2c": [
                35.59213846879131,
                -5.842879402181743,
                747.8016252853453
            ],
            "obj_id": 4
        },
        {
            "cam_R_m2c": [
                -0.09898407966182932,
                0.9936043766899151,
                -0.054335512754795944,
                0.9872077208334264,
                0.09119451856649378,
                -0.13078507062577807,
                -0.12499385129484138,
                -0.06658669719226423,
                -0.9899206276926629
            ],
            "cam_t_m2c": [
                -34.9932291489465,
                11.904926995470642,
                747.3888819439551
            ],
            "obj_id": 7
        },
        {
            "cam_R_m2c": [
                0.8230768179671826,
                -0.5515596501196809,
                0.1353757783470128,
                -0.4955849022152712,
                -0.8139467440482708,
                -0.3031274372496838,
                0.27738145015830823,
                0.18240766948353515,
                -0.9432852928641681
            ],
            "cam_t_m2c": [
                75.35622587581291,
                70.60062406111109,
                740.9051190681864
            ],
            "obj_id": 9
        }
    ],
    "49": [
        {
            "cam_R_m2c": [
                0.172516794806218,
                0.9793960482502737,
                -0.10498301534145123,
                0.9048093780882969,
                -0.19969218219173157,
                -0.37608793526516626,
                -0.3893034012130153,
                -0.030107527205268204,
                -0.9206177165443237
            ],
            "cam_t_m2c": [
                104.5098107554221,
                52.63375949273874,
                745.9563701708545
            ],
            "obj_id": 1
        },
        {
            "cam_R_m2c": [
                -0.9023831908767821,
                -0.4101007634149043,
                0.13237086549322077,
                0.4304485553626255,
                -0.8723729894171939,
                0.2316862748089335,
                0.020461418955539552,
                0.26604869425584826,
                0.9637426912836137
            ],
            "cam_t_m2c": [
                110.50938940326765,
                7.65416364502535,
                760.9471548237027
            ],
            "obj_id": 1
        },
        {
            "cam_R_m2c": [
                -0.5411611230295138,
                0.7004306810620459,
                0.4653399090866697,
                -0.43021964911533395,
                0.2448588929622334,
                -0.868881082520929,
                -0.7225344217199354,
                -0.6704034884196756,
                0.16883145364822666
            ],
            "cam_t_m2c": [
                57.472455037531574,
                18.055136446971737,
                771.343629029762
            ],
            "obj_id": 1
        },
        {
            "cam_R_m2c": [
                0.39258690573069965,
                0.2743843609669473,
                -0.8778318513196219,
                -0.3646357127385751,
                -0.8298065539624822,
                -0.42244647724737283,
                -0.8443436400267882,
                0.48593651556423273,
                -0.2257214319189501
            ],
            "cam_t_m2c": [
                35.33900953049507,
                57.02962297193442,
                752.6647027787042
            ],
            "obj_id": 4
        },
        {
            "cam_R_m2c": [
                -0.8712267654978014,
                0.49079949844184795,
                0.00892207575630174,
                0.4393829109751806,
                0.7878025139062724,
                -0.4316352817968282,
                -0.21887583871169364,
                -0.37213201123158607,
                -0.9020043950280151
            ],
            "cam_t_m2c": [
                29.295457218444227,
                10.75925838789466,
                744.1570104263752
            ],
            "obj_id": 4
        },
        {
            "cam_R_m2c": [
                -0.5908539913892537,
                0.7997798055864901,
                -0.10603699920265869,
                0.7566543335475571,
                0.5037328145463095,
                -0.4168052324762238,
                -0.2799385978716581,
                -0.3265040551824641,
                -0.9027901758205061
            ],
            "cam_t_m2c": [
                -32.90832459793855,
                -0.05505148896206819,
                752.2883663279044
            ],
            "obj_id": 7
        },
        {
            "cam_R_m2c": [
                0.9878013903564934,
                -0.14961200235589964,
                -0.043181850461793,
                -0.15428880283808866,
                -0.9028460038421987,
                -0.40132678502462316,
                0.02105736085435133,
                0.4030936995964791,
                -0.9149167681915483
            ],
            "cam_t_m2c": [
                32.14271887412405,
                106.17479705626386,
                728.2959143546307
            ],
            "obj_id": 9
        }
    ],
    "55": [
        {
            "cam_R_m2c": [
                -0.36787153615882334,
                0.9289307495836286,
                -0.04192435045646086,
                0.8612505865829295,
                0.3233769298835524,
                -0.3920128997930784,
                -0.35059528764951703,
                -0.18031774031620676,
                -0.9190043509126254
            ],
            "cam_t_m2c": [
                66.00327214712358,
                94.67796783289334,
                731.293560712832
            ],
            "obj_id": 1
        },
        {
            "cam_R_m2c": [
                -0.9880503765443642,
                -0.032108680104679585,
                0.15074806623308395,
                0.08394324974714348,
                -0.9323794771165682,
                0.35159820933039854,
                0.12926507097255582,
                0.36005085898425493,
                0.9239342353571278
            ],
            "cam_t_m2c": [
                93.24440701622424,
                67.5498482731972,
                743.3062209741692
            ],
            "obj_id": 1
        },
        {
            "cam_R_m2c": [
                -0.3724701992601586,
                0.08252020622389954,
                0.9243677947157768,
                -0.7646251587870396,
                0.5371871898814367,
                -0.35605824933704605,
                -0.5259413830468731,
                -0.8394166098390929,
                -0.1369894149115688
            ],
            "cam_t_m2c": [
                47.72219218328562,
                49.367002979845424,
                755.5645425018548
            ],
            "obj_id": 1
        },
        {
            "cam_R_m2c": [
                0.49449581703541257,
                0.6994805661072779,
                -0.5159459837698719,
                -0.2535860888306332,
                -0.4516720288030846,
                -0.8553863164298429,
                -0.8313654260929642,
                0.5538219103816426,
                -0.04597182018662132
            ],
            "cam_t_m2c": [
                1.3541881725624147,
                72.7709187585399,
                746.5516087879712
            ],
            "obj_id": 4
        },
        {
            "cam_R_m2c": [
                -0.9904387742888302,
                -0.08957369891958049,
                -0.1049145609885802,
                -0.07200613606715177,
                0.9843775243611771,
                -0.16067083194968076,
                0.11766742991352033,
                -0.15158007970088783,
                -0.9814166191862054
            ],
            "cam_t_m2c": [
                18.218082302884646,
                30.638065021586414,
                740.3423931871231
            ],
            "obj_id": 4
        },
        {
            "cam_R_m2c": [
                -0.9364973693760362,
                0.3502828420955714,
                -0.01655506636052816,
                0.32056353474752436,
                0.8359924463167474,
                -0.4453706786467496,
                -0.14216567628050672,
                -0.42239523526870704,
                -0.8951936383494035
            ],
            "cam_t_m2c": [
                -29.725578085120585,
                -12.868558318800197,
                754.446727878244
            ],
            "obj_id": 7
        },
        {
            "cam_R_m2c": [
                0.9803580708717675,
                0.17805141148348,
                0.08482470225452915,
                0.19089934363066116,
                -0.9647172239319745,
                -0.18132091077604962,
                0.049547395172963055,
                0.19395226047809436,
                -0.979759286059381
            ],
            "cam_t_m2c": [
                -26.778071331470176,
                109.77183394300805,
                721.9856513273745
            ],
            "obj_id": 9
        }
    ],
    "67": [
        {
            "cam_R_m2c": [
                -0.97566707146037,
                0.21244201628442216,
                -0.05423661109070107,
                0.2147792538875727,
                0.8763145634288164,
                -0.431211020736539,
                -0.04407858352311924,
                -0.4323671615910406,
                -0.9006201015918557
            ],
            "cam_t_m2c": [
                -57.31662034016149,
                113.26920840027424,
                724.7610184359016
            ],
            "obj_id": 1
        },
        {
            "cam_R_m2c": [
                -0.36218226482008964,
                0.930275975030918,
                0.058395248176209516,
                -0.9042417095110982,
                -0.36586824851585636,
                0.22019882565417173,
                0.22621062754433624,
                0.026948375518238362,
                0.9737061152892077
            ],
            "cam_t_m2c": [
                -19.22002117909826,
                118.08581946478718,
                726.2635813190085
            ],
            "obj_id": 1
        },
        {
            "cam_R_m2c": [
                0.1774493269286787,
                -0.3995877252793172,
                0.899355943052044,
                -0.8768019096051867,
                0.3508078296821641,
                0.3288652181445955,
                -0.4469124248087873,
                -0.8469140046548013,
                -0.288108974726884
            ],
            "cam_t_m2c": [
                -15.573999268774141,
                75.84090591627968,
                748.0735280607829
            ],
            "obj_id": 1
        },
        {
            "cam_R_m2c": [
                0.18330019126317218,
                0.9574217667862394,
                0.22303396573659695,
                -0.025014889054462384,
                0.2313476940551426,
                -0.972549588346242,
                -0.9827391540243159,
                0.17268929543585143,
                0.06635533327607311
            ],
            "cam_t_m2c": [
                -62.79515488797803,
                56.76487826905648,
                753.4351851083347
            ],
            "obj_id": 4
        },
        {
            "cam_R_m2c": [
                -0.29974707900991615,
                -0.9533077788592129,
                0.03681583882244261,
                -0.942175168693286,
                0.2897431894811411,
                -0.16838936082585265,
                0.14985969197064403,
                -0.08516081540358941,
                -0.9850333694606681
            ],
            "cam_t_m2c": [
                -24.08813967855266,
                43.786344549647964,
                736.5502049766717
            ],
            "obj_id": 4
        },
        {
            "cam_R_m2c": [
                -0.7941996342033172,
                -0.5841031285822383,
                -0.16754104198492242,
                -0.5221662646951417,
                0.7970274155530955,
                -0.3034629535823994,
                0.3107885777094348,
                -0.15352560965628276,
                -0.9379985910608978
            ],
            "cam_t_m2c": [
                -6.55553993795755,
                -18.766389631683328,
                757.8789589406543
            ],
            "obj_id": 7
        },
        {
            "cam_R_m2c": [
                0.28294220452287144,
                0.9557980177143722,
                -0.07995918855355559,
                0.9495334406983728,
                -0.29090128785926483,
                -0.11731409224906399,
                -0.135388680216862,
                -0.04273114123829799,
                -0.989871215182657
            ],
            "cam_t_m2c": [
                -111.38696497490672,
                40.243839282444306,
                745.7611395868632
            ],
            "obj_id": 9
        }
    ],
    "86": [
        {
            "cam_R_m2c": [
                -0.07180893977468004,
                -0.9835405137100739,
                0.16580769504555512,
                -0.9001579929616026,
                -0.007695059980470764,
                -0.43549550438166473,
                0.42960305826274503,
                -0.18052527627669565,
                -0.8847892091146227
            ],
            "cam_t_m2c": [
                -119.04828974677072,
                -57.11060965318199,
                785.8255198196753
            ],
            "obj_id": 1
        },
        {
            "cam_R_m2c": [
                0.8667572527758828,
                0.4973439870299241,
                -0.037162758235175675,
                -0.398278463156135,
                0.7351022746376452,
                0.5486340387147287,
                0.3001779425564189,
                -0.46073111009735224,
                0.835236552916417
            ],
            "cam_t_m2c": [
                -127.14788975478947,
                -22.09105327834037,
                773.4813351049152
            ],
            "obj_id": 1
        },
        {
            "cam_R_m2c": [
                0.5398822626800954,
                -0.6281004624077862,
                -0.5603722588591182,
                -0.13787222064016882,
                -0.7227243613978915,
                0.6772452959698788,
                -0.8303727484373853,
                -0.2883730835886222,
                -0.476783181477649
            ],
            "cam_t_m2c": [
                -78.41722298157572,
                -18.83207299340123,
                781.0606763292975
            ],
            "obj_id": 1
        },
        {
            "cam_R_m2c": [
                -0.4571964501570246,
                -0.2368692328224687,
                0.8572424802063338,
                -0.05450244021126041,
                0.9695313178387073,
                0.23882755250017612,
                -0.8876941428623853,
                0.06246977446846767,
                -0.4561764278114667
            ],
            "cam_t_m2c": [
                -51.27531730662317,
                -53.02449508237379,
                799.9783847569316
            ],
            "obj_id": 4
        },
        {
            "cam_R_m2c": [
                0.9691189469860176,
                -0.21840555993315555,
                0.11449047829038218,
                -0.16833022964886943,
                -0.9252019341988241,
                -0.34009741313855885,
                0.18020554774908182,
                0.3103224162565896,
                -0.9333949595942437
            ],
            "cam_t_m2c": [
                -49.386554224753894,
                -31.1883953418461,
                754.0947670987932
            ],
            "obj_id": 4
        },
        {
            "cam_R_m2c": [
                0.6236962228220565,
                -0.7681498333537256,
                -0.14473763444080087,
                -0.7282450945485728,
                -0.5037431941866848,
                -0.4646528459808962,
                0.2840118860476365,
                0.3952065481590378,
                -0.8735841233315625
            ],
            "cam_t_m2c": [
                18.73481636483889,
                -3.405096374581173,
                755.9208641041913
            ],
            "obj_id": 7
        },
        {
            "cam_R_m2c": [
                -0.9902316440406785,
                0.08214942239856136,
                -0.11266333381045392,
                0.1338212248793912,
                0.7868696462087483,
                -0.6024353941200872,
                0.03916183799109167,
                -0.611626851131187,
                -0.7901765824851793
            ],
            "cam_t_m2c": [
                -36.71082554215281,
                -102.64172210847754,
                811.9831540430708
            ],
            "obj_id": 9
        }
    ],
    "92": [
        {
            "cam_R_m2c": [
                0.2089647854949987,
                -0.9750648185133812,
                0.07471597848804752,
                -0.8509680971407748,
